348
0.073624 0.020742
0.050216 0.023387
0.12861 0.020551
0.074742 0.024407
0.033441 0.023391
0.075607 0.024437
0.1526 0.020863
0.16186 0.022748
0.18663 0.021739
0.11504 0.027534
0.11034 0.026609
0.1155 0.02769
0.20158 0.024976
0.19094 0.026889
0.20549 0.027815
0.13275 0.027412
0.12376 0.027746
0.13145 0.027377
0.21173 0.029985
0.13588 0.028183
0.2178 0.028648
0.19363 0.039354
0.13467 0.02851
0.12875 0.029667
0.21339 0.032308
0.12893 0.030197
0.23872 0.025533
0.2065 0.038451
0.12636 0.030362
0.13363 0.030176
0.24743 0.028877
0.14445 0.030544
0.2558 0.027531
0.20571 0.038883
0.14432 0.030386
0.14017 0.030598
0.26164 0.025227
0.13046 0.031143
0.27211 0.02684
0.242 0.036134
0.12755 0.031896
0.27893 0.021784
0.10664 0.031306
0.2852 0.026412
0.2561 0.037622
0.10526 0.030346
0.28693 0.030289
0.10793 0.032782
0.2992 0.023716
0.12397 0.032625
0.12071 0.032647
0.30339 0.027804
0.26213 0.039647
0.30313 0.030086
0.27398 0.039646
0.14434 0.035691
0.31976 0.028233
0.28071 0.039417
0.32435 0.030675
0.13605 0.033422
0.14125 0.034256
0.13741 0.033421
0.33193 0.031575
0.12652 0.033999
0.34761 0.025833
0.1189 0.034084
0.12648 0.033995
0.11877 0.034122
0.3399 0.030472
0.10133 0.030122
0.34237 0.032903
0.25853 0.040115
0.108 0.03559
0.092445 0.028802
0.36176 0.027086
0.068629 0.030294
0.36608 0.027173
0.20967 0.038086
0.073601 0.030234
0.055729 0.030189
0.36865 0.02721
0.14457 0.036791
0.35931 0.039616
0.23659 0.037469
0.047556 0.028588
0.035242 0.026114
0.32685 0.038303
0.16252 0.038817
0.36616 0.037952
0.16887 0.039407
0.030159 0.026529
0.028309 0.028957
0.32061 0.037236
0.07458 0.032807
0.38042 0.029093
0.03398 0.032908
0.030754 0.031796
0.034043 0.032984
0.34792 0.038781
0.054612 0.031911
0.22171 0.037573
0.071107 0.03641
0.034231 0.033157
0.035337 0.034088
0.37531 0.037672
0.035881 0.034902
0.37253 0.039173
0.086349 0.031707
0.036779 0.035405
0.37558 0.0394
0.050016 0.032783
0.38467 0.036889
0.085401 0.032538
0.038535 0.03558
0.38422 0.03812
0.041272 0.035709
0.35438 0.039527
0.10742 0.038574
0.044369 0.035796
0.050387 0.036233
0.33766 0.038273
0.14393 0.03692
0.39342 0.026494
0.090548 0.036046
0.12595 0.038169
0.081996 0.036546
0.34498 0.038874
0.39383 0.027558
0.30378 0.038863
0.40151 0.022296
0.40085 0.026047
0.39521 0.032624
0.095857 0.037547
0.40286 0.032688
0.30954 0.037917
0.078676 0.036733
0.077329 0.03668
0.41931 0.032523
0.41441 0.035076
0.39612 0.036539
0.40188 0.034884
0.42424 0.038944
0.42391 0.039065
0.40961 0.037871
0.4019 0.035921
0.41042 0.038002
0.44273 0.037615
0.44487 0.021651
0.45418 0.024159
0.46683 0.020801
0.48973 0.021833
0.42695 0.025437
0.47125 0.023585
0.43417 0.030781
0.43475 0.032583
0.46706 0.031264
0.48396 0.022362
0.46532 0.039192
0.46826 0.040194
0.47696 0.030426
0.48067 0.0239
0.46171 0.040175
0.47128 0.040993
0.47452 0.028081
0.47898 0.027868
0.47188 0.040893
0.4846 0.039994
0.48781 0.026359
0.4864 0.032487
0.48445 0.04004
0.4838 0.027021
0.51742 0.02135
0.50548 0.021287
0.56925 0.020332
0.53664 0.022745
0.55474 0.025317
0.49469 0.021703
0.52378 0.030081
0.50412 0.024255
0.50221 0.025029
0.54249 0.030471
0.54761 0.034883
0.49832 0.025318
0.50939 0.029097
0.51551 0.035866
0.53929 0.036913
0.49942 0.028552
0.50881 0.03443
0.51144 0.038914
0.53989 0.040095
0.50776 0.034524
0.49732 0.030485
0.50872 0.039204
0.4919 0.039509
0.49271 0.028572
0.51653 0.03923
0.58438 0.021058
0.58591 0.025779
0.60678 0.029332
0.69337 0.040101
0.59257 0.033651
0.65304 0.035168
0.59449 0.037764
0.5594 0.0339
0.90007 0.038776
0.56879 0.033983
0.56407 0.038134
0.97031 0.03709
0.97087 0.029927
0.55732 0.0401
0.57337 0.038223
0.91775 0.037722
0.62305 0.033371
0.54371 0.039524
0.49185 0.03952
0.63241 0.035574
0.59647 0.038073
0.6163 0.030376
0.96497 0.039732
0.66441 0.034599
0.92593 0.036638
0.96354 0.025507
0.97473 0.026541
0.96804 0.027471
0.96943 0.028341
0.86702 0.037406
0.60949 0.038222
0.62709 0.027373
0.97593 0.027058
0.65469 0.034275
0.97627 0.027104
0.97623 0.027201
0.97611 0.026916
0.62383 0.025393
0.97556 0.026506
0.77971 0.038724
0.95078 0.038706
0.97549 0.026472
0.76692 0.036404
0.97022 0.02529
0.84982 0.037276
0.969 0.025134
0.97123 0.025418
0.96623 0.024875
0.65148 0.030257
0.95689 0.039202
0.69793 0.040078
0.95712 0.024307
0.96224 0.024562
0.96018 0.024457
0.65141 0.027025
0.93874 0.03835
0.66857 0.031823
0.89432 0.038727
0.95236 0.024282
0.67572 0.037694
0.86475 0.038268
0.71625 0.039877
0.93443 0.025279
0.93223 0.024046
0.93528 0.025342
0.68228 0.040112
0.94311 0.026437
0.6813 0.037033
0.94717 0.027501
0.94583 0.026958
0.94712 0.027474
0.68177 0.036788
0.95161 0.029091
0.69015 0.039866
0.82721 0.036305
0.95077 0.028844
0.95538 0.032645
0.69098 0.037563
0.79492 0.038879
0.68842 0.032388
0.94015 0.035078
0.94982 0.034198
0.94195 0.035579
0.69266 0.030366
0.73638 0.03893
0.69417 0.023812
0.73013 0.037952
0.92726 0.033637
0.92513 0.033407
0.7019 0.02736
0.92185 0.033411
0.71107 0.026742
0.73968 0.03972
0.91919 0.033253
0.91491 0.032978
0.72292 0.03715
0.75156 0.03927
0.72093 0.024415
0.80569 0.038606
0.90895 0.032111
0.91222 0.032175
0.73836 0.033525
0.91139 0.031917
0.74985 0.035897
0.77835 0.037225
0.91161 0.031982
0.91053 0.031532
0.73767 0.02665
0.80435 0.038408
0.74809 0.026722
0.7769 0.034956
0.90579 0.031407
0.76432 0.029245
0.79156 0.039808
0.75524 0.025452
0.78919 0.039403
0.88108 0.039149
0.87223 0.039495
0.77015 0.026575
0.79713 0.035123
0.77945 0.026584
0.81578 0.037605
0.8701 0.038598
0.87096 0.039475
0.78591 0.029336
0.87243 0.039448
0.8098 0.033492
0.81465 0.037575
0.87358 0.039335
0.88055 0.038825
0.81088 0.031797
0.84334 0.033646
0.81603 0.031597
0.83375 0.029063
0.87788 0.036697
0.87527 0.035376
0.81399 0.026685
0.83956 0.0305
0.82299 0.022688
0.85546 0.030496
0.87322 0.032943
0.874 0.030428
0.84042 0.024132
0.86073 0.028232
0.84959 0.023001
0.87686 0.025159
0.8741 0.028128
0.87444 0.026935
0.86722 0.022288
0.88342 0.023815
0.95056 0.020338
0.95003 0.022098
