348
0.06839 0.020748
0.047032 0.023894
0.12188 0.020565
0.069543 0.024403
0.032243 0.02376
0.070435 0.024401
0.14556 0.020882
0.15528 0.022471
0.17977 0.021889
0.10995 0.028309
0.10597 0.027046
0.11035 0.028509
0.19446 0.024906
0.184 0.027361
0.19849 0.02767
0.12639 0.027493
0.11751 0.028276
0.12476 0.027499
0.20507 0.029997
0.1302 0.02819
0.21085 0.029011
0.18848 0.039459
0.12883 0.028542
0.12193 0.029916
0.20699 0.032551
0.122 0.030471
0.23124 0.025506
0.20107 0.038681
0.11966 0.030713
0.12736 0.030278
0.23982 0.028858
0.13868 0.031486
0.2483 0.027139
0.20037 0.038987
0.13849 0.031265
0.13436 0.030667
0.25423 0.024707
0.12329 0.031429
0.26687 0.025755
0.23448 0.036124
0.12052 0.03231
0.275 0.021665
0.10255 0.031758
0.28143 0.026732
0.24916 0.036636
0.10098 0.030619
0.28321 0.030916
0.10402 0.033479
0.294 0.023851
0.11725 0.033573
0.11441 0.034426
0.29843 0.02781
0.25621 0.037522
0.29823 0.030122
0.27197 0.037379
0.14028 0.037496
0.31373 0.02899
0.27993 0.039572
0.31782 0.031663
0.13055 0.033514
0.13619 0.034641
0.13197 0.033473
0.3251 0.032095
0.11932 0.034587
0.34023 0.025535
0.11277 0.036113
0.11928 0.034583
0.11266 0.036147
0.33302 0.030584
0.096874 0.029957
0.33509 0.032812
0.25178 0.038377
0.10438 0.036565
0.087985 0.028675
0.35693 0.026029
0.062957 0.030835
0.36223 0.026438
0.20419 0.038418
0.068488 0.030322
0.051266 0.031804
0.36519 0.026496
0.14082 0.038379
0.35473 0.036617
0.22969 0.038038
0.044573 0.029819
0.033883 0.026807
0.31983 0.040059
0.15972 0.036189
0.36424 0.036043
0.16803 0.03975
0.029254 0.027168
0.027565 0.029833
0.31496 0.039194
0.069802 0.03279
0.37732 0.028911
0.032002 0.03438
0.029398 0.032954
0.032043 0.034469
0.33965 0.038436
0.049762 0.033897
0.21522 0.038659
0.065499 0.036948
0.032171 0.034674
0.032925 0.035771
0.37395 0.03704
0.033218 0.036716
0.37115 0.038264
0.082868 0.03159
0.033843 0.037238
0.37477 0.038653
0.045338 0.034788
0.38347 0.036564
0.082187 0.032436
0.035218 0.037485
0.38335 0.037752
0.037363 0.03776
0.34832 0.037364
0.10417 0.039648
0.039695 0.038007
0.044474 0.038548
0.3303 0.038917
0.14002 0.038114
0.39058 0.026631
0.089323 0.036367
0.11824 0.039026
0.079819 0.036474
0.33676 0.038775
0.391 0.027717
0.30003 0.038506
0.39803 0.02232
0.39737 0.026126
0.39297 0.032929
0.094026 0.037738
0.39955 0.032749
0.30603 0.039199
0.075602 0.03612
0.073843 0.036144
0.41734 0.030943
0.41176 0.033538
0.39439 0.037026
0.39883 0.035026
0.42449 0.037112
0.42407 0.037155
0.40604 0.036766
0.39894 0.036074
0.40703 0.036747
0.44306 0.039931
0.44371 0.021872
0.45142 0.024625
0.46447 0.02074
0.48855 0.021804
0.42607 0.024919
0.46965 0.023215
0.43388 0.030683
0.43483 0.032698
0.46469 0.030397
0.483 0.02231
0.46227 0.037984
0.46643 0.038597
0.47559 0.029852
0.47965 0.023815
0.45778 0.039578
0.4705 0.038888
0.47298 0.027413
0.4778 0.027608
0.4712 0.038836
0.48517 0.039676
0.48669 0.026245
0.48564 0.032255
0.48504 0.039719
0.48285 0.026865
0.51753 0.021233
0.50466 0.021229
0.57189 0.020359
0.53913 0.022514
0.5581 0.02531
0.49371 0.021685
0.52453 0.029022
0.50327 0.024079
0.50138 0.024846
0.54528 0.029839
0.55067 0.034276
0.49748 0.02518
0.50887 0.028595
0.5153 0.034583
0.54179 0.035666
0.49863 0.028303
0.50834 0.03365
0.51111 0.037728
0.54239 0.03866
0.50724 0.03378
0.49649 0.030245
0.50836 0.038156
0.492 0.039428
0.49164 0.028528
0.51626 0.037626
0.58586 0.021162
0.58727 0.026394
0.6071 0.028643
0.68589 0.038872
0.59295 0.034907
0.64826 0.038767
0.59458 0.039172
0.56288 0.034357
0.90221 0.039485
0.57169 0.03514
0.56741 0.039319
0.97016 0.035694
0.97001 0.029088
0.56079 0.040453
0.576 0.039924
0.916 0.039115
0.62434 0.034276
0.54648 0.038439
0.49195 0.039439
0.63259 0.038482
0.59623 0.03919
0.618 0.030324
0.96543 0.038809
0.65727 0.038172
0.92336 0.037251
0.96199 0.025291
0.97424 0.025975
0.9669 0.026966
0.96843 0.027705
0.86504 0.035306
0.61051 0.03725
0.62772 0.02836
0.97555 0.026448
0.64961 0.037691
0.97591 0.02649
0.97587 0.026579
0.97574 0.026318
0.6248 0.025776
0.97513 0.025943
0.77054 0.03893
0.9507 0.03933
0.97507 0.025912
0.76065 0.038427
0.9693 0.024859
0.84405 0.035873
0.96796 0.024757
0.9704 0.02495
0.96493 0.024601
0.64758 0.032689
0.95777 0.039382
0.69051 0.039655
0.95558 0.024314
0.96058 0.024422
0.95855 0.024379
0.6478 0.028694
0.93629 0.038224
0.66103 0.03455
0.89682 0.03854
0.95096 0.024415
0.66545 0.039843
0.86226 0.036147
0.71086 0.038528
0.93303 0.025185
0.93079 0.023957
0.9339 0.025256
0.67114 0.040241
0.94197 0.026436
0.67065 0.037389
0.94592 0.027558
0.94462 0.026993
0.94587 0.027531
0.67134 0.036966
0.95024 0.029362
0.68187 0.037959
0.82164 0.036706
0.94942 0.029056
0.95455 0.032842
0.68309 0.036027
0.78873 0.037008
0.68055 0.031146
0.93824 0.035017
0.94907 0.034483
0.94057 0.035596
0.68552 0.029611
0.72954 0.039853
0.68721 0.023588
0.72445 0.038731
0.92518 0.033996
0.92302 0.033923
0.69494 0.027222
0.91963 0.034187
0.70429 0.026308
0.73284 0.040373
0.9175 0.034184
0.91393 0.034177
0.71776 0.036916
0.74691 0.039335
0.71537 0.024236
0.80091 0.037724
0.9088 0.033276
0.91163 0.033482
0.73159 0.0341
0.91091 0.033252
0.74427 0.035748
0.76955 0.037725
0.9111 0.03331
0.91015 0.032816
0.73106 0.026955
0.79949 0.037172
0.74166 0.026544
0.7685 0.035595
0.90604 0.032154
0.75761 0.03011
0.78451 0.037709
0.74912 0.025567
0.78167 0.037178
0.88275 0.037538
0.87186 0.037539
0.76275 0.027336
0.79152 0.0336
0.77093 0.026642
0.8111 0.037619
0.86902 0.036646
0.87024 0.037489
0.77807 0.028601
0.87212 0.037506
0.80488 0.033264
0.81002 0.037584
0.87358 0.037454
0.8821 0.037228
0.80592 0.031603
0.83732 0.033221
0.81121 0.031564
0.82851 0.029073
0.8786 0.035172
0.8749 0.033877
0.80906 0.026606
0.83374 0.030299
0.81776 0.02272
0.85114 0.029318
0.87199 0.031595
0.87249 0.029335
0.83482 0.024027
0.85729 0.027256
0.84477 0.022733
0.87562 0.024646
0.87249 0.027276
0.87287 0.026212
0.86475 0.022001
0.8829 0.023484
0.94921 0.020346
0.9487 0.022136
