348
0.061547 0.020918
0.042329 0.024346
0.10838 0.020591
0.062385 0.025466
0.029842 0.024636
0.063034 0.025515
0.13155 0.020929
0.1401 0.022785
0.16518 0.021795
0.096616 0.028532
0.092669 0.027374
0.096997 0.028718
0.18013 0.025227
0.16923 0.026779
0.18357 0.028456
0.1127 0.027731
0.10404 0.028591
0.11132 0.027782
0.18926 0.031582
0.11582 0.028369
0.19411 0.029789
0.17079 0.039826
0.11462 0.028742
0.10832 0.030374
0.19094 0.034258
0.10841 0.030936
0.21323 0.026038
0.18472 0.039803
0.10603 0.031262
0.11349 0.030537
0.22118 0.029803
0.12409 0.031245
0.22867 0.027552
0.18413 0.040398
0.12396 0.03107
0.11985 0.030982
0.23518 0.025094
0.10986 0.031864
0.24585 0.026442
0.21828 0.038159
0.10696 0.03277
0.25359 0.021617
0.088526 0.032551
0.26021 0.026093
0.22915 0.037503
0.08742 0.031471
0.26151 0.02974
0.089906 0.034147
0.27521 0.023716
0.10385 0.033943
0.1012 0.034326
0.27953 0.028038
0.23516 0.038788
0.27893 0.030283
0.24638 0.038441
0.12403 0.036558
0.29275 0.030045
0.25344 0.038184
0.29619 0.032652
0.11572 0.03372
0.12084 0.034885
0.11714 0.033764
0.30237 0.033044
0.10583 0.035166
0.31705 0.02614
0.099726 0.035997
0.1058 0.035167
0.099619 0.036042
0.31005 0.0317
0.084079 0.031086
0.31162 0.03396
0.23149 0.040242
0.090128 0.037115
0.076492 0.030666
0.33179 0.026613
0.058271 0.032625
0.33688 0.026264
0.18781 0.040527
0.061966 0.032641
0.047362 0.032545
0.34008 0.026119
0.12424 0.038624
0.33018 0.037674
0.21434 0.040085
0.040287 0.031163
0.03116 0.028306
0.29573 0.041225
0.14084 0.038889
0.34042 0.034779
0.14846 0.038484
0.027439 0.028913
0.02613 0.032232
0.29062 0.04065
0.063164 0.035806
0.35437 0.028492
0.031011 0.037499
0.028288 0.03608
0.031076 0.037594
0.31475 0.039954
0.047057 0.034747
0.19898 0.038908
0.061587 0.040059
0.031259 0.037809
0.032341 0.038945
0.35316 0.035753
0.032966 0.039957
0.34982 0.035854
0.071822 0.034435
0.033836 0.040569
0.35487 0.037816
0.043725 0.0362
0.36174 0.038366
0.071144 0.035543
0.03536 0.040661
0.36216 0.041037
0.037834 0.040549
0.3234 0.039078
0.08961 0.040272
0.040291 0.040429
0.045268 0.040639
0.3052 0.041237
0.12359 0.03881
0.36555 0.02809
0.074449 0.039516
0.10489 0.040356
0.068994 0.041273
0.31217 0.040658
0.36584 0.02944
0.27816 0.039619
0.37191 0.022963
0.37135 0.027839
0.36735 0.035923
0.078328 0.04135
0.37284 0.035717
0.28314 0.040423
0.066689 0.041459
0.065747 0.041471
0.38673 0.033454
0.38195 0.036797
0.3684 0.041355
0.37219 0.038448
0.39138 0.040615
0.3911 0.040866
0.37739 0.041762
0.37223 0.039602
0.37807 0.041901
0.40805 0.039201
0.409 0.021792
0.41862 0.023892
0.43309 0.020667
0.46091 0.02144
0.39396 0.026116
0.43821 0.022936
0.39971 0.032712
0.4003 0.034537
0.43329 0.029366
0.45418 0.021818
0.43113 0.036419
0.4346 0.03667
0.44514 0.028687
0.44998 0.02311
0.4274 0.039183
0.43706 0.037076
0.44206 0.026601
0.44782 0.026472
0.43759 0.036886
0.45196 0.035156
0.45847 0.024978
0.4563 0.029673
0.45174 0.035249
0.45398 0.0254
0.49733 0.021079
0.4807 0.020987
0.55521 0.020319
0.51844 0.022432
0.53844 0.024577
0.4679 0.021394
0.50412 0.028772
0.47904 0.023301
0.47681 0.023943
0.52512 0.029572
0.52975 0.033
0.47233 0.024171
0.48593 0.02699
0.49225 0.032047
0.51863 0.034978
0.47364 0.026658
0.48342 0.030949
0.48508 0.034364
0.51793 0.038169
0.48197 0.030995
0.47084 0.028322
0.48127 0.034677
0.46095 0.035315
0.46549 0.026957
0.49243 0.034935
0.5707 0.02106
0.57239 0.025819
0.59639 0.026988
0.68016 0.039011
0.57768 0.032315
0.64435 0.038914
0.57747 0.035601
0.54463 0.032201
0.9132 0.039114
0.5543 0.033198
0.54979 0.035554
0.97117 0.038354
0.97153 0.03066
0.54076 0.037282
0.55996 0.036649
0.92642 0.04154
0.61793 0.034028
0.52336 0.037733
0.46082 0.035313
0.62632 0.037253
0.57869 0.035831
0.61003 0.029032
0.96617 0.041465
0.65077 0.037769
0.93176 0.040392
0.96468 0.026089
0.9751 0.027027
0.96886 0.02813
0.97016 0.029033
0.87244 0.032085
0.5995 0.033821
0.61994 0.028472
0.97621 0.027583
0.645 0.037491
0.97652 0.027633
0.97649 0.027737
0.97638 0.02743
0.61721 0.025718
0.97586 0.02699
0.76478 0.036884
0.9532 0.042537
0.97581 0.026953
0.75532 0.038789
0.9709 0.025698
0.84685 0.035539
0.96976 0.025568
0.97184 0.02582
0.96719 0.025339
0.6415 0.032406
0.95908 0.041871
0.68437 0.038902
0.95907 0.024873
0.96345 0.025067
0.96168 0.024989
0.64054 0.028438
0.94102 0.041582
0.65394 0.03368
0.90788 0.038614
0.9549 0.024923
0.6602 0.037526
0.86914 0.032524
0.70331 0.038735
0.93919 0.026213
0.93737 0.024797
0.93989 0.026271
0.66764 0.038963
0.94679 0.027361
0.66637 0.036069
0.95035 0.028458
0.94917 0.027883
0.95031 0.02843
0.66687 0.035809
0.95429 0.030486
0.67704 0.038
0.82647 0.036134
0.95351 0.030145
0.95759 0.034341
0.67755 0.036054
0.7882 0.034486
0.6747 0.031468
0.94308 0.037227
0.95251 0.0361
0.945 0.0377
0.6787 0.029751
0.72151 0.038491
0.68024 0.023691
0.71487 0.038384
0.93298 0.036781
0.9314 0.036303
0.68817 0.026825
0.92891 0.035932
0.69845 0.025975
0.72585 0.038163
0.9271 0.035487
0.92437 0.034774
0.71014 0.03728
0.74229 0.039733
0.70947 0.024392
0.80138 0.034332
0.9191 0.033057
0.92209 0.03359
0.72554 0.032428
0.92134 0.033217
0.73956 0.036105
0.76354 0.035764
0.92154 0.033311
0.92047 0.032689
0.72569 0.026156
0.80014 0.034116
0.73714 0.026664
0.76242 0.033957
0.91575 0.031906
0.75175 0.030652
0.7831 0.034233
0.74392 0.026026
0.7793 0.033772
0.89464 0.037257
0.88333 0.035276
0.75681 0.027457
0.79022 0.031563
0.76532 0.025935
0.81547 0.035086
0.87848 0.033434
0.88089 0.034705
0.77424 0.027076
0.88355 0.03518
0.8053 0.030524
0.81347 0.034608
0.8852 0.035244
0.89365 0.036377
0.80658 0.02944
0.84077 0.032183
0.81413 0.030144
0.83135 0.02955
0.88941 0.033876
0.88558 0.032288
0.81077 0.0258
0.83716 0.030016
0.821 0.022578
0.85496 0.028221
0.88141 0.030052
0.88137 0.02818
0.83765 0.023914
0.8621 0.026023
0.84765 0.022553
0.88469 0.024235
0.88127 0.026379
0.88173 0.025476
0.87119 0.021634
0.89167 0.023473
0.95332 0.020387
0.95286 0.022389
