348
0.078999 0.02051
0.048591 0.0231
0.15593 0.020533
0.080487 0.023007
0.031939 0.023772
0.081722 0.023016
0.18019 0.021103
0.1869 0.023415
0.20879 0.02187
0.14248 0.026301
0.13678 0.024787
0.14302 0.026515
0.2231 0.024936
0.21266 0.027056
0.22715 0.027775
0.16046 0.026992
0.15138 0.027503
0.15915 0.027075
0.23455 0.029723
0.16433 0.027601
0.23987 0.028605
0.21561 0.04191
0.16283 0.02789
0.15597 0.029339
0.23787 0.032171
0.15609 0.029848
0.25911 0.025402
0.23205 0.037749
0.15352 0.029858
0.16158 0.029471
0.26927 0.02765
0.17465 0.030887
0.27887 0.026982
0.23178 0.039961
0.17442 0.030669
0.1702 0.030393
0.28504 0.025483
0.15791 0.03082
0.29481 0.026926
0.26542 0.034204
0.15486 0.031233
0.30221 0.021726
0.13162 0.02729
0.30814 0.026989
0.27915 0.035788
0.129 0.026697
0.30893 0.030963
0.13522 0.028641
0.32221 0.023888
0.15235 0.032329
0.1504 0.032416
0.32614 0.02873
0.2846 0.040529
0.32538 0.031048
0.29429 0.041126
0.17697 0.036219
0.33753 0.030617
0.30153 0.041155
0.34062 0.032596
0.16557 0.032321
0.17339 0.03421
0.16755 0.032518
0.34772 0.031282
0.15425 0.033207
0.36467 0.025817
0.14976 0.033591
0.15422 0.03321
0.14967 0.033603
0.35758 0.030386
0.12257 0.026256
0.35951 0.032214
0.28232 0.044187
0.13841 0.030899
0.10828 0.025555
0.37874 0.027071
0.073021 0.027174
0.38402 0.02674
0.23815 0.041333
0.079998 0.026768
0.055599 0.02823
0.38741 0.026866
0.17932 0.042468
0.37653 0.038613
0.26157 0.04083
0.044371 0.028096
0.033086 0.026662
0.33734 0.042807
0.19132 0.044052
0.38681 0.036141
0.20032 0.043071
0.028677 0.027347
0.027231 0.030266
0.33172 0.043338
0.08504 0.028112
0.39813 0.029327
0.033939 0.034486
0.030312 0.033824
0.034038 0.034546
0.36215 0.03949
0.05624 0.029706
0.25006 0.040698
0.084969 0.030315
0.034312 0.034671
0.035954 0.035279
0.39492 0.038454
0.037036 0.035924
0.3919 0.043531
0.10196 0.027033
0.038409 0.036291
0.39444 0.043353
0.052069 0.031266
0.39968 0.037151
0.10183 0.027498
0.040585 0.036073
0.39723 0.045246
0.044924 0.035442
0.37158 0.042119
0.14262 0.035078
0.048599 0.034968
0.05617 0.033902
0.35002 0.041861
0.17911 0.043329
0.41283 0.027225
0.11374 0.029855
0.15589 0.040469
0.10768 0.03134
0.35989 0.040775
0.41346 0.028677
0.32173 0.042399
0.43483 0.022719
0.4322 0.027854
0.41512 0.035645
0.12658 0.032999
0.43346 0.034
0.32513 0.043239
0.10291 0.03165
0.1007 0.031869
0.45271 0.033178
0.44797 0.035867
0.41459 0.043883
0.42274 0.042035
0.45461 0.039031
0.45342 0.040728
0.44238 0.041787
0.42028 0.048965
0.44335 0.045418
0.47439 0.049024
0.47646 0.022602
0.48349 0.025218
0.49423 0.021045
0.50789 0.022558
0.46443 0.025459
0.4974 0.02526
0.47094 0.034699
0.47116 0.036727
0.49392 0.034608
0.50455 0.023626
0.49131 0.04347
0.49386 0.046512
0.50024 0.037451
0.50281 0.026382
0.4871 0.049406
0.49497 0.050408
0.49935 0.032675
0.50188 0.033313
0.49526 0.050202
0.50112 0.052681
0.50651 0.029327
0.50447 0.039234
0.50101 0.053165
0.50446 0.030791
0.52972 0.022191
0.52219 0.021742
0.56399 0.020543
0.54165 0.024149
0.55381 0.027192
0.51286 0.022064
0.53341 0.036479
0.52123 0.025649
0.51971 0.026469
0.54543 0.036045
0.54753 0.040732
0.51628 0.026104
0.52463 0.033343
0.52682 0.043399
0.54148 0.045663
0.51725 0.030082
0.52327 0.039821
0.52379 0.047201
0.54051 0.056525
0.52229 0.03934
0.51473 0.032054
0.52071 0.045908
0.50434 0.052177
0.51095 0.030885
0.52655 0.052878
0.5741 0.021341
0.57565 0.027276
0.59209 0.031638
0.66335 0.045832
0.58467 0.037023
0.62835 0.042312
0.5884 0.04368
0.55789 0.038942
0.8527 0.036453
0.56268 0.04243
0.56018 0.04615
0.96521 0.032564
0.96814 0.027615
0.55486 0.048289
0.5654 0.049975
0.87096 0.034229
0.61182 0.040119
0.54339 0.051898
0.50429 0.05223
0.62023 0.052454
0.58983 0.049006
0.60189 0.031581
0.95138 0.03411
0.63469 0.040553
0.88283 0.032259
0.95851 0.024162
0.97331 0.025148
0.96476 0.02571
0.96644 0.026399
0.80779 0.042751
0.59723 0.041196
0.60953 0.032006
0.97483 0.025555
0.62849 0.039343
0.97525 0.025591
0.9752 0.025668
0.97506 0.025443
0.60695 0.027549
0.97435 0.02512
0.72532 0.043587
0.92448 0.03235
0.97427 0.025093
0.71958 0.043122
0.96758 0.024057
0.79102 0.044249
0.96602 0.023941
0.96886 0.024179
0.96236 0.023711
0.62541 0.034162
0.93806 0.032828
0.66641 0.04522
0.95012 0.023135
0.9566 0.023439
0.95386 0.023312
0.62433 0.029962
0.89768 0.031763
0.63691 0.034775
0.84679 0.036682
0.94378 0.022907
0.64394 0.037683
0.80456 0.043617
0.67968 0.049549
0.91278 0.023271
0.90949 0.022512
0.91411 0.023287
0.65506 0.043215
0.92793 0.023759
0.65083 0.037696
0.93536 0.02449
0.93284 0.024138
0.93526 0.024471
0.65134 0.037435
0.94234 0.026089
0.66031 0.041415
0.7749 0.042287
0.94117 0.025782
0.94449 0.028629
0.65998 0.039036
0.74219 0.04235
0.65619 0.033253
0.91342 0.028293
0.93447 0.028779
0.91866 0.028287
0.65836 0.031506
0.69394 0.047848
0.65943 0.024422
0.69109 0.048397
0.89213 0.029356
0.89054 0.029103
0.66612 0.029019
0.88683 0.028887
0.67325 0.029109
0.69542 0.04514
0.88454 0.028814
0.88103 0.028776
0.68518 0.041906
0.70268 0.043274
0.68022 0.026004
0.75252 0.040639
0.87242 0.029111
0.878 0.028518
0.69347 0.037928
0.87686 0.028506
0.70044 0.037524
0.72467 0.039596
0.87717 0.028505
0.87575 0.028426
0.69284 0.029053
0.75135 0.039952
0.69964 0.027649
0.72417 0.037141
0.86889 0.028768
0.71623 0.031633
0.73922 0.03942
0.70836 0.025418
0.73697 0.038409
0.83175 0.043119
0.82538 0.041823
0.72079 0.029085
0.74456 0.036161
0.72719 0.027695
0.76665 0.041517
0.81873 0.040305
0.82277 0.040182
0.7342 0.029458
0.82593 0.040706
0.75642 0.033538
0.76476 0.039316
0.82718 0.041075
0.83383 0.037826
0.75747 0.032249
0.78509 0.034992
0.76433 0.033403
0.77691 0.032154
0.83337 0.036282
0.83177 0.035487
0.76149 0.027633
0.78199 0.031859
0.76871 0.023404
0.79485 0.031937
0.83033 0.033509
0.83305 0.030995
0.78207 0.024621
0.79881 0.029602
0.79006 0.023619
0.83843 0.025131
0.83467 0.02856
0.83542 0.027247
0.81002 0.022789
0.84419 0.023472
0.94116 0.02022
0.94032 0.021343
