348
0.068631 0.020734
0.046613 0.023811
0.12642 0.020566
0.069724 0.024336
0.031801 0.023854
0.070571 0.024347
0.14986 0.020978
0.15769 0.022928
0.18194 0.021831
0.11423 0.027695
0.10962 0.026295
0.11466 0.027903
0.19717 0.024695
0.18587 0.026914
0.2013 0.027387
0.13087 0.027468
0.12199 0.028135
0.12937 0.027486
0.20797 0.030296
0.13429 0.028154
0.21342 0.029083
0.18861 0.039261
0.133 0.02849
0.12645 0.02994
0.21018 0.032818
0.12661 0.030478
0.23319 0.02545
0.20313 0.037661
0.12425 0.030752
0.13184 0.030205
0.24233 0.02837
0.14294 0.031487
0.2512 0.026555
0.20241 0.037849
0.14277 0.031287
0.13865 0.0308
0.25844 0.024453
0.12816 0.031371
0.27063 0.026138
0.23863 0.035619
0.12538 0.032279
0.27815 0.021705
0.10533 0.030194
0.28441 0.026447
0.25336 0.035184
0.10367 0.029153
0.28606 0.030422
0.10734 0.031743
0.29805 0.023728
0.12233 0.033211
0.11961 0.033467
0.30217 0.027679
0.26115 0.036724
0.30181 0.02992
0.27457 0.038058
0.14385 0.037082
0.31912 0.028189
0.2816 0.038834
0.32353 0.030517
0.13488 0.033381
0.14033 0.034712
0.13631 0.033471
0.33062 0.031455
0.12453 0.034491
0.34736 0.025312
0.11827 0.03499
0.1245 0.034488
0.11817 0.035025
0.33904 0.030155
0.099068 0.028596
0.3412 0.032196
0.25693 0.037306
0.10814 0.03435
0.088612 0.02783
0.36398 0.026319
0.063747 0.030503
0.36896 0.026458
0.20682 0.038257
0.068608 0.030132
0.051482 0.031174
0.37166 0.026583
0.14439 0.038791
0.36171 0.037215
0.23349 0.037362
0.044263 0.029708
0.033382 0.026944
0.32531 0.038094
0.15957 0.039778
0.37041 0.035995
0.16677 0.0393
0.02892 0.027433
0.027295 0.030202
0.31994 0.037154
0.06957 0.032613
0.38414 0.028599
0.032274 0.034668
0.029442 0.033422
0.03233 0.034754
0.34636 0.037258
0.050495 0.033138
0.21863 0.038535
0.066186 0.036479
0.032494 0.034949
0.033465 0.036
0.38113 0.036513
0.033943 0.036922
0.37803 0.037772
0.082029 0.030752
0.034731 0.037487
0.38197 0.038288
0.046436 0.034395
0.3901 0.036707
0.081037 0.031599
0.036273 0.037674
0.39003 0.038562
0.038706 0.037802
0.35484 0.037223
0.10817 0.036964
0.041448 0.037878
0.046764 0.038254
0.33499 0.037742
0.14376 0.038739
0.3971 0.026706
0.086795 0.034387
0.12418 0.038927
0.077495 0.035664
0.34297 0.037823
0.39748 0.027802
0.30289 0.038693
0.4046 0.022438
0.40396 0.026451
0.39916 0.033089
0.093292 0.035226
0.4064 0.03309
0.30934 0.037346
0.073859 0.036128
0.072396 0.036194
0.42275 0.031213
0.41796 0.033998
0.40056 0.037233
0.40577 0.035343
0.42988 0.036588
0.42954 0.036701
0.41347 0.037411
0.40596 0.036337
0.41427 0.037406
0.45065 0.03806
0.44995 0.021708
0.45905 0.02415
0.47282 0.020667
0.49722 0.021843
0.43143 0.024856
0.47862 0.022979
0.43976 0.030289
0.44085 0.03199
0.47308 0.029358
0.492 0.022354
0.47185 0.036316
0.47629 0.036562
0.4852 0.029774
0.48903 0.023877
0.46785 0.039053
0.48091 0.037623
0.48246 0.02717
0.48735 0.027666
0.4816 0.037645
0.4934 0.039863
0.49543 0.026408
0.4943 0.032537
0.49329 0.039933
0.49185 0.026993
0.52565 0.021376
0.51374 0.021263
0.58098 0.020338
0.54487 0.02254
0.56485 0.024699
0.50266 0.021679
0.53158 0.030331
0.51237 0.024187
0.51048 0.024929
0.55162 0.029555
0.55711 0.033457
0.50648 0.025123
0.51761 0.029085
0.52231 0.035805
0.54798 0.035407
0.50768 0.028224
0.51634 0.03425
0.51803 0.038797
0.54869 0.038365
0.51536 0.034266
0.50532 0.030145
0.51568 0.039046
0.49938 0.039456
0.50061 0.028518
0.52267 0.039425
0.5945 0.021215
0.59588 0.026658
0.61536 0.02926
0.69176 0.039718
0.60084 0.034805
0.65563 0.039664
0.60162 0.038943
0.57038 0.03253
0.90102 0.038575
0.58073 0.034045
0.57655 0.03684
0.96936 0.035358
0.96985 0.028914
0.56832 0.037803
0.58564 0.038751
0.91629 0.039341
0.63203 0.036881
0.55311 0.037586
0.49931 0.039475
0.63966 0.039744
0.60318 0.039385
0.62546 0.031549
0.96333 0.038069
0.66226 0.037946
0.92295 0.038345
0.96168 0.025108
0.97414 0.025876
0.96668 0.026813
0.96824 0.027566
0.86351 0.036752
0.61885 0.038641
0.63367 0.030042
0.97547 0.026341
0.65631 0.037975
0.97584 0.026382
0.9758 0.02647
0.97567 0.026213
0.63127 0.026922
0.97505 0.025845
0.77592 0.038634
0.94783 0.038989
0.97498 0.025814
0.76735 0.039132
0.96912 0.02477
0.84527 0.039111
0.96775 0.024665
0.97024 0.024866
0.96468 0.024476
0.65294 0.033024
0.95495 0.038451
0.69598 0.039796
0.95504 0.024093
0.96021 0.024252
0.95814 0.024188
0.65196 0.028888
0.93338 0.039026
0.66527 0.033974
0.89465 0.038407
0.95006 0.024141
0.6717 0.038534
0.86051 0.037926
0.71364 0.039602
0.93166 0.025554
0.92969 0.024325
0.93242 0.025586
0.67884 0.039778
0.94037 0.026337
0.67754 0.036754
0.94463 0.027153
0.94322 0.026706
0.94457 0.027131
0.67802 0.036496
0.94932 0.028824
0.68853 0.039004
0.82581 0.037658
0.9484 0.028542
0.95326 0.032064
0.68885 0.036917
0.79471 0.036459
0.68558 0.032042
0.93582 0.035118
0.94713 0.033552
0.93805 0.035384
0.68929 0.030144
0.73014 0.037752
0.69072 0.023784
0.72383 0.038398
0.92452 0.035141
0.92278 0.034735
0.69825 0.027077
0.92004 0.034536
0.70832 0.026196
0.73435 0.037196
0.91791 0.034233
0.91447 0.033718
0.71952 0.037616
0.75319 0.038227
0.71876 0.024481
0.80477 0.038081
0.90867 0.032358
0.91183 0.032731
0.73479 0.031776
0.91101 0.032418
0.75009 0.03456
0.77477 0.037259
0.91122 0.032497
0.91015 0.031979
0.73532 0.02583
0.80383 0.037659
0.74774 0.026046
0.77371 0.035159
0.90552 0.031524
0.76365 0.03059
0.79039 0.036444
0.75526 0.025637
0.7873 0.03601
0.88008 0.038459
0.86933 0.038676
0.76831 0.027664
0.79738 0.033486
0.77645 0.026482
0.81506 0.037906
0.86697 0.03736
0.86782 0.038557
0.78428 0.027999
0.86959 0.038539
0.80972 0.033155
0.81392 0.037562
0.87099 0.038301
0.87949 0.037946
0.81121 0.031601
0.84125 0.034601
0.81667 0.031688
0.83366 0.029929
0.87639 0.035812
0.87358 0.034499
0.81505 0.026712
0.83871 0.031479
0.82404 0.022802
0.85333 0.031089
0.87146 0.032191
0.87257 0.029867
0.84007 0.024527
0.85857 0.028374
0.84824 0.023285
0.87564 0.024914
0.87271 0.027699
0.87309 0.026573
0.86538 0.022218
0.88253 0.023683
0.94817 0.020326
0.94762 0.022009
