348
0.062967 0.020884
0.043854 0.024282
0.11407 0.020568
0.063915 0.025236
0.030676 0.024292
0.064648 0.025257
0.13642 0.020928
0.14527 0.022903
0.16905 0.021787
0.10109 0.027764
0.096551 0.026784
0.10153 0.027929
0.18324 0.025203
0.17317 0.027234
0.18703 0.028149
0.11819 0.027753
0.10932 0.02803
0.11689 0.027681
0.19303 0.030356
0.12142 0.028668
0.19893 0.029227
0.17641 0.040214
0.12018 0.028968
0.11417 0.029981
0.1946 0.032881
0.11438 0.030541
0.21764 0.026008
0.18796 0.039327
0.11185 0.030629
0.11908 0.030691
0.22598 0.028943
0.12896 0.031564
0.23462 0.027102
0.18722 0.03972
0.12884 0.031383
0.12522 0.031429
0.2408 0.024736
0.11599 0.031588
0.25293 0.025866
0.22098 0.037223
0.11316 0.032268
0.26084 0.021605
0.093044 0.031594
0.2678 0.026091
0.23552 0.036536
0.091544 0.030586
0.26961 0.029873
0.094511 0.033148
0.28166 0.023823
0.10969 0.033086
0.10655 0.033203
0.28566 0.028114
0.24238 0.037638
0.28538 0.03048
0.25664 0.037141
0.12913 0.037311
0.3009 0.028898
0.26481 0.038021
0.30518 0.031513
0.12191 0.03431
0.12642 0.03551
0.1231 0.034381
0.31245 0.032187
0.11231 0.034426
0.327 0.02604
0.10494 0.034689
0.11227 0.034419
0.10482 0.034727
0.32018 0.031234
0.087643 0.0304
0.32255 0.033751
0.23839 0.038497
0.094915 0.036098
0.079143 0.029724
0.34178 0.026302
0.0584 0.032447
0.34684 0.02653
0.19098 0.038796
0.062933 0.032208
0.047823 0.032896
0.34986 0.02669
0.12937 0.038532
0.33916 0.037744
0.21646 0.039448
0.041572 0.030861
0.032107 0.027738
0.30805 0.039559
0.14601 0.039782
0.34771 0.036394
0.15211 0.040443
0.028069 0.02822
0.026524 0.031276
0.30191 0.038614
0.063813 0.035227
0.36153 0.029326
0.030337 0.036343
0.028091 0.034855
0.030372 0.03644
0.32739 0.039537
0.046475 0.035097
0.20299 0.039141
0.06046 0.039735
0.030483 0.036661
0.031139 0.037846
0.35733 0.037438
0.031393 0.038879
0.35493 0.0385
0.074145 0.033375
0.03194 0.03942
0.35772 0.039205
0.042338 0.036194
0.3661 0.037291
0.073412 0.034396
0.033151 0.039609
0.36574 0.038556
0.035051 0.039786
0.33353 0.039091
0.094699 0.039205
0.037139 0.039937
0.041542 0.040376
0.31858 0.039563
0.12884 0.038615
0.37431 0.026667
0.078553 0.037986
0.11205 0.038718
0.070758 0.039251
0.32502 0.039926
0.37471 0.027766
0.28639 0.039791
0.38214 0.022397
0.3815 0.026304
0.37612 0.033008
0.083673 0.038909
0.38346 0.033274
0.29184 0.039106
0.067695 0.039393
0.066433 0.039488
0.39908 0.033035
0.39437 0.03578
0.37709 0.037074
0.38256 0.035551
0.40378 0.039565
0.40347 0.039702
0.38981 0.038731
0.3826 0.036635
0.39056 0.038871
0.42182 0.036923
0.42434 0.02156
0.43461 0.023611
0.45026 0.020615
0.48104 0.021368
0.40644 0.025583
0.45623 0.022666
0.41347 0.030871
0.414 0.03266
0.45049 0.028628
0.47331 0.021761
0.44726 0.034946
0.45137 0.035369
0.4639 0.027756
0.4689 0.022906
0.44218 0.036235
0.45563 0.035601
0.46063 0.026002
0.46662 0.02586
0.45649 0.035496
0.4744 0.034911
0.47847 0.024745
0.47667 0.029315
0.47419 0.034945
0.4731 0.025235
0.51665 0.021063
0.50162 0.021009
0.57907 0.0203
0.54143 0.022215
0.56286 0.024598
0.48769 0.021295
0.52473 0.027845
0.49991 0.023325
0.49753 0.023909
0.54837 0.028715
0.55443 0.032608
0.49254 0.024088
0.50654 0.02722
0.51399 0.032539
0.54445 0.033834
0.49402 0.026595
0.50582 0.031428
0.50897 0.035053
0.54512 0.036487
0.50453 0.031469
0.49126 0.028037
0.50571 0.035194
0.48438 0.034723
0.48503 0.026476
0.51508 0.035172
0.59598 0.020956
0.59765 0.025264
0.62019 0.028972
0.69905 0.037471
0.60557 0.032728
0.65994 0.038776
0.60862 0.036557
0.56851 0.032274
0.90085 0.038907
0.57895 0.032636
0.57396 0.036258
0.96931 0.035732
0.97007 0.029124
0.56607 0.037588
0.58453 0.036554
0.91792 0.038136
0.63614 0.035361
0.54972 0.03635
0.48431 0.034728
0.64414 0.038739
0.61087 0.036768
0.63004 0.031131
0.96336 0.038876
0.66882 0.037849
0.92537 0.037511
0.9621 0.025315
0.97427 0.026012
0.96698 0.026981
0.9685 0.027717
0.86821 0.037724
0.62512 0.038538
0.63908 0.028713
0.97557 0.026487
0.66125 0.037636
0.97594 0.026529
0.97589 0.026619
0.97577 0.026356
0.63623 0.026191
0.97516 0.025979
0.78359 0.03964
0.94851 0.039798
0.9751 0.025948
0.77407 0.038605
0.96936 0.024867
0.85137 0.038898
0.96803 0.024765
0.97046 0.024979
0.96502 0.024615
0.65888 0.032715
0.95475 0.03948
0.70447 0.03834
0.95561 0.024348
0.96067 0.024445
0.95851 0.024407
0.65887 0.028709
0.93651 0.039516
0.67247 0.03427
0.89565 0.039057
0.9511 0.024463
0.67723 0.039243
0.86577 0.038783
0.72347 0.039251
0.93417 0.025615
0.93211 0.024308
0.93497 0.02568
0.68295 0.039336
0.94235 0.026818
0.68232 0.036636
0.94619 0.027929
0.94492 0.027361
0.94614 0.027902
0.68305 0.036198
0.9504 0.029523
0.69449 0.036626
0.83127 0.038493
0.9496 0.029324
0.95373 0.032929
0.69573 0.034841
0.80098 0.038355
0.69267 0.030326
0.93845 0.036014
0.94812 0.035012
0.9401 0.036531
0.698 0.028912
0.74231 0.038671
0.69982 0.023329
0.73659 0.037979
0.92693 0.03443
0.92502 0.034085
0.70818 0.026933
0.92201 0.033931
0.7176 0.026422
0.74574 0.039273
0.91959 0.033641
0.91542 0.033156
0.72979 0.036834
0.76027 0.03892
0.72818 0.024268
0.81219 0.039666
0.90952 0.032027
0.91278 0.032224
0.74487 0.033278
0.91196 0.03193
0.7579 0.035314
0.7828 0.038284
0.91218 0.032004
0.91111 0.031508
0.74459 0.026543
0.81094 0.039173
0.75569 0.026327
0.782 0.036045
0.90637 0.031369
0.77176 0.03019
0.79695 0.038865
0.76334 0.025495
0.79431 0.038216
0.88333 0.039358
0.87393 0.03968
0.7769 0.027453
0.8038 0.034872
0.78488 0.026889
0.82126 0.039641
0.87157 0.038748
0.87256 0.039649
0.79171 0.029127
0.87415 0.039634
0.81593 0.034734
0.82028 0.039567
0.87538 0.039529
0.88279 0.039027
0.81693 0.032897
0.84567 0.035147
0.82159 0.032874
0.83721 0.03021
0.8798 0.036847
0.87675 0.035501
0.81979 0.027351
0.84232 0.031721
0.82777 0.02303
0.85682 0.031245
0.87441 0.033019
0.87494 0.030476
0.84315 0.024605
0.86176 0.028628
0.85151 0.023295
0.87771 0.025185
0.87497 0.028165
0.87531 0.026967
0.86817 0.022333
0.88435 0.023838
0.9494 0.020357
0.9489 0.02222
