348
0.064923 0.020897
0.044952 0.02403
0.11469 0.020609
0.065828 0.025338
0.031112 0.024118
0.066529 0.025382
0.13593 0.020929
0.14506 0.022718
0.16958 0.021948
0.10266 0.028038
0.09817 0.026876
0.10306 0.028225
0.18304 0.025249
0.17335 0.027699
0.18691 0.028056
0.11852 0.028249
0.11029 0.028621
0.11731 0.028189
0.19304 0.030088
0.12156 0.029174
0.19903 0.028876
0.17697 0.041162
0.12038 0.029511
0.11479 0.030688
0.19467 0.032482
0.11495 0.031286
0.21892 0.0255
0.18829 0.038904
0.11263 0.031426
0.11923 0.031361
0.22824 0.028015
0.12856 0.032093
0.23796 0.02653
0.18758 0.039429
0.12846 0.031905
0.12498 0.032025
0.24466 0.024518
0.11631 0.032378
0.25679 0.025919
0.22149 0.035573
0.1137 0.033167
0.26466 0.021646
0.094562 0.03154
0.2713 0.026333
0.23849 0.03527
0.093017 0.03047
0.27302 0.030356
0.096089 0.033159
0.28438 0.023942
0.11056 0.034041
0.10773 0.033973
0.28835 0.02827
0.24588 0.036961
0.2881 0.030689
0.26051 0.037416
0.12803 0.038112
0.30385 0.028659
0.26862 0.038601
0.30821 0.031134
0.12138 0.035149
0.1256 0.036298
0.12253 0.035194
0.31552 0.031782
0.11281 0.035515
0.33109 0.025606
0.10627 0.035413
0.11277 0.035509
0.10616 0.035444
0.32349 0.030632
0.089026 0.030235
0.32572 0.032927
0.24166 0.037381
0.096515 0.0361
0.080399 0.029832
0.34699 0.026053
0.060671 0.032288
0.35213 0.026388
0.19123 0.038288
0.064988 0.032378
0.049299 0.032065
0.35519 0.026595
0.12812 0.039397
0.34398 0.036863
0.21615 0.03783
0.042484 0.030255
0.032601 0.02741
0.31045 0.038933
0.14593 0.038434
0.35286 0.036073
0.15388 0.038764
0.028399 0.027898
0.026773 0.030834
0.30455 0.038113
0.065947 0.03553
0.36698 0.029308
0.030766 0.035673
0.028419 0.034273
0.030803 0.035765
0.33047 0.038116
0.047932 0.034145
0.2027 0.038197
0.063172 0.039746
0.030921 0.035974
0.031614 0.037093
0.36273 0.037327
0.031887 0.038072
0.36024 0.038335
0.075411 0.033729
0.032466 0.038591
0.36312 0.039091
0.043421 0.035252
0.37152 0.037338
0.074696 0.034807
0.033737 0.038744
0.37116 0.038601
0.035732 0.038857
0.33755 0.037741
0.096262 0.039146
0.037924 0.038933
0.042659 0.039241
0.32074 0.038594
0.12758 0.03951
0.37969 0.0267
0.079161 0.038217
0.11235 0.040225
0.072179 0.039984
0.32769 0.0386
0.38009 0.027804
0.28907 0.039996
0.38749 0.02241
0.38686 0.026337
0.38149 0.033072
0.084463 0.038858
0.38881 0.033345
0.29446 0.038904
0.069503 0.040322
0.068406 0.040257
0.40432 0.033183
0.39964 0.03593
0.38246 0.03716
0.38792 0.035633
0.40894 0.039824
0.40863 0.03996
0.39511 0.038875
0.38796 0.036723
0.39585 0.039022
0.42664 0.03738
0.42908 0.021605
0.43904 0.023735
0.45413 0.020638
0.48382 0.021418
0.41156 0.025664
0.45988 0.022766
0.41849 0.031091
0.41901 0.032921
0.45435 0.028955
0.47636 0.021825
0.45124 0.035516
0.45519 0.035951
0.46728 0.028039
0.47211 0.023011
0.44635 0.03683
0.4593 0.036184
0.46412 0.026223
0.46991 0.026071
0.46013 0.036074
0.47741 0.035453
0.48134 0.024918
0.4796 0.029654
0.47721 0.035487
0.47616 0.025425
0.51805 0.021115
0.50365 0.021051
0.57741 0.020312
0.54149 0.022333
0.56193 0.024817
0.49023 0.021343
0.52572 0.02828
0.50201 0.02346
0.49972 0.024064
0.54811 0.029152
0.55388 0.033222
0.49491 0.024245
0.50836 0.027527
0.5155 0.03313
0.54438 0.034554
0.49633 0.02685
0.50767 0.031912
0.51069 0.035707
0.54502 0.037339
0.50644 0.031951
0.49368 0.028342
0.50757 0.035837
0.48704 0.035266
0.48767 0.026716
0.51654 0.035901
0.59369 0.020987
0.5953 0.025422
0.61744 0.028992
0.69854 0.036714
0.60303 0.032995
0.65809 0.038208
0.60604 0.036846
0.56733 0.03285
0.90292 0.039769
0.5773 0.03318
0.57253 0.036992
0.97045 0.037349
0.97101 0.030078
0.565 0.038419
0.58267 0.037226
0.91938 0.038621
0.63358 0.03508
0.5494 0.037158
0.48697 0.035271
0.64174 0.038247
0.60825 0.037018
0.6274 0.031003
0.96519 0.040061
0.66722 0.037382
0.92718 0.037357
0.96379 0.025601
0.97481 0.02664
0.96821 0.027589
0.96959 0.028469
0.86889 0.035838
0.62241 0.038452
0.63655 0.028528
0.97599 0.027165
0.65946 0.037114
0.97632 0.027212
0.97628 0.02731
0.97617 0.02702
0.63366 0.026077
0.97562 0.026604
0.78281 0.039296
0.95128 0.039104
0.97556 0.02657
0.77314 0.038548
0.97037 0.02537
0.85147 0.03927
0.96916 0.025214
0.97136 0.0255
0.96644 0.024954
0.65699 0.032324
0.95726 0.039573
0.70462 0.037358
0.95747 0.02439
0.9625 0.024642
0.96048 0.024538
0.65698 0.028441
0.9395 0.038926
0.67097 0.033902
0.89766 0.039625
0.95282 0.024371
0.67585 0.03874
0.86607 0.03713
0.72514 0.039741
0.93536 0.025465
0.93324 0.024197
0.93618 0.025527
0.6818 0.038823
0.94376 0.026614
0.68112 0.036195
0.94774 0.027679
0.94642 0.027132
0.94769 0.027653
0.68188 0.035768
0.95209 0.029282
0.69377 0.036044
0.83305 0.039439
0.95126 0.029032
0.95577 0.032895
0.695 0.034289
0.80098 0.037174
0.69171 0.030001
0.94087 0.035533
0.95033 0.034504
0.94263 0.036023
0.69718 0.028545
0.74229 0.039061
0.69908 0.023181
0.7369 0.038649
0.92846 0.03421
0.92642 0.033997
0.70797 0.02652
0.92326 0.034042
0.718 0.026359
0.74562 0.039487
0.92071 0.033909
0.91669 0.03367
0.73062 0.037792
0.75948 0.039074
0.72813 0.024488
0.81405 0.038274
0.91107 0.032832
0.91415 0.032855
0.74443 0.033466
0.91337 0.032592
0.75724 0.035438
0.78198 0.037961
0.91357 0.032658
0.91255 0.032194
0.74394 0.026642
0.81253 0.037631
0.75497 0.026384
0.78116 0.035787
0.90809 0.032064
0.77086 0.030205
0.79662 0.037881
0.76251 0.025555
0.79389 0.037413
0.88538 0.038891
0.87535 0.037881
0.77597 0.0274
0.80407 0.033794
0.78412 0.026749
0.82419 0.039476
0.87268 0.036744
0.87377 0.037667
0.79113 0.02881
0.87561 0.03787
0.81778 0.034047
0.82329 0.03926
0.87704 0.037944
0.88485 0.038495
0.81865 0.032388
0.8461 0.035657
0.8235 0.032776
0.83798 0.030661
0.88203 0.036058
0.8788 0.034455
0.82136 0.027212
0.84287 0.032167
0.82895 0.023139
0.85687 0.03096
0.87621 0.031951
0.87694 0.029683
0.84363 0.024777
0.862 0.028087
0.85175 0.023341
0.88014 0.024901
0.87703 0.027552
0.87742 0.026461
0.8693 0.022074
0.88669 0.02381
0.95105 0.020345
0.95053 0.022143
