348
0.070051 0.02081
0.048437 0.023629
0.12213 0.020546
0.071074 0.024814
0.032703 0.023595
0.071866 0.024847
0.14684 0.020827
0.1565 0.022666
0.18174 0.0217
0.10867 0.02771
0.1041 0.026852
0.10912 0.027861
0.19708 0.024814
0.18615 0.026722
0.20115 0.02754
0.12634 0.027287
0.11721 0.02777
0.12502 0.027271
0.20764 0.029644
0.12953 0.028005
0.21394 0.028616
0.1889 0.038833
0.12829 0.02834
0.12227 0.029585
0.20931 0.031981
0.12246 0.030107
0.23389 0.025594
0.20211 0.037789
0.11983 0.030332
0.12723 0.029989
0.24293 0.028409
0.13831 0.030189
0.25201 0.027018
0.20129 0.038215
0.13817 0.030038
0.1339 0.030304
0.25822 0.02489
0.12401 0.031006
0.26938 0.026416
0.23639 0.035975
0.12105 0.031828
0.27667 0.021752
0.10051 0.031848
0.2829 0.026563
0.25251 0.036426
0.099171 0.030885
0.28459 0.030654
0.10176 0.033344
0.29598 0.023886
0.11742 0.032658
0.11418 0.032776
0.29999 0.028058
0.25935 0.038373
0.29974 0.030423
0.27282 0.038785
0.1382 0.035165
0.31625 0.028194
0.28033 0.0395
0.32088 0.03055
0.1297 0.033126
0.135 0.033839
0.13108 0.033099
0.32864 0.031338
0.12 0.033954
0.34444 0.025871
0.11242 0.034285
0.11996 0.03395
0.1123 0.034328
0.33679 0.030397
0.095445 0.03077
0.33927 0.032867
0.25545 0.038769
0.10183 0.036272
0.087289 0.029585
0.35844 0.027128
0.065479 0.031219
0.36275 0.027198
0.20536 0.037398
0.070029 0.031181
0.05358 0.030975
0.36533 0.027224
0.13843 0.036223
0.35601 0.03976
0.23113 0.037991
0.045956 0.029187
0.034405 0.02649
0.32345 0.03802
0.15718 0.038272
0.36283 0.038013
0.16364 0.039024
0.029601 0.026909
0.027853 0.029477
0.31713 0.037131
0.070926 0.033991
0.37709 0.029066
0.033212 0.033691
0.030163 0.032485
0.033272 0.033772
0.34475 0.038911
0.052537 0.032816
0.21761 0.037845
0.067747 0.037921
0.033449 0.033957
0.034494 0.034955
0.37198 0.037651
0.035009 0.035825
0.3692 0.039169
0.0817 0.032779
0.035857 0.036369
0.37224 0.039376
0.048251 0.033697
0.38136 0.036814
0.080831 0.033687
0.037517 0.036573
0.3809 0.038042
0.040094 0.03674
0.35114 0.039726
0.10127 0.039419
0.042983 0.036865
0.048597 0.037398
0.3345 0.038071
0.13777 0.036362
0.39016 0.026469
0.085549 0.037508
0.11942 0.038134
0.077713 0.038066
0.34185 0.038907
0.39058 0.027534
0.30074 0.039447
0.3983 0.022313
0.39764 0.026085
0.39197 0.032607
0.090418 0.03896
0.39963 0.032801
0.30632 0.038148
0.074675 0.038274
0.073442 0.038219
0.41575 0.032845
0.41095 0.035411
0.39289 0.036536
0.39866 0.034997
0.42049 0.039494
0.42017 0.039615
0.40624 0.038192
0.39869 0.036042
0.40703 0.038345
0.43809 0.038131
0.44048 0.021696
0.44962 0.024154
0.46284 0.020729
0.48885 0.021617
0.42317 0.025605
0.46786 0.02316
0.43013 0.031166
0.43065 0.033027
0.46303 0.030231
0.48231 0.022082
0.46032 0.037728
0.46376 0.038224
0.47435 0.029174
0.47858 0.023435
0.45603 0.039184
0.46735 0.038488
0.47158 0.027106
0.47665 0.026927
0.46808 0.038362
0.48323 0.037626
0.48667 0.025609
0.48515 0.031012
0.48305 0.037666
0.48214 0.026188
0.51853 0.021287
0.50614 0.021216
0.57338 0.020335
0.53906 0.02256
0.5584 0.025033
0.49447 0.021537
0.52522 0.029505
0.50473 0.023998
0.50275 0.024687
0.54531 0.029788
0.55085 0.03393
0.49858 0.024875
0.5102 0.028741
0.51634 0.035174
0.54181 0.035789
0.49982 0.027878
0.5096 0.03383
0.5122 0.038208
0.54243 0.038764
0.50854 0.033861
0.4975 0.029571
0.50951 0.038386
0.49167 0.037423
0.49223 0.027668
0.51724 0.038362
0.58768 0.021172
0.58904 0.026456
0.60791 0.029971
0.69404 0.038299
0.59537 0.035278
0.6533 0.035389
0.59737 0.039751
0.56379 0.033348
0.90012 0.038739
0.57365 0.034135
0.56922 0.037639
0.97033 0.037126
0.97089 0.029948
0.56174 0.03918
0.5794 0.039158
0.91783 0.037711
0.6235 0.033596
0.54663 0.038259
0.49161 0.037428
0.63288 0.035546
0.59902 0.039969
0.61692 0.030761
0.965 0.039771
0.66428 0.035088
0.926 0.036637
0.96358 0.025517
0.97475 0.026554
0.96806 0.027486
0.96946 0.028359
0.86702 0.037434
0.61072 0.039277
0.62754 0.027407
0.97594 0.027073
0.65495 0.034522
0.97627 0.027119
0.97623 0.027216
0.97612 0.02693
0.62427 0.025471
0.97557 0.026519
0.77912 0.039179
0.95084 0.038738
0.9755 0.026485
0.76884 0.0379
0.97024 0.025301
0.84992 0.037419
0.96902 0.025145
0.97125 0.025429
0.96626 0.024885
0.65186 0.03038
0.95694 0.039237
0.69949 0.038347
0.95716 0.024315
0.96227 0.024571
0.96023 0.024465
0.6518 0.027109
0.93882 0.038365
0.66837 0.032304
0.89436 0.03868
0.95241 0.02429
0.67458 0.037801
0.86476 0.038314
0.72038 0.03959
0.93451 0.025282
0.93231 0.024048
0.93536 0.025345
0.68082 0.039343
0.94318 0.026445
0.68004 0.036484
0.94723 0.027512
0.94589 0.026968
0.94718 0.027485
0.68062 0.036187
0.95167 0.029107
0.69024 0.038034
0.82783 0.036752
0.95083 0.028859
0.95543 0.032667
0.6913 0.035951
0.79688 0.038487
0.68864 0.031342
0.94023 0.035092
0.94988 0.034221
0.94203 0.035595
0.69342 0.029421
0.73809 0.039154
0.69507 0.023469
0.73255 0.038476
0.92733 0.033637
0.92521 0.033406
0.70361 0.026748
0.92193 0.033407
0.71348 0.026385
0.74137 0.039749
0.91926 0.033247
0.91498 0.032968
0.72609 0.037502
0.7548 0.039325
0.72368 0.024432
0.80773 0.039228
0.90902 0.032097
0.91229 0.032163
0.74022 0.033606
0.91146 0.031905
0.75262 0.035762
0.77817 0.037795
0.91168 0.03197
0.91059 0.031519
0.73975 0.026703
0.80647 0.038901
0.75043 0.026569
0.77719 0.035589
0.90586 0.031391
0.76629 0.029938
0.79295 0.039049
0.75774 0.02557
0.79016 0.038447
0.88109 0.039123
0.87223 0.039498
0.77159 0.027171
0.79913 0.034974
0.78005 0.026729
0.81699 0.038333
0.8701 0.038607
0.87097 0.039482
0.78685 0.02909
0.87244 0.03945
0.81118 0.03415
0.81594 0.038326
0.87358 0.039334
0.88055 0.038801
0.81209 0.032358
0.84349 0.033829
0.81694 0.032075
0.83407 0.029255
0.87788 0.036683
0.87527 0.03537
0.81491 0.026977
0.83974 0.030673
0.82357 0.022776
0.85551 0.03056
0.87323 0.032942
0.874 0.030427
0.84059 0.024198
0.86074 0.028265
0.84968 0.023026
0.87686 0.025156
0.8741 0.028127
0.87445 0.026933
0.86723 0.022292
0.88343 0.023808
0.95061 0.020338
0.95008 0.022102
