348
0.065832 0.020864
0.046436 0.024173
0.11734 0.020612
0.066797 0.025111
0.032217 0.0238
0.067543 0.025128
0.13678 0.020996
0.14583 0.022742
0.16988 0.0219
0.10485 0.027861
0.10038 0.026744
0.10527 0.028042
0.18391 0.02495
0.17372 0.027473
0.18803 0.027509
0.12133 0.028565
0.11277 0.028379
0.12007 0.028415
0.19463 0.029422
0.1241 0.029754
0.20102 0.028268
0.17706 0.039898
0.12305 0.030022
0.1175 0.030758
0.19648 0.031672
0.11769 0.031374
0.22213 0.026009
0.18965 0.037703
0.11524 0.031294
0.12217 0.031871
0.22961 0.029856
0.13048 0.033628
0.23728 0.027463
0.18887 0.038064
0.13038 0.033415
0.12731 0.033132
0.24331 0.024693
0.11921 0.032621
0.2565 0.025645
0.22531 0.038194
0.11648 0.033133
0.2646 0.021663
0.09679 0.031357
0.27085 0.026644
0.2377 0.037253
0.09518 0.030306
0.27259 0.030761
0.098385 0.032957
0.28389 0.023774
0.11315 0.033692
0.11016 0.033669
0.28818 0.027708
0.24491 0.037186
0.28799 0.029979
0.26122 0.037214
0.13035 0.040477
0.30422 0.028586
0.26851 0.039437
0.30893 0.031219
0.12436 0.036109
0.12813 0.037898
0.12537 0.036298
0.31648 0.032024
0.11564 0.035356
0.33056 0.026179
0.10864 0.03511
0.1156 0.035345
0.10853 0.035142
0.32392 0.031303
0.091095 0.029998
0.32649 0.03394
0.24029 0.038677
0.098926 0.035889
0.08231 0.029456
0.34529 0.026221
0.061034 0.032217
0.35046 0.026377
0.19289 0.037199
0.065826 0.031923
0.05028 0.032854
0.35355 0.026441
0.13048 0.041782
0.34281 0.037609
0.22156 0.039538
0.044144 0.030419
0.033854 0.026924
0.3135 0.039483
0.14771 0.038074
0.35169 0.035844
0.15528 0.039787
0.029234 0.027183
0.027492 0.029854
0.30732 0.03831
0.066712 0.034854
0.36583 0.029185
0.031912 0.034469
0.029317 0.032982
0.031953 0.034559
0.33159 0.040001
0.048863 0.035018
0.20642 0.036923
0.063089 0.039322
0.032082 0.034771
0.032843 0.03591
0.36221 0.037121
0.033142 0.036871
0.35927 0.0381
0.077419 0.033136
0.033773 0.037433
0.36296 0.038852
0.044801 0.03567
0.37174 0.037461
0.07671 0.034165
0.03516 0.037771
0.37163 0.038711
0.037331 0.0382
0.33735 0.039182
0.098822 0.038916
0.039703 0.03864
0.043966 0.039645
0.32351 0.03972
0.13003 0.041766
0.37826 0.026994
0.082127 0.03764
0.11533 0.039739
0.074144 0.039084
0.32941 0.040361
0.37865 0.02814
0.28982 0.03833
0.38545 0.022473
0.38482 0.02651
0.3809 0.033631
0.087326 0.038393
0.38747 0.033674
0.29673 0.038335
0.070893 0.039062
0.06954 0.039088
0.40287 0.032428
0.39848 0.035355
0.38271 0.037903
0.38705 0.036069
0.40865 0.038192
0.40831 0.038323
0.39449 0.038542
0.3873 0.037196
0.39523 0.038608
0.42785 0.038091
0.42904 0.021698
0.43784 0.024212
0.45138 0.020703
0.47964 0.021427
0.4105 0.025148
0.45662 0.022987
0.41836 0.030337
0.4192 0.032155
0.45158 0.029862
0.47237 0.021864
0.44893 0.037164
0.45248 0.037505
0.4635 0.028462
0.46821 0.023115
0.44459 0.038763
0.45618 0.037508
0.46048 0.026624
0.46607 0.026332
0.45692 0.03734
0.47339 0.03575
0.47722 0.024973
0.47553 0.029797
0.4732 0.035791
0.47217 0.025543
0.51483 0.021055
0.49976 0.021019
0.57695 0.02032
0.53995 0.022195
0.56135 0.024705
0.48612 0.021334
0.523 0.027746
0.49808 0.023363
0.49575 0.023965
0.54692 0.028677
0.55299 0.032673
0.49087 0.024174
0.50469 0.027241
0.51216 0.032471
0.54299 0.033737
0.49231 0.026721
0.50397 0.031471
0.50713 0.035049
0.54366 0.036379
0.50267 0.031532
0.48962 0.028222
0.50386 0.035254
0.48289 0.035261
0.48353 0.026705
0.51325 0.035079
0.59237 0.021071
0.59389 0.02592
0.61344 0.029673
0.6931 0.03817
0.60052 0.034582
0.65371 0.038268
0.60279 0.039105
0.56679 0.032706
0.90337 0.038921
0.57683 0.033472
0.57202 0.037088
0.9695 0.034826
0.96943 0.028586
0.56444 0.038115
0.58189 0.037923
0.91806 0.039853
0.62881 0.034493
0.54828 0.036294
0.48282 0.035268
0.63725 0.037929
0.60464 0.039454
0.62292 0.031009
0.96437 0.037829
0.66311 0.037697
0.92447 0.039049
0.96094 0.025029
0.9739 0.025646
0.96614 0.026597
0.96776 0.027288
0.86523 0.036168
0.61629 0.039444
0.63273 0.028249
0.97529 0.026093
0.65514 0.03721
0.97567 0.026133
0.97563 0.026217
0.97549 0.02597
0.62972 0.025839
0.97485 0.025616
0.77868 0.038578
0.94843 0.038626
0.97478 0.025587
0.76854 0.037866
0.96867 0.024593
0.84683 0.038855
0.96726 0.024501
0.96984 0.024677
0.96405 0.024363
0.65312 0.032354
0.95607 0.038474
0.69814 0.038999
0.95422 0.02412
0.95944 0.024207
0.95732 0.024173
0.65339 0.028465
0.93447 0.040165
0.667 0.034178
0.89762 0.037941
0.94941 0.024238
0.67162 0.039348
0.86251 0.037423
0.71732 0.039584
0.93221 0.025899
0.93029 0.024593
0.93295 0.025933
0.67754 0.039714
0.94004 0.026747
0.67698 0.036939
0.94415 0.02762
0.94279 0.027142
0.9441 0.027596
0.67768 0.036518
0.94865 0.029042
0.68874 0.037344
0.82762 0.038948
0.9478 0.028818
0.95299 0.032271
0.68996 0.035464
0.79696 0.037338
0.68706 0.030777
0.93623 0.036321
0.94707 0.034166
0.93807 0.036604
0.69219 0.029258
0.73532 0.038897
0.69395 0.023451
0.72984 0.038377
0.92573 0.035671
0.92397 0.035322
0.70199 0.027131
0.92121 0.035194
0.71125 0.026527
0.7389 0.03937
0.91911 0.03491
0.91535 0.034434
0.72332 0.037234
0.75408 0.038564
0.72166 0.024365
0.80868 0.038751
0.90991 0.032951
0.91288 0.033445
0.73797 0.033376
0.9121 0.033129
0.7514 0.035091
0.77767 0.037369
0.91231 0.03321
0.91128 0.032611
0.73767 0.026596
0.80735 0.03809
0.74884 0.026259
0.77659 0.035254
0.90697 0.031835
0.76541 0.029783
0.79276 0.037801
0.75658 0.025357
0.78994 0.037153
0.8828 0.037227
0.87191 0.037785
0.77071 0.027123
0.79972 0.033987
0.77908 0.026522
0.81819 0.039291
0.86913 0.037055
0.87032 0.037818
0.78636 0.028541
0.87217 0.037739
0.81238 0.034212
0.81718 0.039182
0.87359 0.037611
0.88211 0.036956
0.81336 0.032478
0.84119 0.035538
0.81829 0.032665
0.83358 0.030511
0.8785 0.035088
0.87488 0.033949
0.81629 0.027182
0.83812 0.032035
0.82424 0.023045
0.85276 0.030898
0.87203 0.031754
0.87252 0.029449
0.83906 0.024714
0.85791 0.028125
0.84743 0.02325
0.87558 0.02466
0.87252 0.027365
0.87289 0.026281
0.86494 0.022118
0.88291 0.023421
0.94758 0.020337
0.94705 0.022095
