348
0.070036 0.020594
0.044245 0.023686
0.13939 0.020508
0.071313 0.023507
0.030154 0.024437
0.072377 0.023518
0.16761 0.020806
0.17768 0.022343
0.20756 0.021455
0.1259 0.026505
0.1205 0.025079
0.12643 0.02671
0.22542 0.023916
0.21239 0.02559
0.23053 0.026115
0.14402 0.026433
0.1348 0.027427
0.14264 0.026576
0.23999 0.027798
0.14852 0.026796
0.24637 0.026875
0.22511 0.03733
0.14677 0.027129
0.13942 0.028903
0.24561 0.029663
0.13955 0.029379
0.27035 0.024371
0.2423 0.03389
0.13696 0.029589
0.1453 0.028638
0.28286 0.02601
0.16045 0.028637
0.29547 0.024927
0.2442 0.036128
0.16019 0.028495
0.15536 0.028849
0.30489 0.023775
0.14139 0.030154
0.31847 0.025535
0.27925 0.031378
0.13831 0.030806
0.32692 0.021444
0.11573 0.027929
0.33402 0.025762
0.29657 0.031054
0.11333 0.027356
0.3351 0.028996
0.11905 0.029239
0.35186 0.023147
0.13579 0.032109
0.13383 0.032377
0.35653 0.027047
0.30696 0.034053
0.35592 0.028909
0.32152 0.036896
0.16402 0.032332
0.37091 0.02852
0.32835 0.038183
0.37527 0.030541
0.15007 0.030922
0.15944 0.031456
0.15242 0.030954
0.38322 0.030273
0.13772 0.032768
0.40008 0.025952
0.1332 0.033591
0.13769 0.032774
0.1331 0.033609
0.39299 0.030401
0.10751 0.027021
0.39503 0.032316
0.30431 0.036987
0.12202 0.031474
0.09507 0.026446
0.41346 0.027549
0.064905 0.028371
0.4184 0.027276
0.25321 0.038045
0.070894 0.02789
0.050117 0.02979
0.42152 0.027503
0.16951 0.036622
0.41138 0.03977
0.27817 0.037938
0.040708 0.0296
0.03113 0.027841
0.37482 0.039953
0.19154 0.037031
0.42115 0.037589
0.20529 0.037228
0.02738 0.028638
0.02615 0.03207
0.36861 0.039698
0.075235 0.02948
0.43125 0.030767
0.031856 0.037061
0.028771 0.036254
0.03194 0.037132
0.39786 0.039818
0.050654 0.031538
0.26624 0.037932
0.075174 0.032054
0.032173 0.037282
0.033569 0.038018
0.42944 0.040792
0.034489 0.038791
0.42672 0.045292
0.089642 0.028221
0.035657 0.039242
0.42947 0.045322
0.047159 0.03342
0.43397 0.04001
0.089528 0.028765
0.037508 0.039011
0.43274 0.047433
0.041171 0.038317
0.4066 0.043172
0.12605 0.035556
0.044251 0.037797
0.050595 0.036528
0.38719 0.041282
0.16949 0.037451
0.44326 0.029701
0.099787 0.031334
0.13944 0.039521
0.09456 0.033167
0.39588 0.041225
0.44405 0.031748
0.35548 0.038309
0.45758 0.024459
0.4563 0.03275
0.44721 0.041704
0.11114 0.034395
0.45824 0.043071
0.36057 0.039409
0.090456 0.033603
0.088558 0.033889
0.469 0.04164
0.46659 0.046908
0.44992 0.053808
0.45463 0.055101
0.47054 0.052006
0.4697 0.055145
0.46428 0.058039
0.45718 0.068336
0.4651 0.066142
0.47835 0.061632
0.48356 0.023681
0.48892 0.026977
0.49713 0.021335
0.50815 0.023104
0.47564 0.028475
0.49955 0.026643
0.47988 0.041625
0.48005 0.044471
0.49815 0.038737
0.5054 0.024456
0.49772 0.049906
0.50104 0.054001
0.50346 0.041932
0.50397 0.027896
0.49422 0.056485
0.50305 0.05929
0.50194 0.035921
0.504 0.03656
0.50322 0.059063
0.5076 0.063591
0.50709 0.031379
0.50678 0.044033
0.50766 0.06444
0.50563 0.033277
0.52649 0.022562
0.52003 0.022063
0.55617 0.020653
0.53658 0.024824
0.54724 0.028223
0.51225 0.022485
0.52931 0.039458
0.51921 0.026701
0.51792 0.027695
0.5391 0.03856
0.54046 0.044316
0.51507 0.027305
0.52202 0.035731
0.5236 0.048052
0.53539 0.050619
0.5159 0.032045
0.52075 0.043692
0.52113 0.053328
0.53511 0.064568
0.51995 0.043114
0.51393 0.034465
0.51863 0.052036
0.50942 0.063148
0.51084 0.03315
0.52385 0.060142
0.56411 0.021718
0.56533 0.029394
0.57537 0.035664
0.64293 0.04168
0.5676 0.042906
0.60446 0.044089
0.56316 0.053274
0.5493 0.042514
0.89047 0.038508
0.55217 0.048457
0.54951 0.053248
0.96797 0.035727
0.97045 0.029482
0.54538 0.054779
0.55006 0.061912
0.90667 0.040556
0.58823 0.043801
0.53684 0.058281
0.5094 0.063231
0.56205 0.068222
0.55564 0.067389
0.58311 0.035286
0.95677 0.038051
0.61103 0.041771
0.9137 0.039617
0.96271 0.025267
0.97461 0.026394
0.96773 0.027153
0.96908 0.027994
0.84159 0.038419
0.57353 0.048268
0.58935 0.034984
0.97584 0.026899
0.60513 0.041249
0.97618 0.026944
0.97614 0.027039
0.97602 0.02676
0.58885 0.029581
0.97545 0.026359
0.73079 0.036669
0.93649 0.03947
0.97539 0.026326
0.7223 0.037228
0.97 0.025059
0.81195 0.038439
0.96875 0.024927
0.97103 0.025195
0.9658 0.024667
0.60327 0.036128
0.94602 0.037532
0.64616 0.040689
0.95621 0.024021
0.96123 0.024364
0.95913 0.024222
0.60305 0.03145
0.92203 0.040271
0.61408 0.035459
0.88395 0.037602
0.95127 0.023754
0.62136 0.037131
0.83682 0.03763
0.6627 0.037517
0.93055 0.025667
0.92866 0.024374
0.93132 0.025665
0.63373 0.040343
0.93943 0.025714
0.62888 0.036226
0.94472 0.026308
0.94281 0.025977
0.94464 0.026289
0.62946 0.03593
0.95014 0.02791
0.63975 0.038038
0.79153 0.03953
0.94923 0.02761
0.95173 0.031133
0.63937 0.036109
0.76229 0.038766
0.63504 0.031577
0.93071 0.034345
0.94377 0.032468
0.93373 0.033794
0.63753 0.029868
0.69083 0.038282
0.63871 0.023762
0.68654 0.037448
0.91887 0.035817
0.91794 0.035284
0.64684 0.027336
0.91574 0.034628
0.6558 0.026432
0.69329 0.03649
0.91437 0.034283
0.91223 0.033837
0.67667 0.031142
0.70317 0.037124
0.66677 0.023369
0.77088 0.040107
0.90676 0.033283
0.91032 0.033073
0.69179 0.031087
0.90959 0.032911
0.70145 0.032201
0.7319 0.033238
0.90979 0.032948
0.90886 0.032657
0.69122 0.025534
0.77014 0.038923
0.70124 0.025286
0.73218 0.031659
0.90428 0.03237
0.72343 0.028373
0.75904 0.034446
0.71337 0.023991
0.75495 0.032829
0.8664 0.040552
0.85907 0.040277
0.73 0.026315
0.76508 0.033543
0.73975 0.025111
0.78286 0.039947
0.85298 0.038973
0.85678 0.038815
0.75053 0.026317
0.86004 0.03904
0.77648 0.032689
0.78239 0.037095
0.86144 0.039221
0.87038 0.035686
0.77794 0.031345
0.80909 0.031584
0.78469 0.03178
0.80036 0.030074
0.87025 0.034266
0.86859 0.033362
0.78297 0.026829
0.8068 0.02944
0.7912 0.022895
0.8247 0.027719
0.86742 0.031765
0.87111 0.029666
0.80741 0.023673
0.83139 0.026334
0.81751 0.022588
0.87744 0.024828
0.87307 0.027691
0.87395 0.026572
0.84635 0.022459
0.88297 0.023538
0.94922 0.020289
0.94857 0.021784
