348
0.064323 0.020852
0.044089 0.024094
0.11437 0.02061
0.065292 0.025055
0.030656 0.024288
0.066042 0.025083
0.13572 0.02094
0.14462 0.022863
0.16909 0.021725
0.1024 0.028171
0.098004 0.027028
0.1028 0.028356
0.18393 0.024896
0.17337 0.026945
0.188 0.027611
0.11817 0.028247
0.10999 0.028688
0.11696 0.028194
0.19449 0.029616
0.1212 0.029152
0.2008 0.02852
0.17763 0.03925
0.12 0.029497
0.11441 0.030714
0.19641 0.031944
0.11453 0.031313
0.22115 0.026026
0.18982 0.037954
0.11222 0.031471
0.11879 0.031355
0.22881 0.029631
0.12831 0.032007
0.23665 0.027843
0.18905 0.038346
0.12821 0.031821
0.12461 0.031971
0.24223 0.02523
0.11585 0.032397
0.25322 0.026471
0.22539 0.037952
0.11323 0.03321
0.26038 0.02177
0.094667 0.031866
0.2667 0.026716
0.23791 0.038272
0.093106 0.030778
0.26834 0.030885
0.096205 0.033525
0.27944 0.023876
0.11008 0.034174
0.10729 0.03415
0.28365 0.027976
0.2439 0.039484
0.28333 0.030325
0.25645 0.038909
0.1278 0.037998
0.29967 0.028345
0.26354 0.039883
0.3043 0.030728
0.12076 0.03513
0.1252 0.036226
0.12197 0.035162
0.31212 0.03132
0.11226 0.035573
0.32745 0.025917
0.10582 0.035658
0.11223 0.035567
0.10572 0.035691
0.32049 0.030739
0.089241 0.030524
0.3228 0.033253
0.24049 0.040433
0.09678 0.036583
0.080834 0.029704
0.34233 0.026367
0.059746 0.031888
0.34726 0.026656
0.19305 0.037498
0.064531 0.031763
0.048247 0.032166
0.3502 0.026866
0.1279 0.039195
0.33992 0.037861
0.22174 0.039587
0.04161 0.030468
0.032084 0.027694
0.30726 0.038164
0.14627 0.039515
0.34835 0.036726
0.15316 0.039905
0.028054 0.028235
0.026475 0.031297
0.30081 0.037465
0.065785 0.034698
0.36159 0.029521
0.029998 0.036363
0.027885 0.034883
0.030027 0.036457
0.32765 0.039142
0.046679 0.034311
0.20644 0.037576
0.062647 0.038932
0.030123 0.036672
0.030692 0.037821
0.35787 0.037853
0.030878 0.03884
0.35555 0.038969
0.076411 0.033267
0.03137 0.039348
0.35836 0.039618
0.042 0.035581
0.36661 0.037597
0.075836 0.034271
0.032512 0.039461
0.36635 0.038886
0.03431 0.039518
0.33405 0.039032
0.096774 0.039754
0.036286 0.039537
0.040744 0.039658
0.31837 0.038573
0.12732 0.039285
0.37414 0.026807
0.081895 0.038032
0.11165 0.040118
0.073899 0.039057
0.32518 0.039362
0.37453 0.027929
0.28359 0.039395
0.38181 0.02245
0.38119 0.026442
0.37619 0.033297
0.086661 0.039098
0.38338 0.033578
0.28985 0.038209
0.070556 0.038866
0.06918 0.038901
0.3986 0.033048
0.3942 0.035998
0.37747 0.037476
0.38267 0.035914
0.40393 0.039285
0.4036 0.039412
0.38997 0.039157
0.38279 0.037027
0.39072 0.039276
0.42269 0.037348
0.424 0.021613
0.4336 0.02383
0.44868 0.020626
0.4794 0.021355
0.40583 0.025475
0.45457 0.022692
0.41322 0.030651
0.41401 0.032448
0.44891 0.028777
0.47164 0.021751
0.44592 0.035331
0.44992 0.035596
0.46217 0.027774
0.4672 0.022899
0.44104 0.036877
0.45407 0.035761
0.45891 0.026035
0.46491 0.025857
0.45491 0.035642
0.47273 0.034815
0.47682 0.024705
0.47501 0.029245
0.47252 0.034849
0.47143 0.025204
0.51562 0.021038
0.50028 0.020992
0.57971 0.020294
0.54114 0.022154
0.56312 0.02449
0.48614 0.021279
0.52393 0.027626
0.49854 0.023268
0.49612 0.023845
0.54826 0.028492
0.55448 0.032297
0.49106 0.024029
0.5053 0.027079
0.51291 0.032256
0.54424 0.033465
0.49256 0.026496
0.50457 0.031208
0.50779 0.034747
0.54493 0.036049
0.50325 0.031254
0.48977 0.027924
0.50446 0.034903
0.48279 0.034562
0.48345 0.026404
0.51402 0.034821
0.5969 0.020946
0.5986 0.025217
0.6211 0.029129
0.69909 0.03798
0.60653 0.032711
0.65697 0.039856
0.60957 0.036582
0.5689 0.031994
0.90137 0.038792
0.57959 0.032385
0.57448 0.03591
0.97041 0.036517
0.97052 0.029563
0.56641 0.037181
0.58527 0.036254
0.91884 0.037667
0.63635 0.036162
0.54965 0.035936
0.48272 0.034568
0.6434 0.040185
0.61181 0.036842
0.63063 0.031496
0.96561 0.039687
0.66617 0.038106
0.92652 0.037014
0.9629 0.0255
0.97453 0.026295
0.96757 0.027287
0.96902 0.028075
0.86752 0.037074
0.62576 0.038991
0.63943 0.029252
0.97577 0.026792
0.65827 0.038537
0.97612 0.026837
0.97608 0.02693
0.97596 0.026655
0.63666 0.026517
0.97538 0.026261
0.77925 0.039647
0.95135 0.039811
0.97532 0.026228
0.77001 0.038887
0.96984 0.025101
0.8504 0.039787
0.96857 0.024982
0.97089 0.025214
0.96569 0.0248
0.657 0.033456
0.95788 0.040029
0.70399 0.039649
0.95662 0.024449
0.96155 0.024589
0.9595 0.024533
0.65749 0.029199
0.93844 0.039154
0.67047 0.034132
0.89619 0.039148
0.95215 0.024531
0.67508 0.038923
0.86474 0.03833
0.7196 0.04005
0.93507 0.02547
0.93294 0.02418
0.9359 0.025542
0.68144 0.038863
0.94345 0.02675
0.68078 0.036242
0.94727 0.027908
0.94601 0.027323
0.94722 0.027879
0.68158 0.035796
0.95145 0.029639
0.69403 0.036482
0.83073 0.03685
0.95065 0.029376
0.9554 0.033219
0.69523 0.034853
0.7969 0.037167
0.69166 0.030077
0.94014 0.035765
0.95007 0.035037
0.94204 0.036328
0.69718 0.029062
0.74065 0.039161
0.69907 0.023433
0.73425 0.037979
0.92793 0.034008
0.92591 0.033681
0.70667 0.027596
0.92276 0.033546
0.71506 0.026949
0.74385 0.040059
0.92027 0.033277
0.91597 0.032824
0.72676 0.036847
0.75686 0.039878
0.72521 0.024318
0.8095 0.037382
0.90985 0.031745
0.91321 0.031928
0.74243 0.03375
0.91235 0.031644
0.75453 0.03619
0.77847 0.038314
0.91258 0.031715
0.91145 0.031236
0.74178 0.02676
0.80809 0.036965
0.75213 0.02673
0.77768 0.036091
0.90659 0.031169
0.76758 0.030396
0.79278 0.038037
0.7593 0.025729
0.79011 0.037667
0.88383 0.03931
0.87375 0.039144
0.77263 0.027533
0.80001 0.033687
0.78053 0.026878
0.81975 0.037526
0.87117 0.038115
0.87223 0.03904
0.78747 0.028983
0.874 0.039112
0.81374 0.033073
0.81866 0.037442
0.87537 0.039075
0.88328 0.03896
0.81486 0.031455
0.8455 0.035518
0.82013 0.031491
0.83748 0.029789
0.88023 0.036656
0.87691 0.035194
0.81811 0.026549
0.84256 0.031709
0.82699 0.022723
0.85623 0.031453
0.87443 0.032674
0.87505 0.030212
0.84343 0.024632
0.8613 0.028576
0.85135 0.023439
0.87792 0.025094
0.87506 0.02796
0.87541 0.026798
0.86798 0.022246
0.88456 0.02384
0.95045 0.020358
0.94996 0.022226
