348
0.065533 0.020873
0.045828 0.024085
0.11734 0.020578
0.066481 0.025176
0.03171 0.023931
0.067214 0.025203
0.13933 0.020973
0.14755 0.023067
0.17101 0.021744
0.10469 0.027759
0.10016 0.026654
0.10511 0.027938
0.18556 0.025047
0.17524 0.027067
0.18948 0.027885
0.12147 0.027882
0.11271 0.02815
0.12009 0.027811
0.19575 0.02996
0.12467 0.028807
0.20182 0.028808
0.17944 0.039703
0.12346 0.029114
0.11739 0.030154
0.19764 0.032364
0.11752 0.030725
0.22156 0.026118
0.19136 0.038615
0.11506 0.030817
0.12223 0.030869
0.22922 0.029665
0.13204 0.031961
0.23707 0.027818
0.19062 0.039023
0.13192 0.031759
0.12826 0.031611
0.24268 0.02521
0.11892 0.031791
0.25372 0.026422
0.22567 0.038186
0.11612 0.032487
0.26096 0.021749
0.096447 0.031202
0.26737 0.026616
0.23842 0.038189
0.094858 0.030164
0.2691 0.030709
0.097986 0.032782
0.28032 0.023782
0.11272 0.033299
0.10973 0.033495
0.28467 0.027749
0.24456 0.039396
0.2844 0.030033
0.25706 0.038727
0.13208 0.037903
0.30109 0.028794
0.2645 0.039568
0.30519 0.031697
0.12452 0.034554
0.12919 0.03576
0.12576 0.034623
0.31199 0.032573
0.11505 0.03469
0.32658 0.02594
0.10809 0.034918
0.11501 0.034683
0.10798 0.034949
0.31939 0.031311
0.090727 0.029857
0.32152 0.033743
0.24113 0.040265
0.098393 0.035675
0.081831 0.029424
0.34175 0.026198
0.06109 0.032189
0.34685 0.026454
0.19449 0.038127
0.065706 0.032047
0.050046 0.03246
0.34989 0.02664
0.1323 0.039125
0.33929 0.037421
0.22198 0.039978
0.043463 0.030291
0.033279 0.027119
0.30793 0.040336
0.14936 0.040992
0.34841 0.0362
0.15507 0.041028
0.028851 0.027494
0.027181 0.03028
0.30276 0.038729
0.066815 0.03505
0.3616 0.029631
0.031499 0.034983
0.028973 0.033543
0.03154 0.035074
0.32619 0.039207
0.048743 0.034539
0.20746 0.038143
0.063837 0.039401
0.031669 0.035286
0.032427 0.036415
0.3589 0.037842
0.032736 0.037386
0.3565 0.038773
0.076949 0.033181
0.033359 0.037921
0.35969 0.039662
0.04447 0.035421
0.36726 0.038219
0.076286 0.034226
0.034712 0.03817
0.36716 0.039544
0.03683 0.038452
0.33304 0.038652
0.098145 0.038662
0.039153 0.038724
0.043814 0.039386
0.31683 0.039843
0.13169 0.039073
0.37354 0.026963
0.081609 0.037574
0.11429 0.038955
0.073996 0.039218
0.32352 0.039752
0.37392 0.028086
0.28571 0.03881
0.381 0.022355
0.38031 0.026225
0.37571 0.033376
0.08677 0.038193
0.38287 0.032871
0.29218 0.03799
0.071001 0.039278
0.069756 0.039345
0.39979 0.031722
0.39492 0.034335
0.37715 0.037394
0.38219 0.035176
0.4057 0.037377
0.40534 0.037488
0.39031 0.037146
0.38236 0.036219
0.39113 0.037237
0.4258 0.037451
0.42705 0.021638
0.43617 0.024063
0.45022 0.020678
0.47932 0.021395
0.4078 0.024939
0.45565 0.022888
0.41598 0.029955
0.41685 0.031707
0.45042 0.02951
0.47185 0.021818
0.44767 0.036546
0.45136 0.036888
0.46276 0.028214
0.46759 0.023032
0.44317 0.038093
0.45519 0.036926
0.45965 0.026419
0.46539 0.026155
0.45596 0.03677
0.4729 0.035363
0.47684 0.024858
0.4751 0.029564
0.47271 0.035402
0.47165 0.025404
0.51512 0.021039
0.49982 0.021002
0.57885 0.020305
0.54069 0.022151
0.5626 0.02455
0.48593 0.021308
0.52342 0.027614
0.49811 0.023306
0.49573 0.023896
0.54781 0.028497
0.55401 0.03236
0.49076 0.024097
0.50483 0.027127
0.51241 0.032284
0.54379 0.033459
0.49224 0.026599
0.50409 0.03129
0.5073 0.034822
0.54448 0.036046
0.50278 0.031347
0.48949 0.028067
0.50398 0.035013
0.48263 0.034937
0.48328 0.026564
0.51352 0.03485
0.59505 0.021026
0.59665 0.025681
0.61669 0.029666
0.69522 0.038044
0.60355 0.034149
0.65579 0.038607
0.60586 0.038608
0.56826 0.032221
0.89892 0.039142
0.57873 0.032879
0.57372 0.036372
0.96986 0.035345
0.96979 0.028885
0.56581 0.037465
0.58404 0.037094
0.91616 0.03788
0.63168 0.035115
0.54919 0.035951
0.48256 0.034944
0.63976 0.03857
0.60773 0.039006
0.62604 0.031321
0.96491 0.038274
0.66507 0.037786
0.92348 0.037363
0.96159 0.025121
0.97411 0.025848
0.96662 0.026784
0.96818 0.027519
0.86713 0.037696
0.61959 0.0396
0.63543 0.028577
0.97545 0.02631
0.65718 0.037494
0.97582 0.026352
0.97578 0.026439
0.97565 0.026183
0.63255 0.026087
0.97503 0.025816
0.78101 0.038558
0.94908 0.038465
0.97496 0.025786
0.77083 0.038061
0.96906 0.024746
0.8486 0.038205
0.9677 0.024639
0.97019 0.024844
0.9646 0.024469
0.65522 0.032594
0.95676 0.038637
0.7003 0.03888
0.95491 0.024141
0.96014 0.024272
0.95801 0.02422
0.65548 0.028626
0.9345 0.038904
0.66898 0.03417
0.89398 0.039663
0.95007 0.024217
0.67361 0.03928
0.86469 0.038629
0.71957 0.039506
0.93219 0.025479
0.93011 0.024233
0.933 0.025528
0.67955 0.039618
0.94067 0.026472
0.67898 0.036858
0.9448 0.027428
0.94343 0.026925
0.94475 0.027403
0.6797 0.036437
0.94932 0.028972
0.69083 0.037216
0.82882 0.038496
0.94846 0.02872
0.95367 0.032306
0.69205 0.03535
0.80015 0.037559
0.68914 0.0307
0.93649 0.035411
0.94772 0.033968
0.93851 0.035798
0.69431 0.029193
0.73763 0.038873
0.69608 0.023428
0.73213 0.038334
0.92498 0.034319
0.92307 0.033955
0.70417 0.02709
0.92006 0.033769
0.71347 0.026497
0.74121 0.039358
0.91767 0.033459
0.91342 0.032939
0.7256 0.037177
0.75638 0.038648
0.72393 0.02435
0.81086 0.039531
0.90734 0.031804
0.91068 0.031997
0.74028 0.033365
0.90983 0.031701
0.7537 0.03514
0.77994 0.03737
0.91006 0.031775
0.90894 0.031285
0.73999 0.02659
0.80965 0.038916
0.75114 0.02627
0.77881 0.035275
0.9041 0.031283
0.76762 0.029881
0.79578 0.037799
0.75887 0.025388
0.79274 0.037005
0.88223 0.040168
0.87296 0.040256
0.77285 0.027181
0.8024 0.034287
0.78115 0.026513
0.8193 0.039476
0.87055 0.039231
0.87158 0.040185
0.78852 0.028456
0.87318 0.040215
0.8141 0.034628
0.81841 0.039406
0.87442 0.040142
0.8817 0.039817
0.81498 0.032802
0.84293 0.035
0.81958 0.032765
0.83538 0.030161
0.87875 0.037478
0.87564 0.036013
0.81777 0.027292
0.83996 0.031626
0.82582 0.023
0.85525 0.030859
0.87321 0.0334
0.87364 0.030789
0.84112 0.024555
0.86067 0.028462
0.84981 0.023136
0.87632 0.025362
0.87363 0.028409
0.87396 0.027178
0.86696 0.022329
0.88266 0.024007
0.94824 0.020333
0.9477 0.022065
