348
0.027489 0.024284
0.027067 0.043186
0.037741 0.022664
0.03331 0.0432
0.023135 0.043186
0.03354 0.043201
0.041996 0.024949
0.047067 0.032148
0.050805 0.024206
0.052431 0.043324
0.046685 0.043255
0.053637 0.043348
0.062314 0.024058
0.06004 0.031682
0.069239 0.025156
0.071547 0.043723
0.066027 0.043595
0.070769 0.043702
0.083309 0.027007
0.082744 0.044031
0.089791 0.02691
0.093466 0.036002
0.084746 0.044087
0.092958 0.044413
0.098995 0.029415
0.10433 0.044992
0.10809 0.025511
0.11182 0.03297
0.098837 0.044708
0.10926 0.045299
0.12129 0.027979
0.12142 0.046293
0.12781 0.02702
0.13029 0.037594
0.11813 0.046015
0.12686 0.046778
0.13301 0.025419
0.13432 0.047675
0.14369 0.027004
0.14331 0.036079
0.13764 0.048117
0.15032 0.021675
0.15253 0.051889
0.15698 0.026959
0.1553 0.03707
0.15576 0.053314
0.16604 0.031248
0.16235 0.057041
0.1698 0.024889
0.16628 0.058541
0.16589 0.058391
0.17847 0.0315
0.17374 0.044623
0.183 0.035105
0.18006 0.045604
0.17198 0.06101
0.18692 0.032516
0.18593 0.047727
0.19204 0.035577
0.17735 0.069287
0.17604 0.066488
0.17707 0.068649
0.1967 0.03638
0.17844 0.073009
0.20072 0.029737
0.17902 0.075025
0.17844 0.07302
0.17903 0.075067
0.20234 0.03852
0.17782 0.079934
0.20555 0.043453
0.20074 0.061314
0.17879 0.077908
0.17689 0.081574
0.21027 0.029368
0.17096 0.08563
0.2144 0.028971
0.20236 0.066983
0.17227 0.085021
0.16588 0.087761
0.217 0.029223
0.19605 0.079369
0.21505 0.047373
0.20719 0.070298
0.16257 0.088903
0.15512 0.092403
0.21316 0.061197
0.19968 0.080852
0.22069 0.042161
0.20085 0.081512
0.15052 0.09547
0.14813 0.097678
0.2156 0.067299
0.1761 0.091721
0.22551 0.032877
0.14365 0.10388
0.14541 0.10103
0.14351 0.10419
0.22002 0.066065
0.16498 0.096471
0.21049 0.081299
0.1743 0.096364
0.14318 0.10504
0.14122 0.10979
0.22712 0.046032
0.13846 0.11434
0.22699 0.058668
0.1822 0.097751
0.13658 0.12167
0.22794 0.057237
0.15889 0.10611
0.23057 0.043684
0.18236 0.099931
0.13844 0.12611
0.23024 0.062082
0.14106 0.12811
0.22527 0.075496
0.18852 0.10058
0.14267 0.12851
0.14574 0.12669
0.22389 0.078526
0.19977 0.096257
0.23567 0.031359
0.17728 0.10563
0.19247 0.10114
0.16292 0.11525
0.22744 0.087693
0.23707 0.033787
0.2215 0.084603
0.24753 0.024724
0.24719 0.03379
0.2435 0.046615
0.17589 0.10886
0.25119 0.043314
0.22279 0.087371
0.16219 0.11526
0.16157 0.11581
0.26212 0.033446
0.25907 0.038824
0.24736 0.063753
0.25052 0.061446
0.26519 0.037505
0.26706 0.037819
0.26195 0.044672
0.27956 0.039221
0.29113 0.037299
0.29694 0.035709
0.30089 0.020866
0.32761 0.021107
0.39848 0.020218
0.47805 0.02146
0.27279 0.023503
0.42232 0.021357
0.28888 0.025973
0.28935 0.026913
0.38968 0.022518
0.47114 0.023513
0.33398 0.02556
0.3578 0.025044
0.40595 0.023888
0.46825 0.024836
0.32542 0.027923
0.38533 0.027177
0.43142 0.025386
0.45737 0.027059
0.38964 0.027736
0.32436 0.031843
0.47486 0.027782
0.43389 0.029393
0.38169 0.0297
0.47047 0.029715
0.59265 0.020371
0.56381 0.020955
0.74162 0.02043
0.68297 0.020901
0.72148 0.023102
0.52526 0.022312
0.63951 0.022227
0.56189 0.023275
0.55725 0.024084
0.69038 0.023977
0.69352 0.025493
0.54379 0.024848
0.57115 0.026074
0.64731 0.023878
0.69068 0.027353
0.55003 0.026713
0.57921 0.027661
0.67146 0.027366
0.66127 0.027751
0.57374 0.029171
0.53803 0.029049
0.62049 0.027057
0.66564 0.03057
0.52338 0.029469
0.63054 0.028772
0.7509 0.021587
0.75232 0.028893
0.7614 0.041991
0.77506 0.079893
0.75435 0.042275
0.76789 0.070445
0.74637 0.046052
0.72252 0.028581
0.80739 0.10108
0.72821 0.031655
0.71829 0.031531
0.84165 0.11374
0.84575 0.11625
0.70667 0.030385
0.71304 0.034508
0.80875 0.10289
0.76165 0.078487
0.70135 0.034201
0.68106 0.03292
0.73808 0.054948
0.72016 0.040897
0.76452 0.049528
0.83666 0.10922
0.7709 0.065798
0.81159 0.09898
0.85357 0.11669
0.86987 0.1294
0.84863 0.11741
0.84751 0.11713
0.79678 0.096913
0.75872 0.075815
0.76652 0.049551
0.87302 0.13186
0.77059 0.060012
0.87531 0.13208
0.87408 0.13231
0.87597 0.13155
0.76801 0.037301
0.87695 0.12966
0.78818 0.081212
0.82647 0.10136
0.87698 0.12949
0.7882 0.079292
0.87225 0.1203
0.7956 0.084077
0.87127 0.11873
0.87314 0.12167
0.86916 0.11511
0.77345 0.048452
0.82943 0.099342
0.78086 0.064192
0.86537 0.10585
0.86703 0.11028
0.86637 0.10829
0.77534 0.038589
0.81667 0.09119
0.77789 0.049727
0.81095 0.086748
0.86317 0.10302
0.77975 0.051573
0.80103 0.078281
0.78546 0.060374
0.84486 0.094759
0.85234 0.098326
0.84465 0.094609
0.7853 0.052341
0.84305 0.093168
0.7864 0.045469
0.84121 0.090891
0.84208 0.091955
0.84126 0.090947
0.78705 0.044589
0.83779 0.087409
0.791 0.048046
0.80083 0.066444
0.83837 0.087911
0.83191 0.082821
0.79277 0.043827
0.80054 0.061246
0.79442 0.035423
0.82614 0.077352
0.82844 0.080029
0.82664 0.078019
0.79725 0.033117
0.80235 0.052307
0.80091 0.024949
0.80523 0.049388
0.82443 0.073265
0.82506 0.071351
0.8057 0.03025
0.82536 0.069517
0.81153 0.029619
0.81415 0.044858
0.82589 0.068478
0.82718 0.066673
0.81576 0.035911
0.81942 0.043423
0.82038 0.024635
0.82448 0.04703
0.82876 0.063776
0.83229 0.061447
0.82723 0.03383
0.83376 0.059873
0.83323 0.033737
0.83393 0.03954
0.83333 0.060333
0.83716 0.057019
0.83989 0.026398
0.8417 0.041099
0.84946 0.02549
0.84575 0.03575
0.84071 0.054303
0.85828 0.030193
0.85863 0.037054
0.8618 0.024234
0.8672 0.034256
0.85508 0.048508
0.86183 0.04748
0.87027 0.027649
0.87218 0.034786
0.88193 0.025786
0.8824 0.035854
0.8728 0.046284
0.88312 0.045615
0.89026 0.026243
0.88611 0.045446
0.8996 0.029814
0.89729 0.032339
0.8871 0.04539
0.89592 0.044885
0.90934 0.028511
0.9093 0.035188
0.91849 0.02916
0.91845 0.032471
0.90817 0.044194
0.91721 0.043876
0.92988 0.025782
0.9233 0.032466
0.93965 0.023597
0.93842 0.033804
0.92798 0.043623
0.93583 0.043482
0.94905 0.026973
0.94373 0.034316
0.95442 0.025661
0.95937 0.043233
0.94899 0.043289
0.95359 0.043255
0.96402 0.028742
0.963 0.043219
0.9779 0.024564
0.97514 0.043191
