348
0.077299 0.020683
0.052736 0.023234
0.13168 0.020599
0.078571 0.024031
0.03485 0.023102
0.079555 0.024037
0.15442 0.020945
0.16331 0.022646
0.18791 0.021754
0.12042 0.028578
0.11648 0.027182
0.12081 0.028796
0.20368 0.024692
0.19247 0.026814
0.20787 0.027448
0.13588 0.02787
0.12762 0.02875
0.13436 0.027906
0.21443 0.029884
0.13942 0.028542
0.2203 0.029029
0.19662 0.038255
0.13814 0.028926
0.1317 0.030522
0.21615 0.032462
0.13171 0.031111
0.2403 0.025692
0.20965 0.038327
0.12953 0.031402
0.1367 0.030772
0.24854 0.029184
0.14768 0.031863
0.25675 0.027389
0.20892 0.03855
0.14752 0.031637
0.14345 0.031072
0.26248 0.024818
0.13281 0.032096
0.27498 0.025753
0.24289 0.036706
0.13018 0.033117
0.28319 0.021656
0.11305 0.031849
0.28962 0.026711
0.25705 0.037222
0.11151 0.030641
0.29126 0.030889
0.11445 0.033651
0.30224 0.023785
0.12711 0.034337
0.12444 0.035103
0.30669 0.027558
0.26375 0.037971
0.30647 0.029803
0.27925 0.037229
0.14872 0.038063
0.32303 0.028463
0.28701 0.039348
0.32755 0.031143
0.13919 0.03411
0.14485 0.035181
0.14063 0.034042
0.33503 0.031864
0.12891 0.035505
0.35001 0.025574
0.12283 0.036782
0.12888 0.035499
0.12272 0.036811
0.34286 0.030585
0.10745 0.029843
0.34501 0.03284
0.25944 0.038954
0.11473 0.036796
0.098304 0.028328
0.36639 0.026248
0.071305 0.029667
0.37146 0.026739
0.21281 0.038211
0.077407 0.029421
0.057838 0.02997
0.37427 0.026856
0.14918 0.038958
0.3643 0.037153
0.23808 0.038607
0.049772 0.028132
0.03684 0.025618
0.33058 0.039335
0.16686 0.037193
0.37337 0.036885
0.17492 0.039509
0.031224 0.025909
0.029176 0.028107
0.3249 0.038163
0.078857 0.031716
0.3856 0.029715
0.034558 0.031862
0.031399 0.030679
0.034607 0.031935
0.34961 0.038559
0.056025 0.031655
0.22383 0.038808
0.07411 0.035296
0.034763 0.032105
0.035678 0.033014
0.38251 0.038422
0.036033 0.033794
0.37994 0.039608
0.092894 0.030942
0.036791 0.034228
0.38323 0.040205
0.050695 0.032252
0.39099 0.038324
0.092174 0.031718
0.038459 0.034438
0.39086 0.039632
0.041062 0.034676
0.35809 0.037723
0.11445 0.039908
0.043895 0.03489
0.049653 0.035361
0.34064 0.038877
0.1484 0.03871
0.39759 0.02751
0.099711 0.035784
0.12763 0.040149
0.089668 0.03543
0.34684 0.038849
0.39797 0.028754
0.30753 0.037828
0.40408 0.022701
0.40353 0.027115
0.3996 0.034772
0.10452 0.037373
0.40507 0.03492
0.31444 0.038108
0.085178 0.034958
0.083279 0.034922
0.41997 0.032455
0.41486 0.035726
0.40062 0.039553
0.40432 0.037537
0.42515 0.039158
0.42476 0.039233
0.40986 0.039942
0.40433 0.038766
0.41064 0.03984
0.44285 0.039664
0.44529 0.021828
0.45342 0.024464
0.46656 0.020751
0.49059 0.02189
0.42837 0.025419
0.47168 0.023172
0.43528 0.031211
0.43573 0.033255
0.46673 0.030551
0.48528 0.022322
0.46373 0.038194
0.46797 0.038845
0.47755 0.029792
0.48208 0.02382
0.45904 0.039473
0.47223 0.038622
0.47497 0.027344
0.48023 0.0276
0.47297 0.038598
0.48806 0.039876
0.48882 0.026435
0.48801 0.032474
0.48793 0.039875
0.48514 0.026899
0.51729 0.021387
0.50576 0.021328
0.57309 0.020333
0.53649 0.022527
0.55778 0.024708
0.49554 0.021783
0.52354 0.030195
0.5045 0.024382
0.50277 0.025189
0.54317 0.029212
0.54906 0.03272
0.49921 0.025512
0.50961 0.029609
0.51598 0.036403
0.53848 0.035473
0.50026 0.028851
0.50975 0.035266
0.51276 0.039704
0.53881 0.038252
0.50876 0.035386
0.49845 0.030875
0.51031 0.040068
0.49479 0.040447
0.49356 0.028991
0.51691 0.039624
0.5877 0.02113
0.58917 0.026251
0.60906 0.029267
0.6961 0.038196
0.59565 0.034552
0.651 0.036825
0.59799 0.038963
0.5634 0.032834
0.90158 0.039158
0.57314 0.034083
0.56864 0.037331
0.97013 0.035642
0.96998 0.029057
0.56131 0.038058
0.57804 0.038827
0.91556 0.038875
0.62467 0.034708
0.54374 0.037268
0.49474 0.040455
0.6333 0.038016
0.60033 0.039118
0.61893 0.031063
0.96538 0.038737
0.661 0.036129
0.923 0.037052
0.96193 0.025269
0.97422 0.025955
0.96686 0.026941
0.96839 0.027678
0.86379 0.035236
0.61307 0.038938
0.62824 0.028351
0.97553 0.026426
0.65243 0.036103
0.9759 0.026468
0.97586 0.026557
0.97573 0.026297
0.62526 0.025895
0.97512 0.025923
0.77551 0.038102
0.95059 0.039224
0.97505 0.025893
0.76423 0.037188
0.96926 0.024842
0.84288 0.036157
0.96792 0.02474
0.97037 0.024934
0.96488 0.024583
0.64974 0.031378
0.95769 0.039291
0.70203 0.03987
0.95549 0.024293
0.96052 0.024403
0.95847 0.024359
0.64963 0.027785
0.93607 0.038059
0.66463 0.032763
0.89608 0.038187
0.95084 0.024391
0.67077 0.037163
0.86099 0.036109
0.71972 0.042445
0.93278 0.025134
0.93051 0.023915
0.93365 0.025205
0.67786 0.037287
0.94181 0.026387
0.67679 0.034753
0.94578 0.027508
0.94446 0.026945
0.94573 0.027481
0.67759 0.034507
0.95012 0.02931
0.69105 0.03643
0.82124 0.037836
0.94929 0.029004
0.95445 0.032777
0.69179 0.03476
0.79246 0.039275
0.6877 0.030048
0.93805 0.034889
0.94894 0.034399
0.9404 0.035471
0.69246 0.028942
0.73322 0.041742
0.69424 0.023409
0.72878 0.041522
0.92484 0.033838
0.92266 0.033761
0.70231 0.027514
0.91923 0.034015
0.71062 0.027245
0.73612 0.041736
0.91708 0.034009
0.91346 0.033995
0.72384 0.040341
0.74957 0.038624
0.71987 0.025101
0.80269 0.039831
0.90825 0.033091
0.91113 0.033304
0.73437 0.035296
0.91039 0.033076
0.74651 0.035528
0.77419 0.036751
0.91058 0.033134
0.90962 0.032645
0.73337 0.027579
0.80148 0.039255
0.74331 0.026594
0.77267 0.03445
0.90545 0.03197
0.76006 0.029501
0.789 0.0394
0.75112 0.025304
0.78655 0.038339
0.8817 0.037241
0.87068 0.037363
0.76558 0.026822
0.79448 0.035432
0.77442 0.026288
0.81177 0.03937
0.86782 0.036517
0.86904 0.037337
0.78212 0.028765
0.87094 0.037328
0.80608 0.034751
0.81081 0.039398
0.87241 0.037259
0.88103 0.036944
0.80696 0.032882
0.83631 0.033603
0.81174 0.032712
0.82783 0.029498
0.87748 0.034955
0.87375 0.033711
0.80976 0.027299
0.83286 0.030658
0.81766 0.022936
0.84992 0.029378
0.87081 0.031478
0.87131 0.029238
0.8339 0.02416
0.85604 0.027268
0.8436 0.022778
0.87447 0.024588
0.87131 0.0272
0.8717 0.026146
0.8635 0.021992
0.88185 0.023425
0.94908 0.020344
0.94857 0.022123
