348
0.047985 0.021183
0.034144 0.026414
0.091472 0.020636
0.04866 0.026998
0.026145 0.027398
0.049182 0.027021
0.1113 0.021057
0.11973 0.02268
0.14487 0.021872
0.080588 0.029086
0.077269 0.027645
0.08094 0.029309
0.16016 0.024466
0.14872 0.026911
0.16447 0.027124
0.095343 0.028572
0.087457 0.029339
0.094238 0.028542
0.17213 0.02953
0.09847 0.029632
0.17745 0.028768
0.1505 0.041754
0.097278 0.029924
0.091442 0.031146
0.17454 0.032067
0.091459 0.031745
0.19559 0.025922
0.16716 0.036974
0.089197 0.031935
0.096112 0.031782
0.20483 0.027955
0.1056 0.032692
0.21467 0.026243
0.16629 0.038336
0.10551 0.032485
0.10237 0.033018
0.22215 0.024636
0.092713 0.032926
0.23347 0.026473
0.19968 0.035623
0.089944 0.033467
0.24071 0.021717
0.073176 0.032464
0.24684 0.026694
0.21312 0.034345
0.071857 0.031486
0.24755 0.030428
0.074901 0.034264
0.26258 0.023189
0.087123 0.035188
0.085108 0.035753
0.2674 0.026924
0.21927 0.03736
0.26647 0.02878
0.23256 0.039523
0.10536 0.038474
0.2814 0.02922
0.23937 0.040718
0.28463 0.031078
0.098401 0.035686
0.10324 0.037334
0.099777 0.035964
0.29279 0.030165
0.088774 0.035958
0.30999 0.025878
0.083862 0.037429
0.088743 0.035966
0.08376 0.037463
0.30345 0.030219
0.068215 0.030832
0.30521 0.03235
0.21492 0.03999
0.075585 0.037308
0.060121 0.031364
0.32561 0.02623
0.044394 0.036531
0.33147 0.025857
0.17217 0.03943
0.04728 0.036085
0.036998 0.037978
0.33501 0.025805
0.1051 0.043608
0.32386 0.036752
0.19461 0.042465
0.032289 0.036666
0.026756 0.033186
0.28219 0.039794
0.12535 0.038127
0.33473 0.033792
0.13743 0.040469
0.024482 0.034275
0.023668 0.039945
0.27632 0.03957
0.047795 0.039889
0.34925 0.027049
0.026778 0.048719
0.02506 0.046755
0.026822 0.048864
0.30753 0.039736
0.036873 0.041426
0.18496 0.041377
0.045678 0.046279
0.026945 0.049182
0.027683 0.050791
0.34558 0.033991
0.028138 0.05225
0.34189 0.037966
0.05526 0.036066
0.028744 0.053126
0.34579 0.037412
0.034878 0.043938
0.35425 0.033488
0.054563 0.037359
0.029756 0.052901
0.35306 0.038212
0.031564 0.051901
0.31646 0.039234
0.075515 0.041227
0.03298 0.051189
0.035778 0.050682
0.29699 0.039864
0.10463 0.044206
0.36573 0.026789
0.05727 0.040859
0.087847 0.043423
0.051742 0.045506
0.30558 0.040214
0.36633 0.02809
0.26216 0.038217
0.39149 0.022576
0.38873 0.027117
0.36925 0.03429
0.061903 0.042218
0.39136 0.033242
0.26697 0.03814
0.049553 0.047284
0.048595 0.048197
0.41083 0.032983
0.40577 0.035511
0.37036 0.040381
0.38318 0.037169
0.41235 0.038952
0.41148 0.040183
0.39963 0.03918
0.38095 0.039397
0.40043 0.040427
0.43368 0.04035
0.4367 0.021853
0.44654 0.023672
0.46228 0.020677
0.48692 0.02146
0.42116 0.025246
0.467 0.023223
0.42824 0.031879
0.42848 0.033523
0.46183 0.029527
0.48037 0.021974
0.45855 0.035997
0.46198 0.037527
0.47185 0.029931
0.47682 0.023491
0.4532 0.040034
0.4634 0.039893
0.47025 0.027422
0.47497 0.027356
0.46376 0.039649
0.47334 0.038051
0.48435 0.025178
0.48044 0.030452
0.47311 0.038317
0.48019 0.025873
0.5202 0.021297
0.50772 0.021141
0.57477 0.020411
0.54133 0.022319
0.56173 0.025037
0.49449 0.021336
0.52675 0.029365
0.50636 0.023736
0.5042 0.024313
0.54832 0.029182
0.5526 0.032638
0.49936 0.024178
0.5116 0.028455
0.51533 0.034351
0.54225 0.034384
0.50074 0.026844
0.50908 0.032773
0.50964 0.037168
0.5415 0.039801
0.50771 0.032615
0.4972 0.028132
0.50553 0.036978
0.48085 0.036829
0.49164 0.026716
0.51481 0.039054
0.58815 0.021094
0.58989 0.025975
0.61152 0.027684
0.69741 0.03956
0.59758 0.032925
0.66045 0.040034
0.59925 0.036474
0.5671 0.034603
0.92152 0.041722
0.57345 0.036957
0.57029 0.039728
0.97326 0.043079
0.97344 0.033599
0.56365 0.040209
0.57707 0.040588
0.93378 0.046608
0.63665 0.034734
0.5463 0.037736
0.48072 0.036856
0.64528 0.040124
0.60145 0.037862
0.62581 0.028518
0.96875 0.046602
0.66697 0.039528
0.93836 0.046673
0.9679 0.027671
0.97621 0.02909
0.97137 0.030393
0.97235 0.031572
0.87249 0.042871
0.61946 0.034207
0.63517 0.029143
0.97707 0.029808
0.66041 0.03796
0.97731 0.029872
0.97728 0.030008
0.9772 0.029611
0.63236 0.025944
0.9768 0.029041
0.77844 0.040115
0.95708 0.045942
0.97676 0.028994
0.77059 0.040236
0.97296 0.027281
0.85281 0.040987
0.97208 0.027143
0.97369 0.027422
0.97001 0.026781
0.65611 0.032532
0.96311 0.045897
0.70107 0.038318
0.96375 0.025917
0.96695 0.026366
0.96565 0.026174
0.6548 0.02867
0.9441 0.046862
0.66824 0.034202
0.9152 0.040084
0.96016 0.02578
0.67488 0.036932
0.86961 0.042782
0.72294 0.037505
0.94558 0.027759
0.94417 0.026125
0.94614 0.027744
0.68546 0.038737
0.95263 0.027919
0.68203 0.035266
0.95595 0.029021
0.95487 0.028368
0.95591 0.028986
0.68257 0.034975
0.95948 0.032163
0.69359 0.037641
0.83455 0.039659
0.95876 0.031566
0.96244 0.037213
0.69333 0.035774
0.80159 0.038528
0.68853 0.031121
0.9476 0.039791
0.95749 0.037931
0.94991 0.039198
0.69182 0.029613
0.74724 0.041367
0.69349 0.023657
0.74258 0.039717
0.94004 0.042156
0.93913 0.041394
0.70161 0.026654
0.93714 0.04035
0.71194 0.02589
0.74897 0.040445
0.93581 0.039384
0.93375 0.037929
0.73234 0.033689
0.75531 0.041706
0.72357 0.023642
0.81225 0.039097
0.92959 0.035968
0.93207 0.036354
0.74526 0.033468
0.9315 0.035982
0.7534 0.035977
0.77803 0.037169
0.93165 0.036073
0.93088 0.035475
0.7437 0.026565
0.81121 0.038799
0.75233 0.026793
0.77774 0.035026
0.92699 0.034313
0.76904 0.030504
0.7973 0.036578
0.76084 0.025296
0.79389 0.035583
0.89927 0.040829
0.88953 0.040794
0.77457 0.028027
0.8035 0.034527
0.78184 0.026625
0.82495 0.038879
0.88215 0.040923
0.88655 0.040001
0.78989 0.027931
0.88999 0.040153
0.81486 0.032977
0.82278 0.037738
0.89192 0.040207
0.90001 0.038166
0.81577 0.031716
0.84582 0.033757
0.82273 0.032324
0.83755 0.031129
0.89878 0.036603
0.8966 0.035709
0.81977 0.027244
0.84286 0.03084
0.82801 0.022993
0.85721 0.030516
0.89421 0.033573
0.89655 0.031166
0.843 0.024226
0.86184 0.028803
0.85165 0.023245
0.90091 0.025415
0.89747 0.02874
0.89819 0.027429
0.87311 0.022906
0.90619 0.023972
0.9587 0.020439
0.95827 0.022685
