348
0.063169 0.020923
0.043467 0.024178
0.11087 0.02056
0.063982 0.025513
0.030369 0.024401
0.064613 0.025572
0.13323 0.021038
0.14088 0.023094
0.16349 0.022018
0.09846 0.028136
0.094342 0.027051
0.098857 0.028311
0.1767 0.025526
0.16707 0.027657
0.18001 0.028694
0.11544 0.027562
0.10628 0.028149
0.11398 0.027521
0.18576 0.031364
0.11873 0.02841
0.19097 0.02941
0.16726 0.042129
0.11747 0.028694
0.11082 0.029821
0.18725 0.033822
0.11096 0.030357
0.21088 0.02579
0.17964 0.040278
0.10845 0.030667
0.11633 0.03038
0.21916 0.029372
0.12679 0.032107
0.22703 0.0272
0.17891 0.040895
0.12664 0.031904
0.12296 0.03143
0.23386 0.024925
0.11259 0.031331
0.2447 0.026454
0.2161 0.037379
0.10954 0.032087
0.25231 0.02165
0.09001 0.032062
0.25882 0.026251
0.22791 0.036682
0.08886 0.031069
0.26008 0.030004
0.091444 0.033554
0.27331 0.023748
0.10622 0.033226
0.10334 0.033615
0.27748 0.027896
0.23465 0.038189
0.27688 0.030139
0.24596 0.038529
0.12747 0.037875
0.29175 0.029185
0.25253 0.038551
0.29545 0.031563
0.11921 0.033808
0.12444 0.035655
0.12077 0.034027
0.30232 0.031911
0.10846 0.034366
0.31836 0.025844
0.10173 0.03522
0.10843 0.034367
0.10161 0.035264
0.31078 0.030698
0.085376 0.03083
0.31271 0.032888
0.23068 0.039348
0.091663 0.036396
0.077675 0.03071
0.33308 0.026757
0.059905 0.032571
0.33808 0.026442
0.18303 0.040412
0.063549 0.032731
0.048653 0.032121
0.34121 0.026318
0.12793 0.040163
0.33199 0.038026
0.21193 0.039252
0.041356 0.030709
0.031758 0.027895
0.29467 0.039351
0.14209 0.040932
0.3415 0.035266
0.14854 0.040425
0.027837 0.02846
0.026458 0.03161
0.28871 0.038922
0.064681 0.035976
0.35488 0.028734
0.031597 0.036631
0.02873 0.035262
0.031666 0.036722
0.31693 0.038796
0.048328 0.034244
0.19565 0.038168
0.063103 0.040177
0.031858 0.03693
0.032998 0.038029
0.35318 0.036284
0.033655 0.039005
0.3501 0.036564
0.073112 0.034737
0.034572 0.039605
0.35455 0.03832
0.04489 0.035595
0.36096 0.038461
0.072444 0.035905
0.036176 0.039724
0.36107 0.040982
0.038781 0.039666
0.3258 0.038864
0.09111 0.039429
0.041349 0.039599
0.046462 0.039901
0.30581 0.039336
0.1274 0.040259
0.36596 0.02801
0.075634 0.03974
0.1077 0.039286
0.070305 0.041872
0.31396 0.03915
0.36626 0.029337
0.2751 0.0395
0.37248 0.022891
0.37191 0.027648
0.3673 0.035682
0.079403 0.041295
0.37318 0.035333
0.27992 0.039669
0.068059 0.041916
0.067141 0.041867
0.38786 0.033106
0.38291 0.03637
0.36798 0.040818
0.37234 0.037999
0.39337 0.040162
0.39308 0.040361
0.37794 0.041029
0.37232 0.039124
0.3787 0.041146
0.40996 0.039742
0.41001 0.021846
0.41933 0.024077
0.43291 0.02071
0.45958 0.021472
0.39511 0.026034
0.43771 0.023097
0.40136 0.032757
0.40216 0.034619
0.4331 0.029955
0.45307 0.021874
0.43121 0.037507
0.43442 0.037682
0.44434 0.029067
0.44901 0.023222
0.42783 0.0404
0.4367 0.038046
0.44136 0.026923
0.44692 0.026727
0.43719 0.037831
0.45094 0.035662
0.45722 0.025105
0.45512 0.029944
0.45072 0.035762
0.45288 0.025567
0.49584 0.021071
0.47916 0.020991
0.55466 0.020313
0.51724 0.022393
0.53757 0.024496
0.46649 0.021413
0.50269 0.028674
0.47752 0.023317
0.47531 0.023969
0.52402 0.029415
0.52873 0.032783
0.47088 0.024211
0.48441 0.026993
0.49074 0.032003
0.51742 0.03474
0.47218 0.026715
0.48189 0.030972
0.48356 0.034378
0.51672 0.037881
0.48043 0.031029
0.4694 0.028409
0.47973 0.034729
0.45962 0.035658
0.46411 0.027075
0.49092 0.034878
0.57047 0.021039
0.5722 0.025702
0.59667 0.026894
0.68157 0.038908
0.5776 0.032072
0.64507 0.038444
0.57739 0.035292
0.54387 0.031975
0.91151 0.041787
0.55373 0.032941
0.54913 0.035256
0.9707 0.037468
0.97109 0.030146
0.53993 0.03697
0.55951 0.036319
0.92323 0.042393
0.61832 0.033957
0.52224 0.037445
0.45949 0.035659
0.62677 0.037122
0.57862 0.03552
0.6104 0.029008
0.96542 0.040455
0.65169 0.037247
0.92911 0.040724
0.96391 0.025808
0.97485 0.026688
0.9683 0.027742
0.96966 0.028597
0.87481 0.032324
0.59984 0.033669
0.62034 0.028424
0.97602 0.027217
0.64574 0.037045
0.97635 0.027264
0.97631 0.027364
0.9762 0.027071
0.6176 0.02569
0.97565 0.026652
0.76616 0.036762
0.95175 0.041568
0.97559 0.026617
0.75666 0.038758
0.97044 0.025423
0.84962 0.035731
0.96924 0.025301
0.97142 0.025539
0.96654 0.025088
0.64212 0.032138
0.95794 0.040894
0.68578 0.038839
0.95802 0.024659
0.96261 0.024836
0.96075 0.024765
0.64113 0.028265
0.93893 0.041244
0.65495 0.033322
0.90723 0.041305
0.95367 0.024715
0.66139 0.037176
0.87156 0.032748
0.70474 0.038731
0.93741 0.026183
0.93563 0.0248
0.93809 0.026227
0.66892 0.038725
0.94522 0.027151
0.66764 0.035847
0.94893 0.028124
0.9477 0.0276
0.94888 0.028098
0.66814 0.035598
0.95303 0.030045
0.67842 0.037874
0.82925 0.03596
0.95223 0.029722
0.95645 0.033719
0.67893 0.035946
0.79002 0.034034
0.67606 0.031374
0.94119 0.036938
0.9511 0.035435
0.94321 0.037296
0.6801 0.029691
0.72293 0.038524
0.68164 0.023671
0.7163 0.038399
0.93074 0.037039
0.92915 0.036645
0.68958 0.026816
0.92661 0.036514
0.69987 0.025972
0.72726 0.038207
0.9248 0.036246
0.92209 0.035779
0.71156 0.037283
0.74365 0.039778
0.71089 0.024392
0.80363 0.033922
0.91734 0.034419
0.91996 0.034729
0.72695 0.032457
0.91929 0.034392
0.74092 0.036144
0.76491 0.035661
0.91947 0.034477
0.91858 0.033892
0.72709 0.026171
0.80235 0.033708
0.73851 0.026681
0.76378 0.033875
0.91468 0.033411
0.75309 0.030657
0.78475 0.03387
0.74528 0.02604
0.78084 0.033481
0.89597 0.038365
0.88535 0.035676
0.75814 0.027439
0.79211 0.031195
0.76671 0.02589
0.81809 0.034777
0.88073 0.033747
0.88304 0.035069
0.77571 0.026966
0.88557 0.03558
0.80765 0.030236
0.81604 0.034282
0.88714 0.03566
0.89509 0.037328
0.80897 0.029185
0.84363 0.032247
0.81673 0.029924
0.83418 0.029495
0.89119 0.034321
0.88757 0.032626
0.81327 0.025657
0.84004 0.030027
0.82374 0.022537
0.85762 0.028348
0.88359 0.030303
0.88356 0.028384
0.84054 0.023921
0.86465 0.026123
0.85041 0.022587
0.88678 0.024349
0.88346 0.026538
0.88391 0.025614
0.87359 0.021665
0.89356 0.023634
0.95203 0.020371
0.95154 0.02229
