348
0.077614 0.020704
0.053412 0.023209
0.13538 0.02056
0.078854 0.02416
0.035219 0.023035
0.079813 0.024169
0.15758 0.020945
0.16709 0.022464
0.19101 0.021976
0.12293 0.027634
0.11851 0.026313
0.12335 0.027837
0.2057 0.024809
0.195 0.027466
0.2099 0.027495
0.13998 0.027646
0.13088 0.027981
0.13833 0.027576
0.21623 0.029966
0.14353 0.028563
0.22217 0.029122
0.19732 0.039684
0.14227 0.028848
0.13539 0.029842
0.21749 0.032593
0.13542 0.030395
0.24206 0.025786
0.21033 0.038515
0.13299 0.030491
0.14084 0.030545
0.25011 0.029309
0.15105 0.032466
0.25812 0.027464
0.20955 0.038738
0.15093 0.032243
0.14726 0.031485
0.26394 0.024859
0.13665 0.031434
0.27628 0.025618
0.24447 0.037046
0.13371 0.032104
0.28495 0.021529
0.11434 0.030293
0.29214 0.026129
0.25825 0.037551
0.11266 0.029204
0.29408 0.030176
0.11582 0.031904
0.30515 0.024035
0.13025 0.033048
0.12721 0.03361
0.30902 0.028475
0.26514 0.038252
0.30895 0.030976
0.28065 0.036373
0.15117 0.03891
0.32388 0.028465
0.28954 0.037128
0.32881 0.030622
0.14333 0.034146
0.14821 0.035957
0.14462 0.034246
0.33684 0.031092
0.13226 0.034245
0.35283 0.025165
0.12531 0.03504
0.13222 0.034238
0.12519 0.035061
0.34505 0.029837
0.10802 0.028703
0.34736 0.031914
0.26089 0.039112
0.11586 0.034639
0.097864 0.028041
0.36979 0.026387
0.071775 0.029933
0.37464 0.027011
0.2136 0.038398
0.07772 0.029716
0.058587 0.029995
0.37734 0.027063
0.15143 0.039804
0.3673 0.037297
0.23957 0.03864
0.050406 0.02802
0.037258 0.025502
0.3326 0.038101
0.17026 0.035989
0.37605 0.037471
0.17964 0.040117
0.031503 0.02577
0.029404 0.02791
0.32672 0.037879
0.079059 0.032094
0.38857 0.029564
0.03492 0.031603
0.031682 0.030428
0.03497 0.031675
0.35218 0.0372
0.056746 0.031641
0.22475 0.038666
0.074347 0.035745
0.03513 0.031842
0.036067 0.032737
0.38505 0.038411
0.036432 0.033503
0.38218 0.039785
0.092511 0.031102
0.037208 0.033933
0.3858 0.040108
0.05134 0.032106
0.39411 0.037765
0.09173 0.031974
0.038918 0.034152
0.39396 0.039009
0.04157 0.034404
0.36113 0.037163
0.1152 0.037286
0.044443 0.034637
0.050281 0.035146
0.34283 0.037572
0.15082 0.03963
0.40095 0.027347
0.098265 0.035169
0.13072 0.0384
0.088968 0.036037
0.34925 0.037464
0.40134 0.028567
0.31054 0.039842
0.40754 0.022656
0.40699 0.026995
0.40314 0.034473
0.10333 0.035971
0.40868 0.034674
0.3167 0.039625
0.084836 0.035503
0.083069 0.035448
0.42397 0.032196
0.41856 0.035456
0.40418 0.039167
0.40795 0.037232
0.4291 0.038698
0.42872 0.038771
0.41364 0.039389
0.40798 0.038435
0.41442 0.039339
0.44647 0.039547
0.44937 0.021826
0.4575 0.024535
0.47006 0.020804
0.49346 0.021806
0.43236 0.025385
0.47478 0.023416
0.4393 0.031154
0.43971 0.033194
0.4701 0.031317
0.48791 0.022296
0.46658 0.039285
0.47026 0.040327
0.48015 0.030162
0.48456 0.023855
0.4624 0.040145
0.47402 0.040118
0.4778 0.027739
0.48272 0.027759
0.47467 0.040017
0.48983 0.039236
0.4916 0.02619
0.49048 0.032047
0.48969 0.039245
0.48776 0.026827
0.52237 0.021349
0.50968 0.021214
0.57583 0.02033
0.54048 0.022688
0.56087 0.024892
0.49862 0.021681
0.52846 0.030494
0.50828 0.024022
0.50638 0.024788
0.54687 0.029672
0.55309 0.033429
0.50254 0.02514
0.51392 0.028698
0.52068 0.035857
0.54295 0.036443
0.50362 0.028229
0.51397 0.033859
0.51713 0.038273
0.54354 0.039254
0.51288 0.033944
0.50171 0.030168
0.51447 0.038165
0.49751 0.039177
0.49655 0.028529
0.52159 0.038735
0.59083 0.021088
0.59235 0.025983
0.61462 0.028085
0.70045 0.037237
0.59904 0.033313
0.65511 0.036761
0.60143 0.037113
0.56662 0.033209
0.90523 0.039728
0.57615 0.033957
0.57216 0.037503
0.97116 0.036706
0.97063 0.029673
0.56551 0.038739
0.58108 0.038481
0.92149 0.040096
0.63185 0.036258
0.54853 0.038158
0.49745 0.039184
0.63951 0.040171
0.6051 0.036862
0.62603 0.031324
0.96718 0.0397
0.66503 0.035714
0.92812 0.039904
0.96308 0.02557
0.97459 0.026361
0.9677 0.027394
0.96913 0.028198
0.87422 0.037799
0.62254 0.038465
0.6337 0.029412
0.97581 0.026863
0.65648 0.035991
0.97616 0.026908
0.97612 0.027003
0.976 0.026725
0.63105 0.026441
0.97543 0.026326
0.78861 0.038935
0.95354 0.039707
0.97537 0.026293
0.78003 0.03919
0.96995 0.025174
0.85696 0.039506
0.96869 0.025058
0.97098 0.025269
0.96584 0.024867
0.65366 0.031408
0.96055 0.039875
0.70648 0.038321
0.957 0.024492
0.96176 0.024644
0.95986 0.024583
0.65354 0.027815
0.93913 0.040183
0.6688 0.032332
0.90078 0.039521
0.95249 0.02456
0.67512 0.036458
0.87194 0.038838
0.72787 0.037775
0.9357 0.025982
0.93385 0.024642
0.93641 0.026025
0.68248 0.036675
0.94371 0.026929
0.68138 0.034219
0.94757 0.027881
0.94629 0.027369
0.94752 0.027855
0.68225 0.033991
0.95178 0.029658
0.69562 0.035913
0.83853 0.039095
0.95098 0.029335
0.95647 0.033354
0.69651 0.034244
0.80674 0.038593
0.69273 0.02979
0.9406 0.036594
0.95125 0.034947
0.94291 0.036909
0.6976 0.028595
0.74805 0.03647
0.69941 0.02325
0.74082 0.03641
0.92941 0.03639
0.92762 0.035941
0.70802 0.026902
0.92483 0.035628
0.71732 0.026215
0.75297 0.036406
0.92287 0.03521
0.91899 0.034472
0.73377 0.035787
0.7691 0.038442
0.72866 0.024079
0.8178 0.039515
0.91342 0.032786
0.91651 0.03333
0.74854 0.031895
0.91573 0.032973
0.76467 0.034386
0.78755 0.037766
0.91594 0.033064
0.91493 0.032423
0.74596 0.025889
0.81629 0.039142
0.75873 0.025488
0.78641 0.035473
0.91045 0.031997
0.776 0.030397
0.8028 0.038651
0.7677 0.025163
0.79986 0.037818
0.88987 0.038951
0.88119 0.039351
0.78088 0.027606
0.80917 0.03499
0.78873 0.026669
0.82858 0.039251
0.87808 0.03894
0.87941 0.039452
0.79638 0.028569
0.88144 0.039311
0.82146 0.034503
0.82726 0.039154
0.8828 0.039185
0.88931 0.038644
0.82214 0.032645
0.85098 0.035953
0.82732 0.032633
0.84264 0.030754
0.88622 0.036668
0.88306 0.035433
0.82462 0.027127
0.84753 0.032336
0.83296 0.022958
0.86132 0.031186
0.87961 0.033038
0.87956 0.030482
0.84783 0.024803
0.86636 0.028568
0.85577 0.023303
0.88238 0.025163
0.87938 0.028171
0.87974 0.026968
0.8726 0.022307
0.88885 0.023785
0.95078 0.020356
0.95028 0.022202
