348
0.070016 0.020714
0.047338 0.023699
0.12931 0.020558
0.071141 0.024215
0.032108 0.023754
0.072012 0.024224
0.15306 0.020966
0.161 0.022895
0.18545 0.021828
0.11691 0.027541
0.1122 0.026158
0.11735 0.027747
0.20064 0.024715
0.18937 0.026922
0.20475 0.027423
0.13383 0.027364
0.12482 0.027999
0.13231 0.027381
0.21139 0.030358
0.1373 0.028043
0.2168 0.029156
0.1921 0.039309
0.13599 0.028373
0.12935 0.029792
0.21358 0.032905
0.12951 0.030322
0.23633 0.025527
0.20657 0.037752
0.12712 0.030582
0.13481 0.030064
0.24534 0.028493
0.14606 0.03134
0.25409 0.026654
0.20585 0.037938
0.14589 0.031142
0.14172 0.030657
0.26122 0.024522
0.13108 0.031209
0.27322 0.026234
0.2417 0.035846
0.12826 0.03209
0.28062 0.021729
0.10782 0.029951
0.28681 0.026529
0.25622 0.035415
0.10612 0.028927
0.28844 0.03055
0.10987 0.031474
0.30029 0.02377
0.12516 0.032991
0.12241 0.033228
0.30437 0.027763
0.26388 0.036985
0.30401 0.03003
0.2771 0.038325
0.14698 0.036864
0.32114 0.028257
0.28402 0.039085
0.32552 0.030595
0.13789 0.0332
0.14342 0.03452
0.13934 0.03329
0.33256 0.031507
0.1274 0.034263
0.3494 0.025226
0.12105 0.034716
0.12736 0.03426
0.12094 0.034749
0.34093 0.030095
0.10141 0.028365
0.34312 0.032091
0.25973 0.037572
0.11069 0.034027
0.09061 0.027582
0.36656 0.025992
0.064992 0.030203
0.37188 0.026053
0.21024 0.038362
0.069993 0.029848
0.052358 0.030842
0.37475 0.026156
0.14753 0.038553
0.36414 0.036413
0.23663 0.037609
0.044917 0.02943
0.033731 0.026762
0.32728 0.03822
0.1629 0.039555
0.37343 0.034969
0.17018 0.039096
0.029152 0.027244
0.027485 0.029942
0.32195 0.037294
0.070983 0.032259
0.38815 0.027983
0.032594 0.034288
0.029688 0.033081
0.032651 0.034371
0.34838 0.036999
0.051341 0.032746
0.22198 0.038723
0.067501 0.036013
0.03282 0.034561
0.033816 0.035581
0.3849 0.035357
0.034306 0.036476
0.38156 0.036558
0.083812 0.030425
0.035115 0.037024
0.3858 0.036999
0.047157 0.033975
0.39458 0.035544
0.082786 0.031248
0.036697 0.037199
0.39451 0.037267
0.039193 0.037314
0.35702 0.036689
0.11072 0.036582
0.042015 0.037377
0.047494 0.037721
0.3369 0.037726
0.14689 0.0385
0.40213 0.026327
0.088734 0.033936
0.12704 0.038627
0.079135 0.035201
0.34493 0.037631
0.40253 0.027367
0.30508 0.038898
0.40995 0.022335
0.40928 0.02617
0.40429 0.032401
0.095444 0.034773
0.41182 0.032581
0.31145 0.037529
0.075395 0.035662
0.07389 0.035731
0.42851 0.0312
0.42374 0.033828
0.40575 0.036371
0.41116 0.034727
0.43542 0.036853
0.43508 0.036949
0.41915 0.03702
0.41136 0.035687
0.41998 0.037047
0.45432 0.038913
0.4547 0.021783
0.46357 0.024046
0.47853 0.020617
0.50506 0.021774
0.43713 0.024961
0.48462 0.022747
0.44522 0.030807
0.44611 0.032637
0.47881 0.028662
0.4994 0.022194
0.47688 0.035093
0.48189 0.035292
0.49188 0.028973
0.49612 0.023545
0.47198 0.037562
0.48689 0.036228
0.48885 0.026594
0.49426 0.02701
0.4877 0.036243
0.50177 0.038727
0.50316 0.026099
0.50215 0.03186
0.50165 0.038779
0.49924 0.02651
0.53304 0.021393
0.52134 0.021287
0.58603 0.020359
0.55195 0.022615
0.571 0.025026
0.51045 0.021668
0.53892 0.030448
0.51999 0.024271
0.51814 0.025033
0.55846 0.029959
0.56376 0.034178
0.51421 0.025197
0.52509 0.029242
0.52986 0.036039
0.55495 0.035943
0.51538 0.028391
0.52402 0.034507
0.52576 0.03912
0.55564 0.039031
0.52309 0.034531
0.51308 0.030231
0.52359 0.039399
0.50831 0.039058
0.50844 0.028364
0.5303 0.03971
0.59885 0.021251
0.60016 0.026813
0.6201 0.029291
0.69697 0.039076
0.60493 0.034806
0.65974 0.038851
0.60567 0.038873
0.57613 0.033458
0.90165 0.03881
0.58579 0.034927
0.58186 0.037974
0.96941 0.035436
0.9699 0.02896
0.57421 0.039138
0.59044 0.039829
0.91676 0.039539
0.63501 0.03743
0.55991 0.038384
0.50825 0.03907
0.64223 0.039697
0.60725 0.03917
0.62957 0.0322
0.96342 0.038172
0.66669 0.036953
0.92335 0.038531
0.96177 0.025138
0.97417 0.025906
0.96675 0.026849
0.9683 0.027605
0.86464 0.036966
0.62295 0.03904
0.63742 0.030262
0.97549 0.026373
0.66051 0.037207
0.97586 0.026415
0.97582 0.026502
0.97569 0.026244
0.63518 0.027149
0.97508 0.025874
0.78406 0.039955
0.94802 0.039127
0.97501 0.025844
0.77522 0.03907
0.96917 0.024795
0.84668 0.039483
0.96782 0.024689
0.97029 0.024891
0.96475 0.024501
0.65708 0.03256
0.95508 0.03857
0.70107 0.038911
0.95517 0.02412
0.96031 0.024278
0.95826 0.024214
0.65619 0.028589
0.93369 0.039206
0.67003 0.033112
0.89537 0.03867
0.95023 0.024169
0.67669 0.037424
0.86168 0.038166
0.72267 0.038769
0.93198 0.025607
0.93003 0.024368
0.93273 0.025639
0.68414 0.038929
0.94061 0.02639
0.683 0.035992
0.94483 0.027208
0.94344 0.026759
0.94478 0.027186
0.68349 0.035764
0.9495 0.028886
0.69384 0.038591
0.82777 0.038395
0.94858 0.028603
0.9534 0.032144
0.69434 0.036495
0.79944 0.038616
0.69142 0.031765
0.9361 0.035255
0.94732 0.033652
0.93831 0.035519
0.69534 0.029821
0.73882 0.038732
0.69679 0.023644
0.73299 0.038917
0.92491 0.035293
0.92319 0.034884
0.7046 0.026637
0.92047 0.034684
0.71568 0.025692
0.74296 0.038074
0.91837 0.034379
0.91497 0.033859
0.7288 0.037671
0.76069 0.038686
0.72688 0.024454
0.80834 0.039827
0.90923 0.032489
0.91235 0.032862
0.74254 0.032359
0.91154 0.032547
0.75734 0.035117
0.78276 0.038272
0.91175 0.032626
0.91068 0.032103
0.74267 0.026113
0.80747 0.03942
0.75447 0.026346
0.78135 0.035858
0.90611 0.031656
0.77017 0.030467
0.79585 0.038841
0.76166 0.025749
0.79323 0.038473
0.88103 0.038711
0.8704 0.038892
0.77486 0.027612
0.80149 0.035134
0.78311 0.026897
0.81762 0.039099
0.86807 0.037569
0.86891 0.038776
0.78992 0.02906
0.87066 0.038754
0.81267 0.034196
0.81659 0.038778
0.87204 0.038517
0.88045 0.03819
0.814 0.032479
0.84271 0.034939
0.81902 0.032425
0.83534 0.030229
0.87738 0.036016
0.8746 0.034678
0.81751 0.02716
0.84022 0.031772
0.82605 0.02293
0.85461 0.031255
0.87251 0.032337
0.8736 0.029987
0.84156 0.024637
0.85977 0.02849
0.8496 0.02334
0.87664 0.024977
0.87374 0.027793
0.87412 0.026654
0.8665 0.022245
0.88343 0.023735
0.94835 0.020328
0.9478 0.022024
