348
0.072764 0.020564
0.045489 0.023485
0.14553 0.020493
0.074109 0.023326
0.030653 0.024229
0.07523 0.023335
0.17484 0.020761
0.18561 0.022088
0.21999 0.021337
0.13161 0.026287
0.12603 0.024885
0.13215 0.026487
0.23874 0.023838
0.22523 0.025238
0.24394 0.026041
0.1503 0.026247
0.1408 0.0272
0.14887 0.026384
0.25344 0.027776
0.15492 0.02659
0.25984 0.026897
0.23842 0.03697
0.15312 0.026921
0.14557 0.028638
0.25908 0.029687
0.1457 0.0291
0.28352 0.024543
0.25576 0.033885
0.14303 0.0293
0.15162 0.028389
0.29528 0.026557
0.16729 0.028261
0.30641 0.025873
0.25766 0.036151
0.16701 0.028127
0.16197 0.028514
0.314 0.024618
0.14759 0.029856
0.32517 0.026768
0.29182 0.032149
0.14442 0.030483
0.33204 0.021742
0.12107 0.027592
0.33782 0.026748
0.30701 0.033267
0.11854 0.027027
0.33869 0.030491
0.12453 0.028873
0.35377 0.023678
0.14182 0.031742
0.1398 0.031996
0.35794 0.028603
0.31452 0.037241
0.35737 0.030814
0.3255 0.040763
0.17105 0.031742
0.36866 0.031452
0.33103 0.041676
0.37163 0.033615
0.15653 0.030575
0.16623 0.03097
0.15895 0.030576
0.37801 0.032237
0.14381 0.032385
0.39355 0.026299
0.13914 0.033172
0.14378 0.03239
0.13905 0.033189
0.38702 0.031298
0.11242 0.026673
0.38877 0.033277
0.31193 0.040862
0.1276 0.031051
0.099291 0.026085
0.40664 0.027658
0.06736 0.027939
0.4115 0.027344
0.26662 0.038184
0.073667 0.027484
0.051719 0.029231
0.41458 0.027546
0.17684 0.035546
0.40438 0.04011
0.29054 0.039059
0.041737 0.029093
0.031676 0.027469
0.36968 0.045428
0.20193 0.034652
0.414 0.0377
0.21748 0.035661
0.027742 0.028234
0.026452 0.031505
0.36519 0.045557
0.078239 0.028974
0.42426 0.030709
0.032437 0.036244
0.029201 0.035494
0.032526 0.036311
0.39106 0.04116
0.05229 0.030881
0.27948 0.038426
0.078174 0.031411
0.03277 0.036452
0.034235 0.037138
0.42145 0.040845
0.0352 0.037865
0.41866 0.04613
0.093521 0.027738
0.036425 0.03828
0.42103 0.046234
0.048581 0.032665
0.42567 0.039825
0.0934 0.02825
0.038367 0.038042
0.42357 0.048734
0.042228 0.037346
0.39965 0.043855
0.13176 0.035036
0.045496 0.036824
0.052227 0.035587
0.38015 0.044073
0.17681 0.036324
0.43651 0.029018
0.10429 0.030725
0.14558 0.038941
0.098749 0.032426
0.389 0.042638
0.43704 0.030877
0.35547 0.041866
0.45293 0.023873
0.4511 0.031061
0.4384 0.039805
0.11623 0.033725
0.45197 0.039821
0.35951 0.043887
0.094386 0.032809
0.092369 0.03307
0.46534 0.038854
0.46206 0.042929
0.43799 0.050268
0.44427 0.049414
0.4668 0.04707
0.46599 0.049503
0.45816 0.051409
0.44232 0.058137
0.45881 0.056483
0.48118 0.057813
0.48243 0.023347
0.4882 0.02644
0.49706 0.021223
0.50924 0.022797
0.47357 0.027534
0.49968 0.026065
0.47843 0.03949
0.47864 0.042149
0.49692 0.037122
0.50617 0.024033
0.49496 0.047867
0.49713 0.051131
0.50238 0.039826
0.50457 0.027162
0.49155 0.055517
0.49809 0.055558
0.50148 0.034471
0.50379 0.035006
0.49833 0.055274
0.5034 0.057312
0.50797 0.030271
0.50623 0.041406
0.50331 0.057887
0.50611 0.032007
0.52973 0.022285
0.5225 0.021844
0.5603 0.020681
0.54103 0.024563
0.55166 0.028398
0.5138 0.022228
0.53322 0.037464
0.52158 0.025992
0.52011 0.026884
0.54445 0.037935
0.54645 0.043222
0.51694 0.026542
0.52478 0.034051
0.52678 0.044504
0.54093 0.047839
0.51783 0.030783
0.52339 0.040933
0.52378 0.048723
0.54044 0.059122
0.52245 0.040468
0.5155 0.03296
0.52081 0.047592
0.50624 0.056258
0.51205 0.031794
0.52652 0.054421
0.56786 0.021804
0.56901 0.029873
0.58015 0.036769
0.64498 0.042502
0.57462 0.044228
0.60547 0.045223
0.57576 0.054863
0.55587 0.042852
0.8767 0.037765
0.56022 0.048466
0.55863 0.052613
0.9673 0.034781
0.96982 0.028893
0.55377 0.053173
0.56263 0.059879
0.8925 0.037307
0.59241 0.047283
0.54299 0.054595
0.50619 0.056327
0.5869 0.066883
0.57467 0.063634
0.58688 0.036538
0.95574 0.03718
0.61193 0.041819
0.90228 0.035247
0.96157 0.02498
0.97426 0.025996
0.96691 0.026725
0.96836 0.027504
0.82069 0.037392
0.58229 0.051213
0.59215 0.036312
0.97556 0.02647
0.60615 0.041905
0.97592 0.026513
0.97588 0.026602
0.97576 0.02634
0.59101 0.030427
0.97515 0.025964
0.71088 0.041038
0.93427 0.035881
0.97508 0.025933
0.70486 0.041853
0.96934 0.024744
0.7908 0.037236
0.968 0.024627
0.97043 0.024872
0.96486 0.024397
0.60438 0.036643
0.94492 0.036055
0.64858 0.041934
0.95472 0.02383
0.95998 0.024133
0.95776 0.024008
0.60422 0.031823
0.91388 0.03543
0.6151 0.035471
0.87076 0.036574
0.94957 0.023595
0.62228 0.037208
0.81603 0.037073
0.66474 0.044846
0.92522 0.024294
0.92272 0.023316
0.92624 0.024307
0.63503 0.040752
0.93694 0.024803
0.62998 0.03636
0.94274 0.025651
0.94075 0.025235
0.94266 0.025629
0.63057 0.036068
0.94839 0.027554
0.64119 0.038956
0.77059 0.039111
0.94744 0.02719
0.95015 0.030656
0.6407 0.036898
0.73702 0.038352
0.63615 0.031916
0.92571 0.030876
0.94203 0.03107
0.92976 0.030775
0.63857 0.030264
0.68067 0.044849
0.63974 0.023933
0.67765 0.044939
0.90962 0.032064
0.90839 0.03167
0.64728 0.027929
0.90547 0.031229
0.65543 0.027792
0.68214 0.04244
0.90365 0.031033
0.90084 0.03085
0.6706 0.038333
0.68968 0.041659
0.66377 0.025014
0.7469 0.038049
0.89373 0.031095
0.89838 0.030452
0.67988 0.035539
0.89743 0.030414
0.68742 0.03572
0.71128 0.036629
0.89769 0.030419
0.89651 0.030299
0.67892 0.027821
0.74602 0.037084
0.68655 0.026829
0.7113 0.034626
0.8908 0.030637
0.70419 0.030671
0.73422 0.034609
0.69624 0.025028
0.73052 0.033523
0.8506 0.037823
0.84137 0.037347
0.70923 0.028041
0.74041 0.032807
0.71697 0.026096
0.76183 0.038443
0.83382 0.036526
0.83854 0.03615
0.72653 0.026907
0.84261 0.036293
0.75364 0.031298
0.76098 0.035741
0.84435 0.036474
0.85515 0.033776
0.75529 0.030164
0.78773 0.030957
0.76295 0.030988
0.77864 0.029862
0.85489 0.032521
0.85289 0.031668
0.7609 0.026295
0.78527 0.029022
0.76949 0.022819
0.80451 0.027392
0.85143 0.030234
0.85557 0.028503
0.78591 0.023501
0.81131 0.026184
0.79681 0.022422
0.86266 0.024406
0.85778 0.026827
0.85876 0.025862
0.82686 0.022233
0.86873 0.023317
0.94744 0.020273
0.94676 0.021673
