348
0.063632 0.020874
0.044357 0.024244
0.11098 0.020643
0.064536 0.025186
0.030924 0.024187
0.065236 0.025215
0.13182 0.02104
0.13935 0.022956
0.16494 0.021687
0.10021 0.028835
0.096188 0.027473
0.10059 0.029046
0.18125 0.024988
0.16937 0.026276
0.18481 0.028224
0.11493 0.028457
0.10702 0.029244
0.11367 0.028486
0.19039 0.031591
0.11778 0.029222
0.19527 0.029932
0.17034 0.03801
0.11668 0.029607
0.11091 0.031294
0.19196 0.03426
0.11099 0.031902
0.21343 0.026438
0.18554 0.039355
0.10885 0.032244
0.11558 0.031552
0.22074 0.029875
0.1251 0.032635
0.22877 0.027181
0.1849 0.039697
0.12499 0.032433
0.12138 0.032221
0.23573 0.024986
0.1123 0.032899
0.2461 0.027061
0.21765 0.038679
0.10969 0.033953
0.25275 0.021896
0.092215 0.032471
0.25844 0.02715
0.2302 0.036477
0.090986 0.03134
0.25982 0.031441
0.093756 0.034139
0.27116 0.024192
0.10692 0.034992
0.10455 0.035192
0.27484 0.028474
0.23796 0.038648
0.27436 0.030946
0.24949 0.040384
0.12485 0.038632
0.28933 0.028528
0.2555 0.041137
0.29332 0.030801
0.11753 0.035133
0.12213 0.036622
0.11881 0.035233
0.30063 0.031308
0.10871 0.036478
0.31727 0.025874
0.10327 0.036835
0.10868 0.036477
0.10318 0.036873
0.30941 0.030429
0.087555 0.030836
0.31114 0.032682
0.2336 0.03912
0.094251 0.037141
0.079821 0.030198
0.33136 0.026969
0.059795 0.032259
0.33616 0.026586
0.1886 0.040301
0.063913 0.032041
0.049121 0.032612
0.33919 0.026424
0.12498 0.040668
0.32885 0.038807
0.21396 0.04088
0.042285 0.030765
0.032387 0.027564
0.2925 0.038043
0.1394 0.039846
0.33865 0.035581
0.14714 0.038595
0.028257 0.02803
0.026766 0.031021
0.28631 0.038034
0.065063 0.034996
0.35291 0.02852
0.031923 0.035908
0.029022 0.034487
0.031988 0.036001
0.31454 0.038851
0.048619 0.034785
0.19985 0.039583
0.06289 0.03927
0.032177 0.036214
0.03329 0.037362
0.35065 0.035997
0.03391 0.038359
0.34744 0.036652
0.075011 0.033614
0.034808 0.039018
0.35189 0.037896
0.045237 0.035919
0.35859 0.037573
0.074304 0.034627
0.036427 0.039266
0.35855 0.03974
0.039069 0.039434
0.32261 0.039572
0.094033 0.040217
0.041556 0.039578
0.046333 0.040173
0.30372 0.038503
0.12441 0.040781
0.36459 0.027437
0.078606 0.038595
0.10794 0.041682
0.071965 0.039574
0.31165 0.038976
0.36492 0.028658
0.27402 0.041275
0.37173 0.022639
0.37111 0.02698
0.36582 0.034488
0.083262 0.040361
0.37233 0.033998
0.27787 0.040558
0.069096 0.039744
0.067927 0.039871
0.3885 0.032016
0.38299 0.034988
0.36641 0.039155
0.37132 0.036426
0.3942 0.03825
0.39388 0.038439
0.37744 0.039186
0.37126 0.037454
0.37828 0.039286
0.41295 0.037247
0.41352 0.021648
0.42374 0.023709
0.43871 0.020701
0.46077 0.021839
0.39645 0.025405
0.44377 0.023357
0.40359 0.031227
0.40441 0.032852
0.43892 0.029875
0.45578 0.022408
0.43789 0.03689
0.44201 0.038315
0.44908 0.030978
0.45266 0.024171
0.43381 0.038829
0.44477 0.039662
0.44679 0.027988
0.45106 0.028484
0.44523 0.039613
0.45524 0.040255
0.45896 0.026443
0.45745 0.032664
0.4551 0.0404
0.45563 0.027159
0.49242 0.021137
0.47718 0.021135
0.55271 0.020295
0.51359 0.022339
0.53467 0.024291
0.46652 0.021712
0.49883 0.028921
0.4758 0.023826
0.47394 0.024624
0.52054 0.029122
0.52545 0.03231
0.47021 0.025004
0.48183 0.027816
0.4877 0.03302
0.51378 0.034401
0.4713 0.027934
0.47951 0.032408
0.48106 0.036132
0.51306 0.037486
0.47826 0.032556
0.46896 0.030057
0.47772 0.036819
0.46143 0.039533
0.46452 0.028663
0.48788 0.036125
0.56949 0.020977
0.57133 0.025363
0.59737 0.026533
0.68669 0.038327
0.57707 0.031349
0.64822 0.037283
0.57685 0.034378
0.54128 0.03137
0.9009 0.037978
0.55173 0.032206
0.54685 0.03442
0.9704 0.037016
0.97084 0.029883
0.53713 0.036167
0.55785 0.035379
0.91702 0.038381
0.61992 0.033348
0.51869 0.03694
0.46134 0.039544
0.62882 0.036254
0.57816 0.03459
0.6117 0.028675
0.96497 0.03943
0.6553 0.036162
0.92407 0.037414
0.96348 0.025447
0.97471 0.026515
0.96799 0.027451
0.96939 0.02834
0.86368 0.038308
0.60074 0.033008
0.62203 0.028042
0.97591 0.02703
0.64894 0.035964
0.97625 0.027076
0.97621 0.027173
0.97609 0.026888
0.61917 0.025446
0.97554 0.02648
0.77217 0.036384
0.94987 0.038829
0.97548 0.026446
0.76245 0.03847
0.97018 0.025282
0.84771 0.042379
0.96895 0.02513
0.9712 0.025395
0.96618 0.024846
0.64506 0.031397
0.95702 0.038995
0.69101 0.038349
0.95711 0.024216
0.96215 0.024501
0.96022 0.024386
0.644 0.027766
0.93506 0.038229
0.6588 0.032527
0.89418 0.03806
0.9521 0.024153
0.66563 0.036265
0.861 0.039667
0.71028 0.038592
0.93324 0.025299
0.93117 0.024107
0.93404 0.025339
0.67352 0.037883
0.94238 0.026174
0.67218 0.035109
0.94665 0.027039
0.94524 0.026577
0.94659 0.027016
0.6727 0.034882
0.95137 0.028811
0.68345 0.037261
0.83403 0.038729
0.95044 0.028485
0.95532 0.032308
0.68398 0.035409
0.79685 0.033558
0.681 0.030954
0.93763 0.03457
0.94916 0.033415
0.93997 0.034906
0.68519 0.029377
0.72854 0.038491
0.68677 0.023559
0.72189 0.038341
0.92572 0.034368
0.9239 0.033987
0.6949 0.026668
0.921 0.033806
0.70538 0.0259
0.73287 0.038185
0.91874 0.033523
0.91513 0.033041
0.71714 0.037211
0.74933 0.039635
0.71646 0.024373
0.81066 0.033936
0.90903 0.031767
0.91235 0.032108
0.73256 0.032442
0.91149 0.031813
0.74657 0.036044
0.77088 0.035319
0.91171 0.031887
0.91058 0.031384
0.7327 0.026163
0.80939 0.033673
0.74414 0.026646
0.76972 0.033584
0.90573 0.031047
0.75885 0.030523
0.79134 0.03332
0.75096 0.025992
0.78724 0.032993
0.8789 0.039167
0.86893 0.040277
0.76395 0.027315
0.79904 0.030875
0.77273 0.025755
0.82458 0.035991
0.86689 0.038901
0.86754 0.040178
0.78195 0.02675
0.86919 0.040123
0.81467 0.03044
0.82279 0.035282
0.87051 0.039823
0.87841 0.038679
0.81599 0.029436
0.84501 0.036716
0.82348 0.03066
0.8389 0.031792
0.87578 0.036668
0.87333 0.03546
0.82027 0.025958
0.84312 0.033234
0.82974 0.022833
0.85536 0.032333
0.87164 0.033142
0.87287 0.030539
0.84378 0.025205
0.86013 0.029223
0.85071 0.023734
0.87571 0.025188
0.87301 0.028218
0.87336 0.027009
0.86623 0.022424
0.88226 0.023774
0.95021 0.020323
0.94965 0.021991
