348
0.065568 0.020816
0.044549 0.023952
0.11684 0.020516
0.066542 0.024847
0.03081 0.024218
0.067297 0.024881
0.14189 0.020925
0.15034 0.022637
0.17505 0.021862
0.10382 0.028095
0.1 0.027053
0.10422 0.028263
0.19096 0.024427
0.17884 0.026696
0.19512 0.027298
0.12157 0.026944
0.11207 0.027793
0.12008 0.026932
0.20218 0.030563
0.12567 0.027648
0.20694 0.029459
0.17937 0.040228
0.12412 0.027937
0.11672 0.029046
0.20414 0.033281
0.1167 0.029537
0.22584 0.02559
0.19701 0.037493
0.11401 0.02985
0.12241 0.029503
0.23489 0.028774
0.1344 0.030535
0.24346 0.027562
0.1962 0.038343
0.13425 0.030342
0.13011 0.03026
0.24901 0.025846
0.118 0.030457
0.25809 0.027792
0.23223 0.035804
0.11468 0.031079
0.26427 0.022134
0.095782 0.032103
0.2691 0.028344
0.24489 0.037629
0.094597 0.031118
0.2699 0.033193
0.097256 0.033597
0.2808 0.023964
0.11098 0.032769
0.10808 0.033477
0.28479 0.027793
0.25014 0.041425
0.28405 0.030077
0.26068 0.043531
0.13481 0.035412
0.29955 0.028933
0.2663 0.044344
0.30352 0.031139
0.12532 0.032477
0.13127 0.033831
0.12718 0.032626
0.31103 0.032086
0.1129 0.033282
0.32463 0.026854
0.10622 0.035118
0.11286 0.033291
0.1061 0.035164
0.31882 0.032128
0.09116 0.030359
0.3208 0.034751
0.24739 0.042097
0.09761 0.036391
0.083127 0.029604
0.33823 0.027515
0.061692 0.031298
0.34325 0.027677
0.20132 0.039484
0.065961 0.031204
0.050248 0.031556
0.34587 0.027656
0.13533 0.038002
0.34015 0.040413
0.22887 0.03931
0.042387 0.030147
0.032259 0.027556
0.30416 0.039157
0.15405 0.038412
0.34696 0.038365
0.16307 0.039049
0.028171 0.028114
0.026816 0.031136
0.29649 0.03848
0.067194 0.033939
0.35596 0.028937
0.033079 0.035863
0.029658 0.03463
0.033172 0.035948
0.32474 0.0414
0.050167 0.033554
0.21258 0.039386
0.064805 0.037682
0.033427 0.036139
0.034941 0.037148
0.35281 0.038567
0.03591 0.038064
0.35087 0.041933
0.07774 0.032598
0.037146 0.038705
0.35303 0.04161
0.047009 0.034663
0.35972 0.035741
0.077001 0.033503
0.039096 0.038808
0.35836 0.040529
0.042172 0.038644
0.33428 0.040734
0.097257 0.039444
0.044528 0.038544
0.049197 0.038887
0.31687 0.041952
0.1346 0.038064
0.37077 0.026732
0.081642 0.037266
0.11048 0.038828
0.074569 0.038522
0.32277 0.042021
0.37145 0.027975
0.28094 0.040605
0.39681 0.022771
0.39454 0.027649
0.37471 0.034078
0.086692 0.039858
0.39786 0.034336
0.28539 0.039318
0.07151 0.038929
0.07025 0.039257
0.41716 0.032908
0.41164 0.035202
0.37699 0.039872
0.39347 0.038317
0.42116 0.039543
0.42073 0.040176
0.40549 0.039805
0.39271 0.040265
0.40637 0.040194
0.43879 0.04198
0.44058 0.022014
0.44876 0.024397
0.46231 0.020732
0.4851 0.021853
0.42562 0.025804
0.46711 0.023374
0.43235 0.032535
0.43294 0.034384
0.4618 0.030322
0.47974 0.022309
0.45701 0.037859
0.45966 0.039252
0.47168 0.030465
0.47642 0.023895
0.4523 0.042122
0.46148 0.040801
0.4702 0.027826
0.47467 0.028008
0.46204 0.040643
0.4741 0.039648
0.4832 0.026382
0.48007 0.032284
0.47387 0.039843
0.47957 0.026854
0.51336 0.021445
0.50056 0.021272
0.55889 0.020412
0.52909 0.023067
0.54555 0.02565
0.49052 0.021805
0.51855 0.031936
0.49928 0.024245
0.49753 0.025056
0.5346 0.031771
0.53858 0.035717
0.49399 0.025306
0.50482 0.029063
0.51058 0.035734
0.52938 0.038679
0.49498 0.02849
0.50334 0.034155
0.50552 0.038831
0.52892 0.043302
0.50183 0.034194
0.49254 0.030695
0.50125 0.039162
0.48233 0.040221
0.48848 0.029001
0.51148 0.040362
0.57059 0.021466
0.57186 0.028159
0.58772 0.030897
0.65692 0.041028
0.57622 0.03787
0.62322 0.042843
0.57633 0.042957
0.55103 0.035135
0.88163 0.035582
0.55863 0.036883
0.5554 0.039565
0.96604 0.031523
0.96675 0.026705
0.54857 0.042336
0.56387 0.041979
0.90002 0.036992
0.60179 0.040168
0.53343 0.041818
0.48219 0.040217
0.60738 0.043788
0.57715 0.044527
0.59699 0.033396
0.95649 0.034312
0.62833 0.041698
0.90828 0.036056
0.95543 0.024108
0.97227 0.024454
0.96243 0.025291
0.96448 0.025794
0.82559 0.038758
0.5906 0.041895
0.60312 0.03213
0.97402 0.024807
0.62372 0.040853
0.97451 0.024838
0.97446 0.024904
0.97429 0.02471
0.60139 0.028264
0.97347 0.02443
0.73166 0.039599
0.93759 0.036146
0.97338 0.024407
0.72138 0.037955
0.96564 0.023613
0.79715 0.037859
0.96385 0.023595
0.96712 0.023654
0.95961 0.023525
0.62063 0.034641
0.94706 0.034906
0.66135 0.041668
0.94822 0.023345
0.95366 0.023453
0.95137 0.023407
0.61985 0.02998
0.91845 0.036205
0.63075 0.0365
0.87412 0.035952
0.94217 0.02347
0.63562 0.040251
0.82083 0.03793
0.67542 0.044111
0.91918 0.024767
0.91697 0.023723
0.92005 0.024786
0.64294 0.040344
0.92999 0.025067
0.64134 0.037538
0.93503 0.025646
0.93335 0.025274
0.93496 0.025626
0.6419 0.037176
0.94125 0.027368
0.65323 0.03901
0.77882 0.039548
0.93996 0.027076
0.94628 0.029902
0.65337 0.036998
0.75082 0.039551
0.64965 0.031831
0.92306 0.032538
0.93804 0.031097
0.92652 0.032432
0.65335 0.030352
0.68773 0.041918
0.65481 0.023981
0.68354 0.04336
0.91073 0.033364
0.90903 0.032975
0.66208 0.027927
0.90546 0.032647
0.67025 0.027469
0.69063 0.04108
0.90308 0.032354
0.89957 0.031823
0.68016 0.041783
0.70132 0.039309
0.67897 0.025538
0.76014 0.039762
0.89327 0.030786
0.89685 0.030893
0.6914 0.034292
0.896 0.030676
0.70166 0.034519
0.73096 0.037244
0.89622 0.030729
0.89508 0.030369
0.69228 0.027029
0.75924 0.039489
0.70286 0.02605
0.73045 0.03503
0.88984 0.029922
0.72054 0.029372
0.74757 0.038402
0.71142 0.024985
0.74449 0.037586
0.85771 0.038599
0.84602 0.039537
0.72646 0.027563
0.75297 0.035825
0.73459 0.026677
0.77057 0.039887
0.8374 0.038976
0.84236 0.038983
0.74161 0.028659
0.84653 0.039165
0.76391 0.034206
0.76935 0.039126
0.8489 0.038764
0.85813 0.036659
0.7652 0.032721
0.79315 0.03292
0.77084 0.033114
0.78503 0.030651
0.85634 0.03521
0.8538 0.034417
0.76928 0.027693
0.79067 0.03063
0.7769 0.023238
0.8076 0.02919
0.8508 0.032551
0.85305 0.030221
0.79184 0.024144
0.81394 0.02734
0.80138 0.022779
0.85756 0.024939
0.8539 0.027982
0.85463 0.026779
0.82718 0.022494
0.86343 0.023627
0.93965 0.020269
0.93891 0.021653
