348
0.040347 0.021634
0.031064 0.029223
0.065967 0.021293
0.040795 0.029643
0.024907 0.029216
0.041175 0.029673
0.074402 0.02282
0.077212 0.027736
0.086716 0.023871
0.059637 0.033738
0.056796 0.032321
0.059966 0.03405
0.096259 0.025756
0.089051 0.032902
0.10055 0.028342
0.068893 0.038386
0.064898 0.037019
0.068368 0.03818
0.10783 0.032392
0.071146 0.041282
0.11155 0.032402
0.098378 0.047549
0.070676 0.041688
0.068367 0.042763
0.11262 0.037304
0.068734 0.044011
0.12222 0.029666
0.11317 0.043874
0.067395 0.043089
0.071132 0.04534
0.12819 0.033093
0.077115 0.049747
0.13369 0.031138
0.11591 0.049833
0.076903 0.049252
0.075465 0.049291
0.13764 0.028476
0.070252 0.047084
0.14408 0.030752
0.12798 0.045214
0.069052 0.046774
0.14876 0.022561
0.056439 0.042219
0.15309 0.030426
0.13517 0.045293
0.055552 0.042024
0.15415 0.036454
0.058015 0.043424
0.16187 0.026756
0.06847 0.048392
0.067277 0.047777
0.16431 0.034782
0.13943 0.0515
0.16431 0.038796
0.14672 0.051091
0.081532 0.062032
0.17186 0.034148
0.1513 0.051603
0.17481 0.036574
0.075323 0.05417
0.079427 0.058573
0.076328 0.054983
0.18004 0.036705
0.070203 0.051124
0.18893 0.030204
0.067617 0.049929
0.070189 0.051117
0.067559 0.049902
0.1856 0.038822
0.054044 0.043709
0.18675 0.042531
0.13741 0.060499
0.060063 0.046401
0.050435 0.042206
0.19802 0.030042
0.039435 0.042894
0.20188 0.029707
0.12315 0.064209
0.041392 0.041557
0.034102 0.04582
0.20426 0.030049
0.087077 0.080352
0.1964 0.047321
0.12937 0.063528
0.030399 0.043069
0.025437 0.036582
0.17625 0.051395
0.092472 0.075639
0.20417 0.043749
0.096556 0.075169
0.023624 0.037874
0.023215 0.044922
0.17178 0.05387
0.043586 0.045791
0.21122 0.0342
0.0272 0.055841
0.025127 0.053079
0.027272 0.05602
0.18829 0.056317
0.034847 0.050585
0.12666 0.066737
0.044445 0.052334
0.027461 0.056424
0.028603 0.058497
0.20959 0.048181
0.029483 0.060415
0.20516 0.059525
0.049738 0.046396
0.030499 0.061925
0.20721 0.058721
0.034011 0.05376
0.21333 0.045697
0.050058 0.047937
0.03171 0.062471
0.20895 0.061478
0.033353 0.062797
0.19179 0.061513
0.063842 0.051617
0.034421 0.062998
0.036609 0.063259
0.18456 0.058257
0.088192 0.084621
0.22086 0.031786
0.055962 0.058967
0.079323 0.07338
0.057268 0.064531
0.18769 0.061499
0.22161 0.034202
0.16509 0.059903
0.23347 0.02441
0.23262 0.032916
0.22575 0.04512
0.061726 0.063461
0.23647 0.04105
0.16719 0.059785
0.055809 0.063996
0.055249 0.06397
0.24925 0.03377
0.24652 0.038652
0.22937 0.05623
0.23541 0.053229
0.25245 0.038587
0.25419 0.039258
0.24987 0.043827
0.2657 0.041465
0.27902 0.040195
0.28609 0.040022
0.2817 0.021239
0.2981 0.022038
0.3301 0.020183
0.47799 0.020288
0.25872 0.023917
0.35818 0.020416
0.2726 0.027434
0.27299 0.028639
0.32284 0.023649
0.43955 0.020481
0.30222 0.030795
0.31278 0.032642
0.34299 0.021796
0.42495 0.020694
0.30246 0.035622
0.32077 0.03249
0.36968 0.020947
0.40202 0.021022
0.32299 0.031243
0.31809 0.044732
0.45446 0.021146
0.38146 0.021495
0.32383 0.040482
0.43463 0.021335
0.68565 0.020646
0.65152 0.020354
0.76009 0.020453
0.71604 0.021965
0.74138 0.023503
0.53158 0.020396
0.69912 0.026029
0.6463 0.021162
0.63266 0.021287
0.7197 0.027735
0.72125 0.030276
0.57784 0.02099
0.66943 0.022843
0.70182 0.031073
0.71707 0.034838
0.60675 0.021634
0.68143 0.026278
0.70275 0.040855
0.69595 0.043961
0.67476 0.025121
0.56253 0.021818
0.69064 0.033193
0.68819 0.05087
0.52002 0.021664
0.69043 0.042225
0.76908 0.021531
0.77046 0.028424
0.78233 0.038284
0.82676 0.061529
0.77312 0.040448
0.8011 0.059689
0.76583 0.047082
0.74235 0.029596
0.93021 0.066519
0.74764 0.032679
0.73778 0.033658
0.9744 0.052562
0.97544 0.039528
0.72685 0.035512
0.73039 0.039004
0.9379 0.061933
0.79267 0.060389
0.71394 0.042946
0.68812 0.052052
0.75629 0.054359
0.73661 0.041995
0.7878 0.042655
0.96847 0.057651
0.80428 0.057776
0.94372 0.057484
0.9716 0.03072
0.97738 0.033167
0.97405 0.034676
0.97473 0.036446
0.90609 0.072436
0.78599 0.0568
0.79096 0.04325
0.97798 0.034208
0.80183 0.053519
0.97814 0.034301
0.97813 0.034497
0.97807 0.033922
0.79057 0.034755
0.97779 0.033096
0.86257 0.065678
0.95792 0.061495
0.97776 0.033028
0.86053 0.065255
0.97514 0.030418
0.89838 0.071442
0.97454 0.03013
0.97564 0.030699
0.9731 0.029535
0.80062 0.044385
0.96301 0.05825
0.82816 0.058794
0.96838 0.028432
0.97088 0.028885
0.96986 0.028662
0.80027 0.037005
0.95042 0.056534
0.80679 0.046806
0.9286 0.065331
0.96588 0.02817
0.81058 0.04853
0.90555 0.069692
0.8333 0.060206
0.9568 0.031863
0.95595 0.028962
0.95714 0.031955
0.81966 0.050432
0.96026 0.032936
0.81578 0.044783
0.96261 0.034417
0.96171 0.033691
0.96258 0.034379
0.81624 0.04422
0.96534 0.037315
0.82412 0.048527
0.89423 0.067645
0.96486 0.036787
0.96648 0.043755
0.82364 0.045246
0.8765 0.064289
0.82025 0.03727
0.95692 0.04891
0.96285 0.047561
0.95841 0.048695
0.82181 0.035056
0.84561 0.06196
0.82257 0.02582
0.84369 0.060533
0.94931 0.049268
0.94872 0.048564
0.82771 0.033023
0.94726 0.047989
0.8321 0.033603
0.84705 0.057207
0.94636 0.047717
0.94503 0.047369
0.84066 0.045615
0.85198 0.056204
0.83705 0.027542
0.87963 0.061175
0.94177 0.047214
0.94401 0.046322
0.84712 0.045404
0.9436 0.046126
0.85151 0.045925
0.8636 0.053943
0.94371 0.046167
0.94323 0.045766
0.84761 0.032757
0.87968 0.058158
0.85214 0.031247
0.86406 0.04973
0.94091 0.045914
0.86177 0.040682
0.87603 0.05226
0.85805 0.028641
0.87429 0.048393
0.92203 0.060724
0.91753 0.060885
0.86457 0.035889
0.87875 0.049483
0.86857 0.032417
0.88958 0.05217
0.91324 0.06056
0.9162 0.058595
0.87334 0.033895
0.91879 0.057655
0.88449 0.04245
0.88918 0.047255
0.91973 0.057323
0.92534 0.052471
0.88584 0.039283
0.90042 0.0485
0.89077 0.039164
0.89804 0.043727
0.92563 0.049669
0.92511 0.047267
0.88984 0.030833
0.90023 0.042713
0.89504 0.025665
0.90802 0.038766
0.92513 0.043631
0.92746 0.040545
0.9017 0.028808
0.91096 0.036609
0.90618 0.0259
0.9324 0.031486
0.92923 0.036904
0.93015 0.034672
0.91756 0.025909
0.93487 0.029013
0.96485 0.020639
0.96453 0.023968
