348
0.029616 0.023336
0.025283 0.0395
0.042988 0.022307
0.029928 0.039651
0.022343 0.0395
0.030111 0.039674
0.047817 0.024565
0.049669 0.031835
0.056135 0.024628
0.040215 0.045111
0.038412 0.043068
0.040446 0.045568
0.065909 0.025265
0.059626 0.034122
0.070877 0.027273
0.047011 0.049941
0.044006 0.049134
0.046602 0.049827
0.080133 0.030865
0.048905 0.052699
0.084274 0.031074
0.074284 0.044549
0.048477 0.053399
0.046429 0.05564
0.086985 0.035658
0.046461 0.057077
0.095263 0.029247
0.089608 0.041968
0.045578 0.05644
0.048142 0.057659
0.10219 0.032941
0.052379 0.059006
0.10707 0.0312
0.094314 0.04828
0.052289 0.058588
0.050898 0.059723
0.11069 0.028551
0.046924 0.060297
0.11726 0.030812
0.1053 0.045293
0.046029 0.060486
0.12176 0.02257
0.037828 0.058987
0.12612 0.030463
0.11235 0.045862
0.037289 0.058965
0.12814 0.036542
0.038674 0.060323
0.13485 0.026873
0.04512 0.06311
0.044351 0.06284
0.13773 0.035131
0.11844 0.052916
0.13813 0.03925
0.12428 0.052728
0.057822 0.065522
0.14473 0.034735
0.12815 0.053396
0.14755 0.037257
0.049566 0.066414
0.053713 0.066425
0.050413 0.066419
0.15229 0.037047
0.045779 0.06622
0.16119 0.029863
0.044061 0.065998
0.04577 0.066219
0.044023 0.065991
0.15751 0.038617
0.036104 0.062276
0.15858 0.042161
0.12098 0.063935
0.039521 0.064272
0.034192 0.061038
0.17094 0.02917
0.028553 0.066682
0.17524 0.028799
0.11318 0.067666
0.029586 0.063185
0.025894 0.074996
0.17794 0.029089
0.082863 0.074
0.1692 0.044712
0.11743 0.068137
0.02453 0.069091
0.022557 0.054728
0.14894 0.054098
0.092474 0.073693
0.1783 0.041414
0.095744 0.073873
0.021681 0.05749
0.021364 0.073467
0.14525 0.057394
0.030212 0.071127
0.18581 0.033021
0.022564 0.10334
0.021778 0.095134
0.022599 0.10385
0.15899 0.055601
0.025491 0.086393
0.1175 0.073194
0.029311 0.084807
0.022691 0.105
0.023247 0.11068
0.1846 0.045392
0.023722 0.11554
0.18 0.054926
0.033308 0.06923
0.024231 0.11918
0.18208 0.054326
0.024856 0.096002
0.18864 0.043835
0.033298 0.072074
0.024757 0.12028
0.18324 0.058549
0.025433 0.12048
0.16296 0.058879
0.040997 0.07105
0.02587 0.12046
0.026743 0.11985
0.15476 0.059268
0.081897 0.079571
0.19604 0.031637
0.033037 0.09217
0.053776 0.076083
0.033809 0.10597
0.15724 0.061709
0.19695 0.034102
0.14021 0.064242
0.20801 0.024718
0.20723 0.033791
0.20143 0.046193
0.034974 0.097356
0.21052 0.042713
0.14173 0.064429
0.03328 0.10622
0.033114 0.10675
0.22274 0.03373
0.21949 0.038945
0.20489 0.060164
0.20965 0.058182
0.22593 0.03824
0.22781 0.038828
0.22261 0.04454
0.2401 0.042439
0.2527 0.042567
0.25823 0.043207
0.25471 0.021376
0.26916 0.022154
0.31686 0.020102
0.48334 0.020513
0.23284 0.023881
0.35392 0.020396
0.24627 0.027928
0.24663 0.02923
0.30228 0.021967
0.45242 0.020786
0.27248 0.030564
0.28382 0.029262
0.33687 0.02138
0.44188 0.021103
0.27029 0.035644
0.29727 0.027088
0.38103 0.021012
0.41776 0.021718
0.30223 0.02606
0.27597 0.043256
0.47086 0.021904
0.39429 0.022089
0.29468 0.031298
0.44931 0.022174
0.68234 0.020215
0.62779 0.020354
0.78372 0.020495
0.74378 0.021837
0.7671 0.02398
0.5241 0.020688
0.72099 0.022998
0.62264 0.02123
0.61066 0.021546
0.74749 0.027668
0.74904 0.030423
0.5729 0.021629
0.64849 0.022008
0.72605 0.026502
0.74625 0.034279
0.59108 0.022386
0.66965 0.022611
0.73588 0.035483
0.73171 0.035435
0.65664 0.022939
0.55559 0.022799
0.69965 0.024553
0.73038 0.041912
0.51752 0.022741
0.71297 0.028259
0.79209 0.021612
0.79341 0.028819
0.80454 0.03834
0.84528 0.064888
0.79482 0.041153
0.82725 0.059419
0.78673 0.048919
0.76792 0.030903
0.93344 0.080637
0.77233 0.03436
0.7639 0.035465
0.97697 0.089179
0.97769 0.066205
0.75488 0.036819
0.75803 0.04113
0.94131 0.080543
0.81823 0.058684
0.74637 0.04383
0.73282 0.046239
0.77822 0.059438
0.76292 0.04568
0.81032 0.042307
0.97448 0.098339
0.82971 0.057755
0.95116 0.081454
0.97655 0.045729
0.97893 0.052109
0.9775 0.055667
0.97765 0.059703
0.91259 0.078818
0.80958 0.055091
0.81369 0.042801
0.97916 0.054585
0.8262 0.053315
0.97923 0.054801
0.97922 0.055254
0.9792 0.053922
0.81334 0.034635
0.9791 0.051933
0.88028 0.077258
0.96961 0.098781
0.97909 0.051764
0.87931 0.076328
0.978 0.044926
0.90518 0.077861
0.97775 0.044165
0.97821 0.045672
0.97716 0.042637
0.82381 0.044305
0.97172 0.096567
0.84703 0.05947
0.97521 0.039919
0.97624 0.041026
0.97582 0.040486
0.82328 0.037038
0.96086 0.083404
0.83009 0.046924
0.93203 0.078273
0.97418 0.0392
0.83382 0.049153
0.91172 0.07564
0.85269 0.059555
0.9704 0.045753
0.96999 0.038862
0.97056 0.046166
0.84233 0.051662
0.97194 0.049976
0.83877 0.045554
0.97279 0.054227
0.97251 0.052278
0.97279 0.05413
0.83919 0.044931
0.97326 0.061365
0.84603 0.049102
0.90124 0.073759
0.97321 0.060103
0.97244 0.073504
0.84571 0.045623
0.88882 0.071669
0.84286 0.037412
0.96667 0.078113
0.97018 0.078443
0.96764 0.078441
0.84431 0.035121
0.87023 0.062619
0.84513 0.025831
0.86785 0.059398
0.96057 0.07551
0.96011 0.074588
0.8501 0.032897
0.95858 0.073689
0.85462 0.033231
0.87106 0.057196
0.95762 0.073239
0.95616 0.072551
0.86342 0.044439
0.87505 0.057889
0.85995 0.02724
0.89241 0.066409
0.95225 0.071607
0.95539 0.071027
0.87029 0.044999
0.955 0.070665
0.8744 0.046312
0.88309 0.057227
0.95511 0.070765
0.95475 0.069987
0.87096 0.032465
0.89382 0.06209
0.87553 0.03116
0.88435 0.052161
0.95183 0.069419
0.88379 0.041216
0.89323 0.055103
0.88144 0.028722
0.89326 0.05056
0.92778 0.070189
0.92412 0.06931
0.88698 0.036211
0.89667 0.051865
0.89129 0.032719
0.90458 0.054999
0.92072 0.067931
0.92374 0.066507
0.89554 0.03427
0.92605 0.066108
0.90366 0.043416
0.90626 0.04911
0.92687 0.06597
0.93238 0.063967
0.90578 0.039631
0.91508 0.05106
0.9103 0.039343
0.91507 0.044807
0.93304 0.060523
0.93292 0.056278
0.91219 0.030936
0.91739 0.043554
0.91768 0.025672
0.92564 0.039085
0.93405 0.050292
0.93846 0.045698
0.9244 0.028837
0.92919 0.037173
0.92889 0.025994
0.95322 0.032645
0.94539 0.037923
0.94852 0.035375
0.93981 0.025907
0.95686 0.031116
0.9736 0.021496
0.97346 0.029279
