348
0.075515 0.020538
0.046854 0.023302
0.15158 0.020477
0.076922 0.023175
0.031216 0.024016
0.078094 0.023184
0.18203 0.020723
0.19347 0.021961
0.22903 0.021396
0.13717 0.026056
0.13137 0.024694
0.13774 0.02625
0.24556 0.024854
0.23393 0.025716
0.24943 0.028053
0.15651 0.026042
0.1467 0.026957
0.15504 0.026179
0.25644 0.030654
0.16129 0.026359
0.26107 0.029654
0.24402 0.041223
0.15943 0.026684
0.15162 0.028361
0.25986 0.033554
0.15176 0.028808
0.27782 0.026166
0.25615 0.039294
0.149 0.028994
0.15788 0.028108
0.28685 0.028189
0.17416 0.02792
0.29618 0.026512
0.25653 0.042394
0.17387 0.027794
0.16861 0.028188
0.30351 0.024762
0.15371 0.02954
0.31455 0.026699
0.28291 0.03593
0.15044 0.030143
0.32163 0.021693
0.12621 0.027277
0.32758 0.026551
0.29594 0.034695
0.12358 0.026727
0.32848 0.030189
0.12981 0.028521
0.34392 0.023623
0.14776 0.031351
0.14567 0.031589
0.34816 0.028546
0.303 0.037804
0.34759 0.03073
0.31448 0.040444
0.17808 0.031213
0.35889 0.031601
0.32034 0.041009
0.36184 0.033861
0.16294 0.030196
0.17305 0.030526
0.16546 0.030186
0.36805 0.032519
0.14981 0.031981
0.38315 0.026477
0.14499 0.032722
0.14978 0.031986
0.14489 0.032737
0.37683 0.031595
0.11716 0.026367
0.37856 0.033634
0.29964 0.041693
0.133 0.030628
0.10337 0.02579
0.39588 0.027796
0.069864 0.027585
0.40069 0.027431
0.26162 0.044946
0.07646 0.027147
0.053433 0.028753
0.40375 0.027583
0.18412 0.034737
0.39371 0.040534
0.27923 0.0445
0.042892 0.028622
0.032293 0.027092
0.36016 0.045793
0.21074 0.033942
0.40305 0.037817
0.22648 0.036118
0.028151 0.027821
0.026793 0.030928
0.35574 0.045706
0.081243 0.028559
0.41342 0.030393
0.033095 0.035422
0.029688 0.034716
0.033188 0.035486
0.38091 0.041766
0.054035 0.03032
0.2707 0.044536
0.081175 0.030883
0.033445 0.035619
0.034987 0.036267
0.41026 0.040492
0.036003 0.036954
0.4074 0.046114
0.097307 0.027361
0.037294 0.037346
0.40969 0.045957
0.050119 0.031996
0.41458 0.039146
0.097179 0.027848
0.039338 0.037115
0.41214 0.048131
0.043411 0.036445
0.38921 0.044576
0.13733 0.034484
0.046862 0.035943
0.053969 0.034783
0.37039 0.044669
0.18409 0.035475
0.42648 0.028276
0.10862 0.030207
0.15164 0.038332
0.1028 0.031823
0.37895 0.043284
0.42703 0.029953
0.34585 0.041602
0.44528 0.023237
0.44308 0.029315
0.42827 0.038001
0.12117 0.033122
0.44401 0.036632
0.35 0.043777
0.098216 0.032186
0.096095 0.032433
0.46018 0.035637
0.4562 0.039014
0.42755 0.047437
0.43462 0.04571
0.46185 0.042473
0.46086 0.0445
0.45143 0.046026
0.43233 0.053622
0.45223 0.050233
0.47892 0.052939
0.48066 0.022938
0.48698 0.025822
0.49667 0.021142
0.50939 0.022713
0.47017 0.026311
0.49953 0.025711
0.47588 0.03675
0.47608 0.039053
0.49647 0.03598
0.50623 0.023875
0.49422 0.045758
0.4966 0.048943
0.5023 0.038828
0.50459 0.026847
0.49041 0.052412
0.49765 0.053122
0.50138 0.033704
0.50377 0.034313
0.49792 0.052884
0.50332 0.05531
0.50808 0.029925
0.50629 0.040559
0.50322 0.05584
0.50617 0.031535
0.53021 0.022278
0.52296 0.021823
0.56207 0.020605
0.54161 0.024425
0.5528 0.027864
0.51409 0.022176
0.53368 0.037263
0.52203 0.025914
0.52057 0.026781
0.54503 0.037245
0.54694 0.042361
0.51732 0.026417
0.52527 0.033928
0.5273 0.044418
0.54127 0.047312
0.51824 0.030591
0.52392 0.040719
0.52436 0.048516
0.54032 0.058763
0.52298 0.04023
0.51585 0.03269
0.52143 0.047241
0.50629 0.054616
0.51229 0.031495
0.52699 0.0544
0.571 0.02153
0.57237 0.028339
0.58632 0.033987
0.65131 0.044709
0.58002 0.04004
0.61674 0.045344
0.58309 0.048007
0.55656 0.040877
0.86394 0.035659
0.56091 0.044995
0.55869 0.048994
0.96643 0.033778
0.96912 0.02832
0.55372 0.050935
0.56324 0.05371
0.882 0.035194
0.60293 0.043915
0.54301 0.054033
0.50624 0.054676
0.60994 0.058339
0.58429 0.054233
0.59449 0.03387
0.95394 0.03574
0.62252 0.042644
0.8931 0.033294
0.96031 0.024603
0.97387 0.025614
0.96602 0.026265
0.96757 0.027006
0.80397 0.037428
0.59067 0.045376
0.60092 0.034278
0.97526 0.026058
0.61689 0.041934
0.97564 0.026098
0.9756 0.026181
0.97547 0.025936
0.5987 0.028999
0.97482 0.025584
0.71211 0.043275
0.93006 0.034014
0.97475 0.025555
0.70607 0.043881
0.96861 0.024435
0.77755 0.038969
0.96718 0.024318
0.96978 0.024562
0.96383 0.024084
0.61428 0.036243
0.94205 0.034448
0.65452 0.04409
0.95281 0.023503
0.9586 0.023811
0.95616 0.023683
0.61338 0.031475
0.90658 0.033228
0.62462 0.036072
0.85721 0.034862
0.94715 0.023262
0.63115 0.038423
0.79937 0.037725
0.66876 0.048319
0.91976 0.023734
0.91689 0.022873
0.92092 0.02375
0.64249 0.042647
0.9331 0.024259
0.63798 0.037699
0.93965 0.025065
0.93743 0.024675
0.93956 0.025045
0.63851 0.037388
0.94586 0.02684
0.64799 0.040629
0.75912 0.042277
0.94482 0.0265
0.94779 0.029681
0.64759 0.038378
0.73446 0.043507
0.64352 0.03293
0.92032 0.029464
0.93887 0.02991
0.92492 0.029432
0.64574 0.031152
0.68303 0.047783
0.64682 0.024275
0.68027 0.048081
0.90159 0.030388
0.90015 0.03007
0.65374 0.028654
0.89676 0.029738
0.66121 0.028691
0.68443 0.0451
0.89467 0.029598
0.89145 0.029484
0.67416 0.041205
0.69147 0.043833
0.66855 0.025738
0.74209 0.0433
0.88339 0.029745
0.88867 0.02917
0.68238 0.037598
0.88759 0.029145
0.6893 0.037491
0.71182 0.038745
0.88789 0.029147
0.88654 0.029048
0.6816 0.028877
0.74124 0.042226
0.68846 0.027615
0.71152 0.036462
0.88007 0.029333
0.70445 0.031886
0.7312 0.038987
0.69722 0.025578
0.72801 0.037488
0.83529 0.036519
0.82535 0.036121
0.70889 0.028981
0.73548 0.036639
0.71581 0.027128
0.75246 0.043178
0.81722 0.035609
0.82229 0.03508
0.72372 0.028647
0.82669 0.03512
0.74522 0.03476
0.75141 0.040225
0.82857 0.035269
0.84019 0.032754
0.74618 0.033328
0.77362 0.031925
0.752 0.03393
0.76508 0.030884
0.83991 0.031593
0.83775 0.030811
0.75007 0.028138
0.7711 0.029751
0.75677 0.023371
0.78848 0.028356
0.83618 0.029485
0.84064 0.027871
0.77169 0.02379
0.79452 0.026667
0.7818 0.022695
0.84832 0.024037
0.84304 0.026307
0.8441 0.02541
0.80994 0.02216
0.85496 0.022991
0.94481 0.020247
0.94406 0.02151
