348
0.043369 0.02133
0.031503 0.027752
0.086463 0.020595
0.043982 0.027834
0.024997 0.029097
0.044456 0.027838
0.10833 0.02093
0.11793 0.022372
0.14522 0.021894
0.074925 0.02873
0.071527 0.027403
0.075288 0.028936
0.15965 0.025347
0.14885 0.027209
0.16291 0.028941
0.09061 0.027932
0.082159 0.028828
0.089426 0.027931
0.1685 0.032822
0.093961 0.028824
0.17252 0.031286
0.15118 0.042982
0.092683 0.029126
0.086411 0.030433
0.17018 0.036015
0.086417 0.030993
0.18815 0.026591
0.16463 0.041458
0.083987 0.031236
0.091405 0.030875
0.19614 0.029527
0.1018 0.031361
0.20429 0.028014
0.16405 0.042647
0.1017 0.031179
0.098146 0.031778
0.20964 0.02601
0.087736 0.032056
0.21843 0.027671
0.19343 0.03793
0.084754 0.032656
0.22497 0.021957
0.067357 0.032228
0.23057 0.027722
0.2046 0.038523
0.066006 0.031344
0.23152 0.032137
0.069115 0.033895
0.24312 0.024054
0.081689 0.03437
0.07952 0.034977
0.24679 0.028385
0.20909 0.042412
0.24615 0.030753
0.21867 0.043062
0.10142 0.036553
0.25945 0.029381
0.22565 0.042789
0.26297 0.030994
0.093779 0.034375
0.099033 0.03564
0.095251 0.034566
0.27131 0.02995
0.083443 0.03504
0.28873 0.026036
0.07818 0.03662
0.08341 0.035048
0.078073 0.036656
0.28211 0.030043
0.062282 0.030931
0.28435 0.032274
0.20698 0.045048
0.069809 0.036825
0.054478 0.032029
0.30298 0.027422
0.04088 0.03893
0.30763 0.027361
0.16799 0.044064
0.04337 0.038136
0.034581 0.041352
0.31038 0.027232
0.10104 0.041145
0.30365 0.039916
0.18956 0.043454
0.030484 0.040309
0.025649 0.036215
0.26057 0.039734
0.12418 0.036132
0.3102 0.037207
0.13762 0.039534
0.023772 0.037553
0.023191 0.044192
0.25495 0.040898
0.044163 0.042384
0.32227 0.027868
0.026324 0.053929
0.024627 0.05175
0.026373 0.05409
0.28907 0.040079
0.03476 0.045245
0.17728 0.043392
0.04294 0.049936
0.026508 0.054444
0.027306 0.05623
0.31765 0.036292
0.027841 0.057849
0.31432 0.041324
0.05041 0.03747
0.028492 0.058821
0.31705 0.040288
0.033214 0.048237
0.32642 0.034368
0.04988 0.038935
0.029455 0.058571
0.32426 0.03979
0.031097 0.057384
0.29875 0.041149
0.069744 0.040689
0.032359 0.056501
0.034915 0.055749
0.27783 0.0396
0.10049 0.041712
0.33818 0.027009
0.052468 0.042535
0.082279 0.042165
0.048021 0.048493
0.28678 0.040152
0.33879 0.028339
0.24467 0.042135
0.36368 0.022382
0.36072 0.026722
0.34207 0.034642
0.056584 0.043444
0.3635 0.032279
0.24766 0.04167
0.046347 0.050737
0.045712 0.051886
0.38835 0.030447
0.38083 0.032127
0.34386 0.040807
0.3564 0.036756
0.39064 0.035522
0.38973 0.036414
0.37238 0.035559
0.35504 0.039115
0.37317 0.036141
0.41553 0.035509
0.41936 0.021418
0.43181 0.023033
0.44966 0.02065
0.4731 0.021665
0.39969 0.024533
0.45434 0.023226
0.40804 0.029556
0.40839 0.030849
0.4492 0.029107
0.46715 0.022159
0.44663 0.034898
0.45051 0.036878
0.45909 0.03024
0.46376 0.023716
0.44064 0.037747
0.45243 0.039356
0.45748 0.027644
0.46199 0.027709
0.45276 0.039221
0.46212 0.038993
0.47094 0.025816
0.46741 0.03146
0.46195 0.039248
0.46698 0.026416
0.50363 0.021181
0.49071 0.02121
0.5655 0.020285
0.52748 0.022201
0.54784 0.024415
0.47935 0.021587
0.51091 0.028342
0.48949 0.024025
0.48757 0.024763
0.53447 0.029068
0.53872 0.032631
0.48342 0.024855
0.49451 0.028573
0.49781 0.03401
0.52889 0.033719
0.48458 0.027846
0.49147 0.03338
0.49133 0.037948
0.52851 0.038753
0.49024 0.033423
0.48162 0.029602
0.4878 0.038574
0.46924 0.038738
0.47698 0.027883
0.49654 0.038821
0.58484 0.020757
0.58737 0.02414
0.6187 0.025633
0.7084 0.038412
0.59849 0.028928
0.67427 0.03878
0.60088 0.031377
0.55411 0.031485
0.92573 0.042545
0.56353 0.031832
0.55853 0.034473
0.9739 0.044784
0.97391 0.034476
0.54909 0.037318
0.56929 0.0342
0.93772 0.048219
0.64679 0.032893
0.53307 0.037283
0.46911 0.038752
0.65677 0.036733
0.60399 0.032329
0.63603 0.027768
0.96992 0.048747
0.68092 0.03926
0.9421 0.048479
0.96864 0.028179
0.97644 0.029676
0.97191 0.031063
0.97285 0.032319
0.87776 0.043661
0.62891 0.031847
0.64594 0.028076
0.97725 0.030441
0.67451 0.036851
0.97747 0.030509
0.97745 0.030653
0.97737 0.03023
0.64304 0.025377
0.977 0.029624
0.78981 0.041032
0.95939 0.048069
0.97695 0.029574
0.78287 0.040206
0.97339 0.02775
0.85667 0.042695
0.97256 0.027604
0.97407 0.027901
0.97062 0.027219
0.67053 0.031375
0.96484 0.047987
0.71332 0.037147
0.96473 0.026332
0.96774 0.026793
0.96652 0.026596
0.6692 0.027768
0.94743 0.048922
0.68304 0.034295
0.91956 0.040487
0.96136 0.026206
0.68848 0.039027
0.87461 0.043574
0.73844 0.04016
0.9479 0.028378
0.9466 0.026602
0.94842 0.028367
0.69519 0.041252
0.9544 0.028558
0.69385 0.037575
0.95747 0.02972
0.95647 0.029026
0.95743 0.029684
0.69431 0.0372
0.96086 0.033065
0.70398 0.037824
0.84393 0.042535
0.96017 0.032432
0.96385 0.03844
0.70434 0.035912
0.81049 0.0393
0.70091 0.031951
0.9503 0.041428
0.95934 0.039292
0.9524 0.040794
0.70486 0.02975
0.75558 0.04065
0.70663 0.023611
0.7513 0.041
0.94344 0.043742
0.94255 0.042904
0.71529 0.026226
0.94063 0.041739
0.72645 0.025869
0.75747 0.039972
0.93931 0.04068
0.93727 0.039079
0.74433 0.036071
0.76576 0.040097
0.73725 0.024267
0.82084 0.039659
0.93321 0.036902
0.93559 0.037366
0.75516 0.033545
0.93504 0.036958
0.76395 0.035377
0.78954 0.038085
0.93518 0.037058
0.93442 0.036408
0.75437 0.026712
0.81997 0.039439
0.7634 0.026538
0.78932 0.035814
0.93066 0.035091
0.78073 0.030351
0.80664 0.03723
0.77225 0.025097
0.80355 0.036322
0.90361 0.041262
0.89438 0.041643
0.78635 0.028244
0.81308 0.035498
0.79321 0.026905
0.8345 0.039949
0.88725 0.041763
0.89146 0.040841
0.80081 0.02834
0.89479 0.040956
0.82403 0.033449
0.83215 0.038477
0.89666 0.040933
0.90425 0.038514
0.8252 0.032113
0.85217 0.035741
0.83237 0.032813
0.8456 0.033062
0.90299 0.036966
0.90093 0.036128
0.82953 0.027433
0.84997 0.033066
0.83764 0.023322
0.86312 0.031122
0.89857 0.034007
0.9007 0.031463
0.85014 0.025082
0.86766 0.029138
0.85757 0.023517
0.90485 0.025506
0.90149 0.028954
0.90217 0.027599
0.87819 0.023078
0.91015 0.023992
0.96001 0.020472
0.95961 0.022888
