348
0.053007 0.021051
0.037043 0.025416
0.096142 0.020575
0.053764 0.026231
0.027404 0.02614
0.054351 0.026264
0.11661 0.021069
0.125 0.022796
0.14824 0.021979
0.084664 0.029488
0.081773 0.028316
0.08497 0.029678
0.16294 0.025008
0.15195 0.027216
0.16659 0.028229
0.10054 0.027875
0.09158 0.028908
0.099285 0.027765
0.17287 0.031476
0.10403 0.029118
0.17734 0.030032
0.15374 0.04214
0.10271 0.029288
0.096088 0.030089
0.17476 0.034266
0.096093 0.030633
0.19497 0.025619
0.1685 0.03955
0.09348 0.031127
0.10141 0.030902
0.20485 0.027541
0.11121 0.032814
0.21539 0.026223
0.16784 0.040587
0.11111 0.032595
0.10819 0.032791
0.2222 0.024731
0.097504 0.031609
0.23334 0.026171
0.20012 0.034668
0.094232 0.032448
0.2416 0.02172
0.078262 0.03419
0.2474 0.027346
0.21567 0.034406
0.0771 0.032965
0.24848 0.031736
0.079707 0.035989
0.25972 0.023895
0.090613 0.034623
0.08799 0.035617
0.2637 0.027883
0.22194 0.037599
0.26308 0.030141
0.23532 0.038796
0.11141 0.038674
0.27788 0.029046
0.24415 0.04043
0.2817 0.030915
0.10437 0.034874
0.10941 0.037214
0.106 0.035358
0.28956 0.030562
0.092576 0.035024
0.30593 0.026292
0.086475 0.037603
0.092536 0.035037
0.086383 0.037661
0.29963 0.030488
0.07391 0.03186
0.30202 0.032822
0.21899 0.039443
0.08023 0.039244
0.066857 0.031493
0.31951 0.027485
0.050324 0.034654
0.32445 0.02749
0.17228 0.041337
0.053609 0.034402
0.041592 0.035442
0.32726 0.027482
0.11152 0.043387
0.32151 0.040223
0.19506 0.03992
0.035562 0.034047
0.028401 0.030944
0.28158 0.038941
0.12952 0.03967
0.32904 0.038137
0.14056 0.041635
0.025607 0.031847
0.024734 0.036259
0.27501 0.039087
0.055051 0.037828
0.33757 0.02978
0.029323 0.042846
0.026842 0.041348
0.029394 0.042957
0.30719 0.04034
0.041827 0.038088
0.18261 0.04072
0.053955 0.042647
0.029585 0.0432
0.030721 0.044439
0.3362 0.039435
0.031472 0.04559
0.33485 0.043567
0.062902 0.035617
0.032402 0.046329
0.33693 0.0435
0.039551 0.039828
0.34166 0.038265
0.062455 0.036802
0.033813 0.046256
0.34127 0.043984
0.036237 0.045682
0.31648 0.041042
0.080148 0.042944
0.038106 0.045276
0.041857 0.045164
0.29671 0.039941
0.11115 0.043721
0.34994 0.027486
0.066516 0.040745
0.090275 0.041936
0.06135 0.043283
0.305 0.040359
0.35058 0.028796
0.26097 0.040553
0.37529 0.022998
0.37324 0.02823
0.35349 0.034776
0.071194 0.042915
0.37557 0.035478
0.26509 0.039761
0.059155 0.044151
0.058289 0.0447
0.39434 0.033592
0.38873 0.035895
0.35518 0.040315
0.37101 0.039428
0.39802 0.04048
0.39755 0.04115
0.3819 0.041044
0.37004 0.041416
0.3828 0.041389
0.41754 0.041045
0.41723 0.021906
0.4264 0.024079
0.4397 0.020759
0.46269 0.021732
0.40246 0.026033
0.44429 0.023527
0.40919 0.032645
0.40999 0.034384
0.43929 0.030689
0.4569 0.022221
0.43661 0.03811
0.43899 0.03962
0.44892 0.030496
0.45355 0.023796
0.43286 0.042566
0.44059 0.041563
0.44738 0.028004
0.45181 0.027847
0.44101 0.041368
0.45177 0.039331
0.46066 0.026029
0.45726 0.031797
0.45158 0.039584
0.45673 0.026598
0.4925 0.021149
0.47945 0.02123
0.55899 0.020264
0.5178 0.022049
0.5398 0.02407
0.46857 0.021668
0.50006 0.02794
0.47825 0.024111
0.47639 0.024896
0.52532 0.02841
0.5299 0.031683
0.47242 0.025063
0.48327 0.028601
0.48669 0.033888
0.51931 0.03276
0.47353 0.028149
0.48032 0.033568
0.48033 0.038205
0.51891 0.037445
0.4791 0.03367
0.47071 0.030074
0.47698 0.039072
0.45981 0.039388
0.46634 0.028251
0.48553 0.038742
0.57957 0.02075
0.58202 0.024153
0.61043 0.027031
0.68696 0.039281
0.5928 0.029577
0.6551 0.041495
0.595 0.032402
0.5466 0.030566
0.91152 0.039867
0.55685 0.03093
0.5514 0.033332
0.97274 0.040872
0.97276 0.032187
0.54116 0.035955
0.56306 0.03316
0.92739 0.041643
0.62955 0.036103
0.52382 0.036044
0.45967 0.039397
0.63627 0.040018
0.59772 0.033715
0.62381 0.029996
0.968 0.044138
0.66028 0.041827
0.93349 0.042067
0.9665 0.026844
0.97577 0.028146
0.97039 0.029314
0.97151 0.030371
0.86272 0.041261
0.61662 0.035251
0.6314 0.030027
0.97673 0.02879
0.65558 0.039584
0.977 0.028847
0.97697 0.028969
0.97688 0.028613
0.62934 0.026648
0.97643 0.028102
0.76648 0.03936
0.95535 0.042856
0.97638 0.02806
0.75765 0.0399
0.97215 0.026525
0.84091 0.040015
0.97117 0.026401
0.97296 0.026652
0.96885 0.026071
0.65218 0.033331
0.96195 0.043158
0.69167 0.038745
0.96186 0.025241
0.96544 0.02567
0.96399 0.025487
0.65122 0.029044
0.94025 0.04275
0.6625 0.03681
0.90556 0.039559
0.95783 0.025088
0.66695 0.041463
0.85878 0.041145
0.7137 0.041419
0.94101 0.026652
0.93939 0.025233
0.94167 0.026648
0.67325 0.041565
0.94915 0.026879
0.67206 0.038413
0.95298 0.027882
0.95173 0.027298
0.95293 0.027851
0.67254 0.037993
0.95722 0.030698
0.68297 0.038298
0.82339 0.037923
0.95636 0.030159
0.9608 0.035226
0.68333 0.036328
0.78781 0.039067
0.67996 0.032119
0.94393 0.037065
0.9553 0.035729
0.94658 0.036624
0.68396 0.029959
0.73029 0.039511
0.68553 0.023728
0.72498 0.040199
0.93525 0.038605
0.93413 0.037957
0.69351 0.026762
0.9316 0.037056
0.70396 0.026095
0.73291 0.038988
0.92984 0.036225
0.92714 0.034972
0.71953 0.03704
0.7423 0.039799
0.71443 0.024575
0.7986 0.038105
0.92185 0.033538
0.92499 0.033689
0.73124 0.032821
0.92427 0.033402
0.74108 0.035011
0.7662 0.036911
0.92446 0.033472
0.92348 0.033013
0.73087 0.026349
0.79757 0.038053
0.74102 0.026354
0.76606 0.034793
0.91864 0.032472
0.75742 0.030278
0.78459 0.037444
0.74933 0.025358
0.78186 0.036582
0.89061 0.040969
0.8811 0.041269
0.7631 0.02778
0.79029 0.035204
0.77097 0.02644
0.81323 0.037485
0.87362 0.040724
0.87807 0.04045
0.77898 0.028237
0.88153 0.04074
0.80244 0.03218
0.81086 0.036542
0.88347 0.040687
0.89123 0.038505
0.8038 0.030901
0.83598 0.033163
0.8116 0.031455
0.82689 0.03038
0.88999 0.03694
0.88792 0.036085
0.80874 0.026686
0.83296 0.030654
0.81777 0.022841
0.84782 0.030695
0.8855 0.03397
0.8877 0.031431
0.83345 0.024157
0.85259 0.028594
0.84218 0.023173
0.8918 0.025505
0.88852 0.02893
0.8892 0.027582
0.86422 0.022781
0.89703 0.024008
0.95615 0.020386
0.95566 0.022356
