348
0.067057 0.020887
0.047866 0.024086
0.11527 0.020619
0.067948 0.025263
0.032993 0.023577
0.068638 0.025296
0.13689 0.020998
0.14495 0.02285
0.17099 0.021683
0.10417 0.028532
0.10002 0.027208
0.10456 0.028737
0.18734 0.024433
0.1753 0.026399
0.19171 0.027028
0.11933 0.028142
0.11119 0.02893
0.11804 0.02817
0.19874 0.029884
0.12246 0.028874
0.20433 0.02878
0.17825 0.037909
0.12127 0.029245
0.11528 0.030873
0.2011 0.032343
0.1154 0.031459
0.22364 0.026309
0.19382 0.036843
0.1132 0.03178
0.12013 0.03112
0.23098 0.030207
0.13012 0.032205
0.23831 0.027579
0.19304 0.037005
0.13 0.032004
0.12629 0.031761
0.24486 0.024901
0.11682 0.032421
0.2564 0.0262
0.22833 0.039074
0.11419 0.033438
0.26411 0.021677
0.095965 0.032024
0.27049 0.026443
0.23973 0.037337
0.09465 0.030921
0.27223 0.030391
0.097658 0.033653
0.28411 0.023789
0.11136 0.034488
0.10891 0.034716
0.28839 0.027641
0.24704 0.037981
0.28809 0.029866
0.26095 0.037906
0.1302 0.038047
0.30435 0.0289
0.26875 0.038775
0.3085 0.031842
0.12263 0.034567
0.12734 0.036003
0.1239 0.034664
0.31481 0.032959
0.11332 0.035863
0.32943 0.025997
0.10768 0.036314
0.11329 0.03586
0.10758 0.036351
0.32198 0.031475
0.091041 0.030576
0.32402 0.033717
0.24298 0.039263
0.098309 0.036584
0.082936 0.030083
0.34375 0.027184
0.063157 0.032407
0.34818 0.027129
0.19778 0.037498
0.067082 0.032234
0.052497 0.032472
0.35084 0.027161
0.13044 0.039907
0.34284 0.03929
0.22464 0.04021
0.04578 0.030185
0.034734 0.02655
0.31081 0.040386
0.14575 0.039002
0.35073 0.037287
0.15383 0.03808
0.029821 0.026751
0.028032 0.029266
0.30597 0.038806
0.067936 0.03529
0.36271 0.028879
0.033955 0.033686
0.030606 0.032193
0.034028 0.033774
0.32917 0.039485
0.05183 0.034607
0.21039 0.038047
0.065357 0.039669
0.034239 0.03398
0.035488 0.035114
0.36062 0.037078
0.036163 0.036064
0.35799 0.038343
0.077933 0.033608
0.03717 0.036736
0.36159 0.038941
0.048372 0.035412
0.36903 0.037267
0.077146 0.03464
0.039033 0.037185
0.36908 0.039265
0.041911 0.037746
0.33661 0.039743
0.098204 0.03959
0.044447 0.03829
0.049161 0.039628
0.31906 0.040065
0.12988 0.039938
0.37512 0.026988
0.081253 0.038443
0.11283 0.040775
0.074348 0.039586
0.32612 0.040056
0.37546 0.028141
0.29068 0.038559
0.38254 0.02261
0.38188 0.026894
0.37699 0.033739
0.086234 0.039795
0.38418 0.033924
0.29642 0.038118
0.071461 0.039988
0.070299 0.039998
0.39963 0.032575
0.39491 0.035313
0.37832 0.038174
0.38358 0.036341
0.40635 0.039301
0.40609 0.039484
0.39074 0.03911
0.38374 0.037379
0.39149 0.039218
0.42344 0.038835
0.42291 0.021791
0.43196 0.024181
0.44524 0.020732
0.4687 0.021681
0.40684 0.025671
0.45038 0.023348
0.41365 0.031844
0.41466 0.033628
0.44548 0.030288
0.46289 0.022229
0.44461 0.037813
0.44858 0.038632
0.45597 0.030361
0.45962 0.023887
0.44133 0.04027
0.4516 0.039493
0.45353 0.027775
0.45796 0.027933
0.45211 0.039397
0.46315 0.038828
0.4667 0.025913
0.46512 0.031678
0.46301 0.038949
0.46273 0.02663
0.49758 0.021447
0.48571 0.021279
0.55165 0.020291
0.51494 0.022726
0.53395 0.024543
0.4749 0.021596
0.50263 0.031072
0.48446 0.024221
0.48271 0.024951
0.52082 0.0303
0.52538 0.033576
0.47887 0.025041
0.48937 0.029407
0.49482 0.036639
0.51528 0.036769
0.48005 0.028138
0.48849 0.034578
0.4906 0.03952
0.51479 0.040417
0.48758 0.034508
0.47758 0.029896
0.48834 0.039508
0.47114 0.037828
0.47274 0.027944
0.49556 0.040627
0.56898 0.020929
0.57091 0.025079
0.59892 0.026037
0.69094 0.03964
0.57697 0.030654
0.65358 0.036418
0.57673 0.033502
0.54011 0.031725
0.90006 0.037389
0.55065 0.032075
0.54573 0.034535
0.96941 0.035437
0.9699 0.028961
0.53624 0.036948
0.55683 0.035007
0.91591 0.038753
0.62321 0.032354
0.51934 0.039288
0.47104 0.037837
0.63286 0.035023
0.57812 0.033673
0.61436 0.028053
0.96342 0.038134
0.66104 0.035567
0.92276 0.037908
0.96178 0.025124
0.97417 0.025907
0.96675 0.026843
0.9683 0.027602
0.85865 0.035285
0.60256 0.032038
0.6255 0.027438
0.97549 0.026375
0.65434 0.035187
0.97586 0.026416
0.97582 0.026504
0.97569 0.026246
0.6224 0.025041
0.97508 0.025876
0.77454 0.039345
0.94794 0.038955
0.97501 0.025845
0.76606 0.039574
0.96917 0.024795
0.83777 0.039096
0.96782 0.024687
0.97029 0.024892
0.96476 0.024493
0.65025 0.030756
0.95506 0.038476
0.69476 0.039437
0.95514 0.024099
0.96032 0.024264
0.95825 0.024197
0.64914 0.027319
0.93338 0.03876
0.66462 0.032148
0.89306 0.036892
0.95016 0.024141
0.67142 0.03603
0.85517 0.036347
0.71395 0.039104
0.93162 0.025468
0.92962 0.02425
0.9324 0.025503
0.67922 0.038311
0.94048 0.026286
0.67803 0.03537
0.94473 0.027121
0.94333 0.026667
0.94468 0.027098
0.67857 0.035179
0.94943 0.028819
0.68819 0.03854
0.82193 0.039164
0.94851 0.028531
0.95336 0.032075
0.68884 0.03658
0.79184 0.038367
0.68656 0.031638
0.93586 0.034937
0.94723 0.033519
0.93812 0.035229
0.69054 0.030061
0.73097 0.039516
0.692 0.0238
0.72505 0.039383
0.92436 0.034803
0.9226 0.034381
0.69956 0.026956
0.9198 0.034148
0.70993 0.02599
0.73492 0.038844
0.91759 0.033824
0.91403 0.033277
0.72087 0.037992
0.75251 0.039434
0.72079 0.024566
0.8012 0.03904
0.90801 0.031841
0.91128 0.032289
0.73547 0.032894
0.91043 0.031977
0.74963 0.035656
0.77341 0.037804
0.91065 0.032055
0.90954 0.031529
0.73599 0.02638
0.80022 0.038703
0.74745 0.026519
0.77236 0.035545
0.90474 0.030937
0.7624 0.030954
0.78799 0.038456
0.75445 0.025974
0.78523 0.037678
0.87695 0.036825
0.86508 0.037052
0.76702 0.027819
0.79415 0.034833
0.77506 0.026749
0.81179 0.03839
0.86251 0.035848
0.86341 0.036941
0.7825 0.02869
0.86537 0.036928
0.80595 0.033471
0.81058 0.03793
0.86692 0.036712
0.87631 0.036362
0.80734 0.031781
0.83459 0.035143
0.81285 0.032107
0.82826 0.031068
0.87291 0.034433
0.86985 0.033248
0.81102 0.026894
0.83263 0.032179
0.81969 0.023015
0.84767 0.030198
0.86757 0.031135
0.86881 0.029012
0.83399 0.024742
0.85345 0.02764
0.84219 0.023178
0.87216 0.024487
0.86897 0.027032
0.86938 0.026005
0.86098 0.022025
0.87972 0.023354
0.94828 0.020325
0.94772 0.022005
