348
0.073594 0.020714
0.050434 0.023477
0.12792 0.020574
0.074804 0.024208
0.033817 0.023335
0.075741 0.02421
0.15076 0.020937
0.15985 0.022459
0.18631 0.021819
0.1161 0.028334
0.11211 0.027036
0.1165 0.028539
0.2012 0.024947
0.1906 0.027237
0.20519 0.027832
0.13233 0.027651
0.12364 0.02837
0.13074 0.027645
0.21148 0.030427
0.13606 0.028412
0.217 0.02967
0.19577 0.039385
0.13472 0.028749
0.12797 0.030078
0.21328 0.03321
0.12803 0.030643
0.23517 0.026165
0.20772 0.039233
0.12574 0.030862
0.13328 0.030505
0.24292 0.02961
0.14426 0.032023
0.25096 0.027515
0.20708 0.039507
0.14409 0.031788
0.14012 0.031059
0.25658 0.024859
0.12929 0.031633
0.26914 0.025703
0.23688 0.037922
0.12657 0.032492
0.27742 0.021635
0.10869 0.031693
0.28395 0.026612
0.25082 0.03751
0.10711 0.030539
0.28561 0.030722
0.11016 0.033429
0.29678 0.023732
0.12338 0.033725
0.12056 0.034542
0.30129 0.027464
0.25761 0.038091
0.30106 0.02968
0.27339 0.037048
0.1455 0.038373
0.3178 0.028367
0.28129 0.039084
0.32237 0.031011
0.13632 0.033889
0.14178 0.035239
0.13771 0.033892
0.32995 0.0317
0.12539 0.034783
0.34519 0.02546
0.11891 0.036212
0.12536 0.034778
0.1188 0.036245
0.33789 0.030402
0.103 0.029832
0.34008 0.032606
0.25316 0.039203
0.11052 0.036511
0.093901 0.028469
0.36205 0.026
0.067894 0.03017
0.36736 0.026425
0.21061 0.039146
0.073697 0.029846
0.05517 0.030656
0.37031 0.026494
0.14595 0.039323
0.35987 0.036518
0.23266 0.040377
0.047682 0.028758
0.035668 0.026043
0.32544 0.039098
0.1637 0.035585
0.36937 0.036028
0.17369 0.03781
0.030443 0.026352
0.028537 0.028713
0.31969 0.037953
0.075076 0.032227
0.38243 0.028939
0.033545 0.032755
0.030605 0.031479
0.03359 0.032834
0.34478 0.038183
0.053487 0.032482
0.22074 0.040398
0.070562 0.03604
0.033735 0.033017
0.034586 0.033995
0.37907 0.037086
0.034917 0.034835
0.37627 0.038308
0.088649 0.031243
0.035622 0.035302
0.37989 0.038706
0.048539 0.033195
0.38855 0.036628
0.087951 0.032055
0.037174 0.035531
0.38843 0.03782
0.039595 0.035791
0.35345 0.037204
0.11031 0.03958
0.042225 0.036026
0.047572 0.036543
0.33563 0.038569
0.14524 0.039011
0.39563 0.026679
0.095274 0.036007
0.12433 0.039258
0.08552 0.035927
0.34195 0.03849
0.39605 0.027776
0.30213 0.03761
0.40303 0.022353
0.40239 0.026209
0.39801 0.033051
0.1001 0.037452
0.4045 0.032947
0.30912 0.037918
0.081158 0.035511
0.079315 0.035504
0.42189 0.031385
0.41638 0.033929
0.39942 0.037209
0.40381 0.03525
0.42829 0.038048
0.42791 0.03808
0.41078 0.037126
0.40391 0.036315
0.41174 0.037119
0.446 0.039189
0.44748 0.021789
0.4558 0.024477
0.4684 0.020809
0.49327 0.021611
0.43017 0.025206
0.47308 0.023371
0.43745 0.030944
0.43816 0.032935
0.46853 0.031375
0.48698 0.022069
0.46598 0.039314
0.46925 0.040445
0.47845 0.029682
0.48318 0.02356
0.46238 0.040259
0.47255 0.039776
0.47609 0.027496
0.481 0.027268
0.47314 0.039584
0.48869 0.037206
0.49116 0.025489
0.48992 0.03072
0.48852 0.037238
0.48681 0.026159
0.52275 0.021398
0.51035 0.021228
0.57224 0.020384
0.54019 0.022824
0.55931 0.025372
0.49912 0.021562
0.52863 0.030822
0.509 0.024027
0.50715 0.024725
0.54606 0.03026
0.55159 0.034019
0.50331 0.024926
0.51448 0.029042
0.52231 0.03634
0.54217 0.037278
0.50445 0.027955
0.51498 0.034377
0.5189 0.039066
0.54254 0.040388
0.51387 0.034366
0.50243 0.029678
0.51602 0.038989
0.49738 0.037812
0.49677 0.027791
0.52386 0.039719
0.58583 0.021136
0.58732 0.026195
0.60646 0.030172
0.68388 0.037818
0.59416 0.03487
0.64317 0.038862
0.59719 0.039673
0.56422 0.034958
0.90187 0.039247
0.57188 0.036254
0.56826 0.04063
0.97015 0.035678
0.97 0.029078
0.5628 0.040901
0.57521 0.040823
0.91578 0.038965
0.61969 0.036157
0.54695 0.039242
0.49732 0.037815
0.62718 0.039536
0.5994 0.040096
0.61523 0.032195
0.96542 0.038784
0.65257 0.037551
0.9232 0.037134
0.96197 0.025283
0.97423 0.025969
0.96689 0.026958
0.96842 0.027697
0.86414 0.035124
0.61006 0.041054
0.62379 0.029109
0.97554 0.026441
0.64467 0.037735
0.97591 0.026483
0.97586 0.026572
0.97574 0.026311
0.62096 0.026454
0.97513 0.025937
0.77341 0.038625
0.95066 0.039285
0.97506 0.025906
0.76257 0.037616
0.96929 0.024854
0.84291 0.035782
0.96795 0.024751
0.97039 0.024945
0.96491 0.024594
0.64299 0.032743
0.95774 0.039346
0.68909 0.038414
0.95555 0.024306
0.96056 0.024415
0.95852 0.024372
0.64346 0.028721
0.9362 0.038137
0.65665 0.033924
0.8964 0.03827
0.95092 0.024405
0.66181 0.038798
0.86132 0.035959
0.70922 0.03883
0.93292 0.025157
0.93067 0.023934
0.93379 0.025229
0.66803 0.03903
0.94191 0.026411
0.6674 0.036279
0.94587 0.027535
0.94456 0.02697
0.94582 0.027507
0.66814 0.035982
0.9502 0.02934
0.6794 0.03701
0.82056 0.037074
0.94937 0.029033
0.95451 0.032816
0.68062 0.035169
0.79042 0.038696
0.67773 0.030565
0.93817 0.034951
0.94902 0.034447
0.9405 0.035533
0.68285 0.029089
0.72808 0.038208
0.68466 0.02339
0.7223 0.037715
0.92502 0.033905
0.92285 0.033827
0.6929 0.026863
0.91944 0.034083
0.70262 0.026236
0.73185 0.038778
0.9173 0.034076
0.91369 0.034062
0.71549 0.036606
0.7476 0.038124
0.71351 0.024205
0.80099 0.038984
0.90852 0.033153
0.91137 0.033368
0.7306 0.03296
0.91064 0.033138
0.74459 0.034722
0.77214 0.037315
0.91084 0.033196
0.90988 0.032705
0.73008 0.026384
0.79972 0.038461
0.74162 0.026092
0.77068 0.035017
0.90573 0.032027
0.75856 0.02963
0.78686 0.039019
0.74952 0.025236
0.78433 0.03814
0.88208 0.037265
0.87105 0.037315
0.7639 0.027018
0.7925 0.034929
0.77237 0.026495
0.81058 0.038365
0.86817 0.036443
0.8694 0.037274
0.77978 0.028811
0.87131 0.037282
0.80457 0.034059
0.80956 0.038379
0.87278 0.037223
0.88142 0.036963
0.80551 0.032264
0.83616 0.033211
0.81055 0.032052
0.82738 0.029152
0.87786 0.034953
0.87412 0.03369
0.80846 0.026923
0.83259 0.030319
0.8168 0.0228
0.85008 0.029218
0.87117 0.031447
0.87168 0.029215
0.83367 0.024032
0.8563 0.027174
0.84364 0.022715
0.87484 0.024582
0.87168 0.027182
0.87207 0.026132
0.86385 0.021977
0.88223 0.02343
0.94917 0.020345
0.94865 0.02213
