348
0.065142 0.020912
0.045827 0.024038
0.11497 0.020568
0.066049 0.025418
0.031589 0.023948
0.066751 0.025457
0.13936 0.02082
0.14922 0.02261
0.1752 0.021657
0.10221 0.027901
0.097708 0.026923
0.10264 0.028067
0.1908 0.024745
0.1797 0.026577
0.19494 0.027443
0.11902 0.027504
0.1103 0.028159
0.11774 0.027509
0.2015 0.029542
0.12217 0.028186
0.20786 0.02854
0.1825 0.038471
0.12094 0.028552
0.1151 0.029957
0.20318 0.03186
0.1153 0.030495
0.228 0.025515
0.19591 0.037566
0.11282 0.030789
0.1199 0.030267
0.23718 0.028143
0.13085 0.030242
0.24672 0.026678
0.19509 0.037982
0.13071 0.030092
0.12649 0.030442
0.25325 0.024636
0.11682 0.03139
0.26506 0.026054
0.23053 0.035673
0.11405 0.032318
0.27278 0.021676
0.094132 0.031838
0.2793 0.026388
0.24724 0.035621
0.092707 0.030829
0.281 0.030417
0.095545 0.033391
0.29243 0.023891
0.11071 0.033283
0.10769 0.033341
0.29647 0.028109
0.25444 0.037409
0.29621 0.030485
0.26871 0.037783
0.13081 0.035246
0.31244 0.028342
0.27667 0.038847
0.31698 0.03072
0.12243 0.033419
0.12765 0.033993
0.12379 0.033351
0.32465 0.03148
0.1132 0.034563
0.34027 0.025927
0.10618 0.034829
0.11316 0.034561
0.10606 0.034867
0.3327 0.03051
0.0889 0.030634
0.33515 0.033002
0.25033 0.037814
0.095843 0.036343
0.080661 0.030005
0.35415 0.027183
0.060985 0.032593
0.35843 0.02725
0.1992 0.037199
0.064987 0.032579
0.050392 0.032247
0.36098 0.027275
0.13106 0.036303
0.35174 0.039921
0.2252 0.037806
0.043602 0.030201
0.033142 0.027137
0.31952 0.038289
0.14991 0.037876
0.35851 0.038145
0.15651 0.038531
0.028759 0.027573
0.027164 0.030388
0.3133 0.037435
0.065584 0.035744
0.37267 0.02913
0.032047 0.03504
0.029268 0.033685
0.032101 0.03513
0.34057 0.039093
0.049421 0.034295
0.21156 0.037685
0.062605 0.040133
0.032263 0.035335
0.033214 0.036447
0.3676 0.037765
0.033681 0.037411
0.36483 0.039296
0.075109 0.033814
0.034453 0.038022
0.36786 0.039501
0.045594 0.035237
0.37692 0.036939
0.074251 0.034877
0.035966 0.038272
0.37647 0.038176
0.038314 0.038496
0.34691 0.039897
0.095448 0.039465
0.0409 0.038678
0.045847 0.039359
0.33044 0.038273
0.13041 0.03646
0.38565 0.026524
0.078019 0.038527
0.11291 0.038946
0.071126 0.040023
0.3377 0.039097
0.38606 0.027598
0.29721 0.039586
0.39371 0.022339
0.39306 0.026152
0.38744 0.03272
0.083192 0.039432
0.39503 0.032951
0.3027 0.038403
0.068501 0.04052
0.067451 0.040486
0.41091 0.033026
0.40618 0.035654
0.38835 0.036689
0.39407 0.035168
0.41558 0.03971
0.41526 0.039836
0.40155 0.03845
0.3941 0.036225
0.40233 0.038609
0.43309 0.037863
0.43547 0.021659
0.44505 0.023946
0.45909 0.020684
0.4869 0.021511
0.41822 0.025658
0.46446 0.02296
0.42516 0.031221
0.42567 0.033085
0.4593 0.029601
0.47991 0.021946
0.45641 0.036652
0.46008 0.037097
0.47139 0.028583
0.47591 0.023212
0.45185 0.038046
0.46392 0.037324
0.46844 0.026651
0.47385 0.026479
0.4647 0.037201
0.48088 0.036475
0.48458 0.025241
0.48294 0.03029
0.4807 0.036512
0.47971 0.025784
0.51901 0.021193
0.50552 0.021121
0.57533 0.02033
0.54091 0.022465
0.56049 0.025027
0.49292 0.021431
0.52617 0.028872
0.50398 0.023689
0.50183 0.024332
0.54725 0.029583
0.55278 0.0338
0.49732 0.024522
0.50994 0.028032
0.51662 0.034032
0.54367 0.035315
0.49865 0.0273
0.50929 0.032709
0.51212 0.036765
0.54428 0.03823
0.50813 0.032749
0.49616 0.028886
0.50919 0.036897
0.48993 0.036256
0.49052 0.027151
0.5176 0.036997
0.59047 0.021073
0.59195 0.025899
0.61226 0.029604
0.69453 0.037988
0.59906 0.034155
0.65473 0.03641
0.60182 0.038359
0.56566 0.033407
0.90029 0.038848
0.57523 0.033912
0.57065 0.037763
0.97034 0.037157
0.97091 0.029966
0.56343 0.039218
0.58034 0.038382
0.91794 0.037751
0.62806 0.034797
0.54849 0.037936
0.48986 0.036262
0.6364 0.037211
0.60385 0.038553
0.62178 0.03117
0.96503 0.039807
0.66504 0.035738
0.9261 0.036671
0.96361 0.025527
0.97475 0.026566
0.96808 0.0275
0.96947 0.028374
0.86756 0.037741
0.61685 0.039223
0.63108 0.028243
0.97595 0.027085
0.65624 0.035435
0.97628 0.027132
0.97624 0.027229
0.97613 0.026943
0.62814 0.025961
0.97557 0.026531
0.78088 0.038761
0.95089 0.038773
0.97551 0.026497
0.77076 0.038159
0.97026 0.025311
0.8509 0.038027
0.96904 0.025154
0.97126 0.025439
0.96629 0.024893
0.65332 0.031102
0.95698 0.039273
0.70005 0.037977
0.9572 0.024323
0.96231 0.024579
0.96026 0.024474
0.65324 0.027604
0.9389 0.0384
0.66901 0.032727
0.89458 0.038824
0.95246 0.024298
0.67503 0.038165
0.86533 0.038678
0.72149 0.039295
0.93459 0.025292
0.9324 0.024055
0.93544 0.025356
0.68111 0.039463
0.94324 0.026457
0.68032 0.036616
0.94729 0.027526
0.94595 0.026981
0.94724 0.027499
0.68091 0.036295
0.95172 0.029124
0.69068 0.037767
0.82984 0.037758
0.95088 0.028875
0.95547 0.032691
0.69175 0.035705
0.79979 0.037947
0.68904 0.031209
0.9403 0.035121
0.94994 0.034248
0.9421 0.035625
0.6939 0.029264
0.73929 0.038757
0.69558 0.023408
0.73372 0.038284
0.92743 0.033664
0.92531 0.033433
0.70428 0.026596
0.92204 0.033436
0.71442 0.026244
0.74265 0.03922
0.91938 0.033276
0.91511 0.032998
0.72723 0.037342
0.75667 0.038802
0.72481 0.02438
0.81056 0.039604
0.90915 0.032131
0.91242 0.032193
0.74145 0.03327
0.91159 0.031935
0.7544 0.035234
0.77994 0.037474
0.91181 0.031999
0.91073 0.031548
0.74096 0.026543
0.80933 0.039163
0.75211 0.026307
0.77898 0.035369
0.906 0.031435
0.76826 0.030007
0.79559 0.038156
0.75974 0.025467
0.79261 0.037354
0.88142 0.039346
0.87269 0.039773
0.77346 0.027232
0.80214 0.03469
0.78182 0.026557
0.81958 0.039075
0.87059 0.038881
0.87144 0.039763
0.78907 0.028608
0.87289 0.039724
0.81392 0.034575
0.81856 0.039034
0.87402 0.039599
0.88089 0.039023
0.8148 0.032749
0.84468 0.034432
0.81954 0.032563
0.83572 0.029775
0.87825 0.036893
0.87569 0.035574
0.81756 0.027233
0.84106 0.031192
0.82583 0.022922
0.85629 0.030868
0.87367 0.033121
0.87443 0.030569
0.84188 0.024397
0.86137 0.028463
0.85066 0.023133
0.87725 0.025222
0.87453 0.028237
0.87487 0.027027
0.86776 0.022332
0.88375 0.02385
0.95067 0.020339
0.95014 0.022105
