348
0.063365 0.020895
0.043546 0.024154
0.11475 0.020577
0.064222 0.025331
0.030367 0.024393
0.064886 0.02538
0.13628 0.021048
0.14389 0.023037
0.16717 0.021989
0.10243 0.027646
0.097749 0.026437
0.10286 0.027833
0.18086 0.025296
0.17084 0.027564
0.18459 0.02836
0.11926 0.027829
0.11021 0.028064
0.11782 0.027778
0.19035 0.031033
0.12238 0.02873
0.19557 0.029276
0.17203 0.041457
0.12124 0.029018
0.11473 0.030131
0.19185 0.033499
0.11489 0.030686
0.21573 0.026007
0.18445 0.039703
0.11244 0.030799
0.12017 0.030756
0.22348 0.030071
0.12983 0.032641
0.23066 0.027991
0.18371 0.040222
0.12971 0.032427
0.12615 0.031892
0.23688 0.025261
0.11655 0.031709
0.24733 0.026749
0.22179 0.038569
0.1136 0.032407
0.25451 0.021737
0.092943 0.030692
0.26071 0.026468
0.23173 0.038283
0.091575 0.029708
0.26225 0.030317
0.094681 0.032143
0.27503 0.023834
0.11041 0.03308
0.10761 0.033215
0.27916 0.028036
0.23763 0.039402
0.27878 0.03034
0.24952 0.038921
0.1301 0.038672
0.29323 0.029312
0.25616 0.039245
0.29741 0.031999
0.12282 0.034343
0.12736 0.036307
0.12403 0.034572
0.30397 0.032869
0.11269 0.034536
0.31774 0.026445
0.10617 0.034623
0.11265 0.03453
0.10606 0.034654
0.3112 0.032137
0.087578 0.029506
0.313 0.03457
0.23423 0.040603
0.095119 0.034728
0.078679 0.029736
0.33155 0.026887
0.059733 0.032318
0.33642 0.026554
0.18776 0.039869
0.063545 0.032347
0.04844 0.032033
0.3395 0.026421
0.13038 0.040678
0.32937 0.038733
0.2177 0.039748
0.041305 0.030656
0.031756 0.027878
0.29883 0.040166
0.14464 0.040306
0.33898 0.035561
0.15239 0.039699
0.027836 0.028461
0.026366 0.031613
0.29281 0.039276
0.064476 0.035478
0.35303 0.028653
0.030828 0.036621
0.028275 0.035265
0.030881 0.036713
0.31653 0.04099
0.04776 0.034143
0.20023 0.037982
0.062394 0.039705
0.031035 0.036921
0.031948 0.038022
0.35081 0.036241
0.032418 0.039001
0.34765 0.036842
0.073663 0.03366
0.033162 0.039598
0.35204 0.038173
0.043946 0.035517
0.35863 0.037863
0.072885 0.034785
0.034585 0.039695
0.35859 0.040065
0.03693 0.039609
0.32333 0.04052
0.094674 0.037362
0.039398 0.039495
0.044801 0.039547
0.3081 0.041273
0.12987 0.040698
0.36452 0.027567
0.076204 0.038105
0.11223 0.03899
0.070222 0.040112
0.31432 0.041501
0.36484 0.028809
0.28028 0.039885
0.37154 0.022681
0.37093 0.027097
0.36574 0.034743
0.080918 0.038859
0.37213 0.034208
0.28499 0.040019
0.067709 0.040546
0.066702 0.040562
0.38825 0.031919
0.38268 0.034985
0.36631 0.039494
0.37114 0.036697
0.394 0.037919
0.39368 0.038116
0.37714 0.039334
0.37107 0.037743
0.37796 0.039412
0.41332 0.036576
0.41405 0.021586
0.42454 0.023677
0.43939 0.020676
0.46313 0.021853
0.39627 0.025284
0.44481 0.023155
0.40362 0.030827
0.40447 0.032374
0.4396 0.029516
0.45797 0.022325
0.43795 0.036389
0.44221 0.037405
0.45064 0.030045
0.45456 0.023918
0.43384 0.038646
0.44545 0.038409
0.44813 0.027391
0.4528 0.027858
0.44601 0.038316
0.45825 0.039538
0.46141 0.026396
0.46008 0.032424
0.45809 0.039639
0.45781 0.026902
0.49246 0.021217
0.47833 0.021225
0.552 0.02029
0.5128 0.022379
0.53375 0.024273
0.46845 0.021807
0.49841 0.029392
0.47705 0.024131
0.47533 0.024993
0.5196 0.029209
0.52452 0.032362
0.47187 0.025405
0.48263 0.028431
0.48817 0.034035
0.51298 0.034645
0.47288 0.028569
0.4806 0.033389
0.48216 0.037405
0.51228 0.037796
0.47946 0.033551
0.47075 0.030824
0.47917 0.038154
0.46478 0.039901
0.4666 0.028998
0.48841 0.037383
0.5691 0.020956
0.57097 0.025247
0.59768 0.026369
0.68903 0.038062
0.57684 0.031085
0.64978 0.036883
0.57661 0.034044
0.54038 0.031268
0.90077 0.037557
0.55099 0.032012
0.54604 0.034233
0.96982 0.036042
0.97029 0.029316
0.53621 0.036069
0.55721 0.035106
0.91674 0.038585
0.62075 0.033026
0.51779 0.037137
0.4647 0.039898
0.62989 0.035831
0.57795 0.034246
0.61234 0.02848
0.96405 0.038713
0.65703 0.035801
0.92366 0.03773
0.96247 0.025277
0.97439 0.026141
0.96726 0.027089
0.96874 0.02789
0.86057 0.036213
0.60114 0.032693
0.62292 0.027845
0.97567 0.026627
0.65051 0.035596
0.97602 0.02667
0.97598 0.026762
0.97586 0.026493
0.61998 0.025315
0.97527 0.026108
0.77435 0.036911
0.94889 0.039202
0.9752 0.026077
0.76487 0.038811
0.96959 0.024981
0.83998 0.041132
0.96828 0.024861
0.97066 0.025086
0.96534 0.024644
0.64655 0.031128
0.9559 0.03888
0.69341 0.038113
0.95599 0.024189
0.96107 0.024384
0.95905 0.024305
0.64547 0.027581
0.93439 0.038653
0.66061 0.032253
0.89395 0.037279
0.95108 0.024207
0.66759 0.03592
0.85721 0.037484
0.71286 0.038481
0.93262 0.025425
0.9306 0.024206
0.9334 0.025465
0.67564 0.03754
0.94154 0.026308
0.67427 0.034812
0.94573 0.027184
0.94435 0.026715
0.94568 0.027161
0.67481 0.034592
0.95036 0.028952
0.68575 0.036992
0.82634 0.041019
0.94945 0.028648
0.95423 0.032314
0.68629 0.035171
0.79735 0.035206
0.68327 0.030774
0.9369 0.0349
0.9482 0.033683
0.93919 0.035236
0.68751 0.029237
0.73118 0.038478
0.68911 0.023508
0.72454 0.038292
0.92528 0.034653
0.92349 0.034239
0.69736 0.026591
0.92066 0.034014
0.70794 0.025855
0.73552 0.038202
0.91844 0.033696
0.91484 0.033161
0.71977 0.037142
0.75191 0.039781
0.71909 0.024355
0.80844 0.036854
0.90878 0.031776
0.91208 0.032186
0.73521 0.032452
0.91122 0.031878
0.74917 0.03614
0.7731 0.035765
0.91144 0.031956
0.91032 0.031437
0.73535 0.026169
0.8075 0.036417
0.74676 0.02668
0.77197 0.033943
0.90548 0.030945
0.76136 0.030686
0.79233 0.034473
0.75354 0.026045
0.78859 0.033876
0.87831 0.037389
0.8668 0.03781
0.76634 0.02746
0.79958 0.032358
0.77492 0.025948
0.81858 0.039018
0.86432 0.036654
0.86519 0.037764
0.78378 0.027124
0.86708 0.037668
0.81235 0.032568
0.81738 0.038222
0.86859 0.037378
0.87769 0.036913
0.81364 0.03132
0.83777 0.036755
0.81935 0.032619
0.8328 0.032564
0.8744 0.034934
0.87145 0.033718
0.8173 0.027083
0.83647 0.033498
0.82538 0.023302
0.8505 0.031049
0.86926 0.03156
0.87046 0.029332
0.83795 0.025242
0.85585 0.028202
0.8455 0.02347
0.87369 0.024644
0.87061 0.027281
0.87101 0.026218
0.8629 0.022135
0.88099 0.023463
0.94923 0.02033
0.94868 0.022031
