348
0.066103 0.020824
0.044907 0.023885
0.11701 0.020532
0.067061 0.024905
0.030958 0.02416
0.067802 0.024946
0.14063 0.020968
0.14883 0.022716
0.17384 0.021804
0.10415 0.028155
0.10038 0.027082
0.10455 0.028327
0.18998 0.024423
0.17778 0.026539
0.19413 0.027231
0.12159 0.02726
0.1123 0.027939
0.1202 0.027219
0.20128 0.03032
0.12542 0.028086
0.20622 0.029153
0.17835 0.039776
0.12397 0.028356
0.11689 0.029334
0.20348 0.032923
0.11687 0.02984
0.22522 0.025881
0.19627 0.037265
0.11421 0.030088
0.12238 0.029959
0.2336 0.029462
0.13358 0.031187
0.24156 0.028135
0.19548 0.038132
0.13344 0.030986
0.12957 0.030976
0.24672 0.026279
0.11816 0.030829
0.25519 0.028337
0.23147 0.037055
0.11488 0.031369
0.26096 0.022276
0.096143 0.032108
0.26551 0.02888
0.24287 0.038958
0.094953 0.031112
0.26622 0.034036
0.097625 0.03362
0.27652 0.024218
0.11122 0.03297
0.10836 0.033626
0.28026 0.028298
0.24771 0.043056
0.27957 0.030728
0.25741 0.045164
0.13396 0.036354
0.29411 0.029426
0.2627 0.045932
0.29787 0.031687
0.1251 0.033178
0.13065 0.034776
0.12684 0.033402
0.30511 0.032544
0.11311 0.033562
0.31826 0.027082
0.10652 0.035261
0.11307 0.03357
0.10641 0.035306
0.31261 0.032541
0.0915 0.030322
0.31446 0.035249
0.24517 0.043858
0.09798 0.036424
0.083429 0.029631
0.33144 0.027474
0.062295 0.031335
0.33641 0.027346
0.20079 0.039062
0.06649 0.031326
0.050713 0.031356
0.33924 0.027172
0.13444 0.039083
0.33178 0.040174
0.22874 0.040727
0.042706 0.02998
0.032427 0.02745
0.29853 0.040079
0.15244 0.038736
0.33954 0.0371
0.16136 0.038789
0.028283 0.028005
0.026909 0.030986
0.29128 0.039585
0.067702 0.034122
0.35063 0.028084
0.033258 0.035637
0.029791 0.034432
0.033352 0.03572
0.31797 0.042305
0.05063 0.033317
0.213 0.038938
0.065354 0.037838
0.033611 0.035908
0.035145 0.036896
0.34723 0.036596
0.036128 0.037795
0.34459 0.039965
0.078064 0.03271
0.037381 0.038421
0.3476 0.039467
0.047414 0.034407
0.35583 0.034657
0.077337 0.033633
0.039357 0.038513
0.35488 0.038999
0.042487 0.038339
0.32647 0.04138
0.097625 0.039477
0.044887 0.03823
0.049642 0.038546
0.31061 0.042835
0.13377 0.039175
0.36619 0.026708
0.081936 0.037344
0.11073 0.039097
0.074948 0.038751
0.31616 0.042991
0.36687 0.027974
0.27659 0.041914
0.39193 0.022731
0.3897 0.027657
0.37047 0.034187
0.087011 0.039834
0.39247 0.034059
0.2808 0.040569
0.071942 0.039228
0.070704 0.039589
0.41389 0.031483
0.40732 0.033547
0.373 0.040048
0.38797 0.038465
0.41799 0.037437
0.41744 0.037995
0.39946 0.038465
0.38713 0.040556
0.40045 0.038707
0.43912 0.039359
0.44024 0.021751
0.44995 0.023716
0.4652 0.020708
0.4872 0.021937
0.42357 0.025198
0.46985 0.023425
0.43111 0.031207
0.43183 0.032832
0.46472 0.029945
0.48209 0.022403
0.46119 0.036496
0.46419 0.03831
0.47434 0.030813
0.47889 0.024041
0.45613 0.039717
0.4661 0.040262
0.47285 0.028076
0.47718 0.028296
0.46657 0.040185
0.4772 0.040361
0.48539 0.02666
0.48245 0.032785
0.477 0.040577
0.48193 0.02713
0.51406 0.021522
0.50193 0.021339
0.55836 0.02041
0.52908 0.023193
0.54509 0.025723
0.49237 0.021894
0.51894 0.032522
0.50072 0.024467
0.49905 0.025318
0.53437 0.032152
0.53818 0.036115
0.49568 0.025574
0.50597 0.029555
0.51133 0.036604
0.52928 0.039443
0.49663 0.028921
0.50451 0.034916
0.5065 0.039858
0.52878 0.044223
0.50307 0.034949
0.4943 0.031228
0.50245 0.040178
0.48469 0.041139
0.49042 0.029434
0.51212 0.041473
0.57021 0.021445
0.57149 0.028043
0.5876 0.030723
0.65555 0.039994
0.57593 0.037607
0.6239 0.042661
0.57605 0.042602
0.55053 0.035195
0.88393 0.035704
0.55809 0.03683
0.55487 0.039562
0.9664 0.031825
0.96709 0.02688
0.54806 0.042502
0.56338 0.041794
0.90201 0.037481
0.60203 0.039758
0.53317 0.042548
0.48456 0.041133
0.60781 0.04324
0.57689 0.044138
0.59705 0.033146
0.95709 0.034689
0.62891 0.041618
0.91003 0.036529
0.95606 0.024216
0.97246 0.024571
0.96288 0.02543
0.96488 0.025946
0.8291 0.039094
0.59061 0.041519
0.6033 0.031878
0.97418 0.024932
0.62437 0.040652
0.97465 0.024964
0.9746 0.025032
0.97443 0.024833
0.6015 0.028097
0.97364 0.024546
0.73524 0.039368
0.93866 0.036513
0.97355 0.024522
0.72459 0.038332
0.96601 0.023707
0.80167 0.0389
0.96426 0.02369
0.96745 0.02375
0.96013 0.023618
0.62125 0.034446
0.9479 0.035289
0.65985 0.039644
0.94903 0.023432
0.95433 0.023544
0.9521 0.023497
0.6204 0.02984
0.91991 0.036614
0.63132 0.036432
0.8762 0.035748
0.94314 0.023554
0.63609 0.040289
0.82422 0.038492
0.68301 0.041949
0.92062 0.024886
0.91848 0.023819
0.92148 0.024903
0.64302 0.04057
0.93122 0.02517
0.64169 0.037654
0.93615 0.02577
0.93451 0.025387
0.93609 0.025749
0.64222 0.0373
0.94224 0.027543
0.65246 0.038682
0.78424 0.039948
0.94099 0.027242
0.94714 0.030154
0.65287 0.036651
0.7555 0.03875
0.64993 0.032012
0.92443 0.032828
0.93911 0.031351
0.92782 0.032699
0.65376 0.030089
0.6946 0.041607
0.65523 0.023815
0.69109 0.04273
0.91241 0.033749
0.91076 0.033357
0.66297 0.026966
0.90729 0.033017
0.67311 0.026107
0.69711 0.040918
0.90498 0.032713
0.90157 0.032163
0.68765 0.040108
0.70655 0.040011
0.68366 0.02493
0.76528 0.039194
0.89543 0.031089
0.89893 0.031203
0.69709 0.034055
0.89809 0.030979
0.70683 0.035071
0.73465 0.037063
0.89831 0.031033
0.8972 0.030662
0.69753 0.026936
0.76436 0.038906
0.70794 0.026318
0.73427 0.034886
0.8921 0.030198
0.72464 0.029583
0.75207 0.037609
0.71594 0.025264
0.74883 0.036912
0.85882 0.038925
0.8487 0.040428
0.7306 0.027568
0.75781 0.035221
0.73876 0.026554
0.77593 0.039722
0.84113 0.039519
0.84555 0.039702
0.74598 0.028377
0.84913 0.040038
0.76914 0.033868
0.77468 0.038888
0.85118 0.039666
0.8594 0.03692
0.77046 0.03244
0.79787 0.033632
0.77621 0.033018
0.79016 0.031099
0.85795 0.035542
0.85573 0.034864
0.77462 0.027596
0.79552 0.031195
0.78236 0.023283
0.81149 0.029793
0.85309 0.03308
0.85533 0.030562
0.79663 0.024368
0.81743 0.027711
0.80567 0.022951
0.85966 0.025019
0.85617 0.028222
0.85687 0.026964
0.8303 0.022529
0.86558 0.023605
0.94068 0.020276
0.93996 0.021692
