348
0.066315 0.02094
0.045087 0.023761
0.11101 0.020525
0.067159 0.025654
0.030773 0.024216
0.067803 0.025745
0.13786 0.020903
0.14665 0.02263
0.17375 0.021609
0.099007 0.028938
0.095459 0.027767
0.099385 0.02911
0.18908 0.025292
0.17823 0.026282
0.19244 0.02874
0.11613 0.026576
0.10636 0.028106
0.11465 0.026722
0.19852 0.031365
0.12028 0.027031
0.20314 0.02969
0.18231 0.04105
0.11871 0.027329
0.11105 0.029204
0.20069 0.033986
0.11112 0.02969
0.22213 0.025165
0.19517 0.040941
0.10834 0.030125
0.11736 0.028849
0.23286 0.026919
0.13108 0.029552
0.24393 0.0258
0.19472 0.043014
0.13087 0.029381
0.12638 0.029512
0.25179 0.02457
0.11287 0.030437
0.26296 0.026214
0.22811 0.033287
0.10918 0.031319
0.271 0.021568
0.091631 0.032991
0.27773 0.026456
0.24346 0.033152
0.090535 0.032052
0.27867 0.030149
0.092974 0.034717
0.29254 0.023639
0.10586 0.033236
0.10363 0.034174
0.2967 0.028034
0.2508 0.03696
0.29589 0.030193
0.26354 0.038769
0.13254 0.03402
0.30932 0.029442
0.272 0.039292
0.31275 0.031061
0.1211 0.031405
0.12909 0.032761
0.12317 0.031579
0.32115 0.030177
0.1076 0.033606
0.33799 0.025774
0.10215 0.036088
0.10756 0.033617
0.10203 0.036158
0.33148 0.030357
0.087343 0.031536
0.33326 0.032376
0.24702 0.039071
0.093354 0.037774
0.079786 0.031385
0.35367 0.026332
0.062592 0.031907
0.35943 0.026172
0.19889 0.043583
0.066657 0.032645
0.050772 0.030753
0.36294 0.026163
0.13378 0.038963
0.35227 0.036838
0.22317 0.03957
0.041654 0.029625
0.031808 0.027489
0.30898 0.040212
0.15094 0.03841
0.36322 0.034669
0.16317 0.038222
0.02783 0.028142
0.026522 0.031377
0.30299 0.04118
0.068415 0.035977
0.37562 0.028582
0.032549 0.036354
0.029287 0.035336
0.032638 0.03643
0.33567 0.039569
0.051153 0.032789
0.2107 0.040768
0.067273 0.040326
0.032884 0.036594
0.034357 0.037425
0.37291 0.036594
0.035325 0.03826
0.36996 0.040457
0.075952 0.035008
0.036557 0.038811
0.37324 0.040786
0.047716 0.034054
0.37915 0.036261
0.075538 0.036049
0.03848 0.038762
0.37823 0.042474
0.041911 0.038402
0.34544 0.039613
0.093126 0.041885
0.044774 0.038152
0.050664 0.03827
0.32528 0.040193
0.13333 0.039718
0.38923 0.027526
0.078821 0.040329
0.10608 0.040139
0.074589 0.043628
0.33376 0.040362
0.3898 0.028927
0.29309 0.040914
0.4127 0.022713
0.41014 0.02765
0.39142 0.035599
0.082881 0.043796
0.41213 0.033946
0.29639 0.041292
0.072618 0.044364
0.071731 0.044727
0.43095 0.033383
0.42684 0.03603
0.39094 0.042761
0.40253 0.039268
0.43287 0.039473
0.43192 0.040752
0.42114 0.04076
0.39987 0.042457
0.42214 0.042849
0.45117 0.042089
0.45601 0.021942
0.46587 0.023676
0.48133 0.020725
0.50051 0.021914
0.44158 0.025283
0.48592 0.02368
0.44807 0.032556
0.44807 0.03428
0.48086 0.030129
0.49609 0.022654
0.47713 0.036294
0.48073 0.038416
0.4899 0.032405
0.49369 0.024618
0.47127 0.040271
0.48225 0.041283
0.48874 0.02896
0.49236 0.029573
0.48265 0.041144
0.49072 0.043422
0.49871 0.026916
0.49574 0.034066
0.49056 0.043764
0.49598 0.027895
0.52914 0.021632
0.51902 0.021322
0.57589 0.020416
0.54529 0.02302
0.56216 0.025261
0.50694 0.021588
0.53433 0.032179
0.51778 0.024294
0.5158 0.024935
0.55072 0.031598
0.55384 0.035013
0.51136 0.024695
0.52238 0.030059
0.52586 0.037538
0.54566 0.038712
0.51263 0.027736
0.52092 0.034984
0.52202 0.040463
0.54471 0.046673
0.51958 0.034655
0.50938 0.029301
0.51783 0.039622
0.49513 0.043386
0.50448 0.028304
0.52598 0.044581
0.58807 0.021267
0.58957 0.02708
0.60593 0.031412
0.67401 0.041813
0.59766 0.03685
0.64231 0.040701
0.60033 0.042463
0.56803 0.033963
0.89595 0.039396
0.57515 0.03697
0.57184 0.039303
0.96612 0.033691
0.96885 0.028179
0.5643 0.040589
0.58011 0.04339
0.91088 0.040997
0.6229 0.040589
0.54858 0.043156
0.49505 0.043419
0.62772 0.04689
0.60216 0.045757
0.61568 0.032056
0.95413 0.036416
0.64988 0.041745
0.91707 0.040848
0.95993 0.024686
0.97371 0.02548
0.96568 0.026236
0.96726 0.02693
0.84315 0.040678
0.61133 0.040744
0.62235 0.032816
0.97514 0.025913
0.64258 0.038343
0.97554 0.025952
0.97549 0.026033
0.97536 0.025794
0.62039 0.028234
0.9747 0.02545
0.75033 0.040471
0.9358 0.040385
0.97462 0.025422
0.74305 0.041065
0.96833 0.024369
0.82304 0.041106
0.96687 0.024278
0.96953 0.024473
0.96343 0.024101
0.63885 0.033106
0.94363 0.037455
0.67819 0.040522
0.95279 0.023685
0.95831 0.023906
0.95598 0.02381
0.63791 0.029228
0.92494 0.042567
0.65126 0.036115
0.88953 0.038648
0.9474 0.023694
0.65652 0.040584
0.83957 0.041007
0.69693 0.04123
0.92752 0.025981
0.92589 0.024734
0.92817 0.025961
0.66376 0.042973
0.93617 0.025893
0.66151 0.038992
0.94101 0.026322
0.93936 0.025999
0.94094 0.026304
0.66193 0.038576
0.94617 0.027887
0.67062 0.039741
0.80305 0.039816
0.94519 0.027603
0.94802 0.030864
0.67065 0.037661
0.772 0.039805
0.6672 0.033019
0.92882 0.035193
0.9406 0.032485
0.93117 0.034643
0.67019 0.030837
0.71815 0.041357
0.67165 0.024077
0.71392 0.040918
0.91961 0.037044
0.9184 0.036286
0.67937 0.027475
0.91574 0.035088
0.68816 0.027027
0.72006 0.040054
0.91402 0.034351
0.91137 0.033494
0.70477 0.035947
0.72788 0.041005
0.69774 0.02438
0.7831 0.04038
0.90553 0.032743
0.90908 0.032588
0.71646 0.033801
0.90827 0.032401
0.72535 0.035284
0.74977 0.037371
0.90848 0.032443
0.90739 0.032114
0.71511 0.02688
0.78206 0.039703
0.72391 0.026555
0.74936 0.035253
0.90233 0.031781
0.74073 0.030939
0.76781 0.037091
0.73299 0.025303
0.76491 0.036076
0.8719 0.039259
0.86039 0.039581
0.74591 0.028279
0.77414 0.034891
0.75325 0.026743
0.79429 0.040382
0.85342 0.039583
0.85761 0.038749
0.76115 0.028227
0.86098 0.038851
0.78549 0.033862
0.79279 0.039071
0.86293 0.038929
0.87308 0.036532
0.78634 0.03261
0.8159 0.033198
0.79268 0.033287
0.80663 0.030726
0.87159 0.03515
0.8689 0.034388
0.79004 0.027856
0.81247 0.030346
0.79709 0.023181
0.82704 0.030362
0.86635 0.03257
0.8693 0.030265
0.8126 0.024033
0.83159 0.028351
0.82154 0.023201
0.87459 0.024961
0.87052 0.028035
0.87136 0.026825
0.84429 0.022588
0.8801 0.023642
0.94518 0.020289
0.94453 0.021784
