348
0.065177 0.020805
0.044468 0.02408
0.11655 0.020566
0.066252 0.02481
0.03086 0.024229
0.067084 0.024881
0.13953 0.020933
0.1487 0.022466
0.1736 0.021875
0.10446 0.027841
0.10062 0.026555
0.10486 0.028079
0.19008 0.024351
0.17796 0.026914
0.19471 0.026733
0.12096 0.02771
0.11249 0.028334
0.11928 0.027645
0.2017 0.029064
0.12467 0.028418
0.20833 0.028328
0.18128 0.038035
0.12329 0.028797
0.11652 0.029949
0.20332 0.031466
0.11644 0.03051
0.22784 0.02601
0.19584 0.036618
0.11424 0.030737
0.12167 0.030623
0.23597 0.029006
0.13266 0.032158
0.24488 0.026935
0.19497 0.036833
0.13252 0.031933
0.1285 0.030974
0.25101 0.02459
0.1174 0.031551
0.26393 0.025441
0.2293 0.037889
0.1147 0.032334
0.27273 0.02154
0.09632 0.031076
0.27966 0.026088
0.24375 0.03634
0.094652 0.030006
0.28144 0.029898
0.097726 0.032704
0.2936 0.023621
0.11135 0.033748
0.10806 0.034548
0.29796 0.027496
0.25097 0.037326
0.29784 0.029709
0.26712 0.036116
0.13296 0.038493
0.31394 0.028445
0.27574 0.037434
0.31865 0.031014
0.12399 0.033984
0.12948 0.03525
0.12553 0.033918
0.32611 0.03149
0.1132 0.034794
0.34259 0.024721
0.10592 0.035728
0.11317 0.034792
0.10579 0.035728
0.334 0.029674
0.090223 0.029522
0.33613 0.031579
0.24616 0.037773
0.09737 0.035702
0.0817 0.029754
0.3613 0.025814
0.060113 0.031537
0.36658 0.02627
0.19931 0.036614
0.06529 0.031115
0.048511 0.032028
0.36952 0.026194
0.13328 0.039224
0.35805 0.035753
0.22557 0.039628
0.041929 0.030314
0.032315 0.027586
0.32191 0.039259
0.15202 0.03524
0.36772 0.035526
0.16202 0.039426
0.028209 0.0281
0.026691 0.031085
0.31679 0.038268
0.066497 0.034011
0.38299 0.027704
0.030244 0.036239
0.028119 0.034644
0.030271 0.036336
0.34061 0.036023
0.046666 0.034406
0.21181 0.037549
0.062383 0.038239
0.030362 0.036558
0.030905 0.037737
0.37816 0.035281
0.031065 0.038781
0.37473 0.036705
0.077242 0.03362
0.031538 0.039311
0.37905 0.036496
0.041915 0.035593
0.38982 0.033992
0.076692 0.03468
0.032657 0.039451
0.38958 0.034972
0.03438 0.039545
0.35067 0.035589
0.096163 0.038712
0.036181 0.039598
0.040311 0.039688
0.33044 0.037753
0.13253 0.039041
0.39889 0.025966
0.081549 0.038464
0.11115 0.039457
0.074832 0.039595
0.33724 0.036849
0.39937 0.026971
0.29945 0.037727
0.40668 0.022237
0.40604 0.025869
0.40165 0.031925
0.085584 0.038641
0.40836 0.032641
0.30715 0.038553
0.071455 0.038901
0.069989 0.038798
0.42524 0.031486
0.42022 0.034309
0.40298 0.035932
0.40764 0.03474
0.43021 0.038314
0.42991 0.038303
0.41501 0.037528
0.40776 0.035807
0.41593 0.037564
0.44595 0.038266
0.45167 0.021651
0.46066 0.023962
0.47535 0.020669
0.50448 0.021553
0.43351 0.025258
0.48128 0.022815
0.44042 0.030615
0.44041 0.032597
0.4753 0.029424
0.49765 0.021929
0.47019 0.036169
0.47386 0.037018
0.48816 0.028109
0.49337 0.023107
0.46515 0.037554
0.47921 0.036602
0.48533 0.026193
0.4912 0.026201
0.48035 0.03647
0.50119 0.036537
0.50224 0.025291
0.50113 0.030287
0.501 0.036534
0.49744 0.025729
0.53556 0.021326
0.52223 0.021136
0.58785 0.020365
0.55286 0.022805
0.57403 0.02494
0.51004 0.021493
0.54196 0.030727
0.52075 0.023761
0.51857 0.024475
0.55893 0.029422
0.5654 0.03291
0.51435 0.024711
0.5266 0.028122
0.5345 0.035594
0.55428 0.036757
0.51554 0.027607
0.5273 0.032954
0.53111 0.037226
0.55439 0.039369
0.52624 0.033046
0.51348 0.029257
0.52848 0.036985
0.51017 0.037023
0.50786 0.027439
0.53585 0.038498
0.60138 0.021197
0.60274 0.026555
0.62297 0.029009
0.70194 0.03809
0.608 0.0344
0.66244 0.039381
0.60933 0.038276
0.5795 0.034102
0.89693 0.039913
0.58818 0.035406
0.58455 0.039147
0.96967 0.034018
0.96883 0.028127
0.57819 0.039743
0.59254 0.040446
0.91485 0.039288
0.63693 0.035637
0.55889 0.03772
0.51011 0.037021
0.64613 0.039377
0.61245 0.038427
0.63291 0.031384
0.96519 0.036698
0.67035 0.039035
0.92297 0.039579
0.95983 0.024824
0.97355 0.025336
0.96533 0.026271
0.96705 0.026909
0.8669 0.036884
0.6261 0.039939
0.6413 0.028909
0.97501 0.025758
0.66356 0.03878
0.97542 0.025795
0.97537 0.025875
0.97523 0.025642
0.63829 0.026133
0.97455 0.025307
0.77765 0.039387
0.94901 0.03735
0.97448 0.025279
0.77015 0.039684
0.96801 0.024346
0.84558 0.03826
0.96651 0.024271
0.96925 0.024425
0.96312 0.024163
0.6616 0.032943
0.95748 0.037179
0.70747 0.038357
0.9529 0.023997
0.9583 0.024046
0.95603 0.024028
0.66173 0.028814
0.93354 0.039846
0.67371 0.034871
0.89369 0.039727
0.94798 0.02416
0.67836 0.039344
0.86446 0.03791
0.72746 0.040125
0.93056 0.025955
0.92869 0.024591
0.93129 0.025981
0.68535 0.039035
0.93853 0.026692
0.68449 0.036274
0.94262 0.027496
0.94123 0.027045
0.94257 0.027473
0.6853 0.035934
0.94717 0.02887
0.69763 0.03705
0.82585 0.039901
0.94633 0.028642
0.95236 0.031893
0.6985 0.035197
0.79776 0.039491
0.6951 0.030583
0.9351 0.036451
0.94641 0.03377
0.93727 0.036622
0.69975 0.029102
0.74443 0.041907
0.70139 0.023417
0.73951 0.0408
0.92418 0.036035
0.92241 0.035565
0.70985 0.027014
0.91942 0.035131
0.71912 0.026608
0.74767 0.041882
0.91698 0.034618
0.9128 0.033723
0.7332 0.038533
0.76004 0.039988
0.72911 0.024662
0.80816 0.040466
0.907 0.032238
0.91026 0.03251
0.74511 0.036119
0.90946 0.032177
0.75662 0.036588
0.77691 0.038339
0.90967 0.032255
0.90867 0.031703
0.74358 0.027757
0.80682 0.040148
0.7527 0.026831
0.77663 0.035905
0.90393 0.031843
0.76871 0.030612
0.79343 0.039094
0.76058 0.025595
0.79069 0.038039
0.88401 0.03765
0.87476 0.037777
0.77376 0.027739
0.80085 0.036146
0.7812 0.026766
0.81791 0.040268
0.87128 0.037362
0.87283 0.037778
0.78897 0.028503
0.87501 0.037756
0.81192 0.035674
0.8171 0.040262
0.87642 0.037697
0.88348 0.037399
0.81272 0.033626
0.8387 0.035696
0.81774 0.033491
0.83225 0.030871
0.88025 0.035489
0.87634 0.034229
0.81569 0.02762
0.83633 0.032241
0.82346 0.023105
0.85217 0.030209
0.87232 0.031933
0.87204 0.029582
0.8377 0.02472
0.85793 0.027887
0.84632 0.023066
0.87505 0.024743
0.87187 0.02747
0.87225 0.026373
0.86467 0.022187
0.88252 0.023525
0.94612 0.02033
0.94557 0.022055
