348
0.065103 0.020879
0.044814 0.023984
0.11635 0.020544
0.065987 0.025237
0.030988 0.024154
0.066672 0.025288
0.13851 0.021022
0.14642 0.022799
0.17303 0.021765
0.10343 0.027713
0.099021 0.026645
0.10383 0.027884
0.18753 0.02556
0.17728 0.026847
0.19075 0.029114
0.121 0.027528
0.11162 0.027841
0.11957 0.027453
0.19626 0.032271
0.12443 0.028467
0.20075 0.030403
0.18235 0.041483
0.12311 0.028716
0.11626 0.029545
0.19797 0.035106
0.11633 0.030068
0.21845 0.026036
0.19308 0.041378
0.1137 0.030228
0.12186 0.030358
0.22699 0.028908
0.13212 0.032148
0.23568 0.02654
0.19269 0.042467
0.132 0.031945
0.12846 0.031645
0.24308 0.02462
0.11786 0.031139
0.25437 0.026241
0.22252 0.037121
0.11464 0.031592
0.26227 0.02161
0.094536 0.03124
0.2689 0.02616
0.23531 0.035086
0.093272 0.03028
0.27003 0.029865
0.096089 0.032703
0.28354 0.02369
0.11113 0.032675
0.10821 0.032997
0.28753 0.027743
0.24179 0.036954
0.28684 0.029947
0.25396 0.038991
0.13229 0.037798
0.30238 0.02879
0.26167 0.038571
0.30632 0.03106
0.1247 0.03384
0.12957 0.035878
0.12623 0.034134
0.31366 0.031471
0.11325 0.033713
0.32926 0.026011
0.10647 0.034494
0.11321 0.033715
0.10635 0.034533
0.32217 0.030846
0.089557 0.02987
0.32375 0.033081
0.23749 0.038039
0.096407 0.035356
0.081052 0.029782
0.34391 0.027098
0.061831 0.032026
0.34889 0.027001
0.19574 0.042627
0.065591 0.032097
0.050485 0.031774
0.3516 0.026991
0.13257 0.040528
0.34248 0.039057
0.21843 0.041049
0.042683 0.030194
0.03246 0.027459
0.30554 0.038531
0.14706 0.03904
0.35155 0.036886
0.15686 0.037666
0.028305 0.027983
0.026914 0.030957
0.29842 0.038031
0.066946 0.035138
0.36341 0.028552
0.033083 0.035694
0.029701 0.034394
0.033173 0.035781
0.3266 0.039065
0.050491 0.033817
0.20561 0.040108
0.065347 0.039118
0.03342 0.035978
0.034885 0.037024
0.3599 0.037271
0.035805 0.037968
0.35751 0.038785
0.07607 0.033385
0.036991 0.03861
0.36045 0.038784
0.047262 0.034868
0.36598 0.035607
0.075403 0.03443
0.038907 0.038771
0.36487 0.038604
0.041989 0.038758
0.33582 0.039625
0.095944 0.03822
0.044582 0.038739
0.049654 0.039226
0.31687 0.039462
0.13206 0.040687
0.37734 0.025405
0.079195 0.037865
0.11178 0.038669
0.073343 0.039912
0.32409 0.039456
0.37785 0.026239
0.28371 0.03922
0.38821 0.021838
0.38727 0.024804
0.37869 0.030177
0.084029 0.039615
0.38934 0.029902
0.28803 0.039229
0.070874 0.040488
0.069867 0.04068
0.40874 0.031396
0.40333 0.033005
0.37857 0.033418
0.38766 0.03141
0.41389 0.037928
0.41357 0.038271
0.39766 0.035442
0.38752 0.032115
0.39871 0.03584
0.43067 0.038218
0.43374 0.021706
0.44338 0.023874
0.45786 0.020702
0.48104 0.021858
0.41694 0.025364
0.46277 0.023283
0.42347 0.031366
0.42398 0.03302
0.45806 0.02988
0.4758 0.022303
0.45497 0.036662
0.45858 0.037735
0.46851 0.030413
0.47242 0.02387
0.45026 0.039137
0.46108 0.038733
0.466 0.02768
0.47068 0.027944
0.46163 0.038646
0.47389 0.03902
0.47918 0.026385
0.47748 0.032333
0.4737 0.039117
0.47563 0.026834
0.50907 0.021388
0.4962 0.021284
0.55844 0.020391
0.52686 0.022572
0.54542 0.025533
0.48636 0.021819
0.51435 0.030807
0.49494 0.024301
0.49323 0.025146
0.53349 0.030029
0.53913 0.034362
0.48976 0.025449
0.50017 0.029061
0.50514 0.035551
0.52794 0.035745
0.49078 0.028698
0.49826 0.034216
0.49951 0.038628
0.52773 0.039217
0.49716 0.034293
0.48861 0.030872
0.49662 0.03909
0.48106 0.03976
0.48452 0.029054
0.50534 0.039276
0.5717 0.021273
0.57314 0.027081
0.59117 0.029614
0.66236 0.040245
0.57791 0.035646
0.62979 0.041332
0.57791 0.039813
0.55059 0.035629
0.8863 0.040071
0.55742 0.036222
0.55426 0.039457
0.96407 0.030085
0.96488 0.025869
0.54853 0.041839
0.56203 0.039944
0.90028 0.040434
0.60754 0.038714
0.53342 0.038359
0.48096 0.039752
0.61352 0.041545
0.57888 0.040603
0.60178 0.03222
0.95315 0.032479
0.63542 0.040299
0.90582 0.038712
0.95193 0.02358
0.97118 0.023903
0.95995 0.024624
0.96229 0.025068
0.83463 0.038656
0.59407 0.039018
0.60856 0.031295
0.97318 0.024212
0.63024 0.03974
0.97374 0.024239
0.97368 0.024297
0.97348 0.024127
0.60655 0.027648
0.97255 0.023882
0.73928 0.038449
0.93217 0.035043
0.97245 0.023862
0.72959 0.039353
0.96361 0.023161
0.80991 0.03878
0.96156 0.023144
0.9653 0.023199
0.95674 0.023077
0.62682 0.033928
0.9423 0.033328
0.66626 0.039977
0.94362 0.022975
0.94989 0.023009
0.94726 0.022989
0.62587 0.029504
0.91405 0.037862
0.63781 0.035409
0.88046 0.040278
0.93689 0.02317
0.64346 0.039467
0.8279 0.038755
0.68525 0.040412
0.91377 0.025234
0.91179 0.024184
0.91456 0.025215
0.65053 0.040473
0.92392 0.025056
0.64913 0.037464
0.92928 0.02536
0.9275 0.025092
0.92921 0.025345
0.64956 0.037152
0.9359 0.026758
0.65934 0.03922
0.79005 0.040223
0.93453 0.026526
0.94139 0.028885
0.65963 0.037144
0.75815 0.037876
0.65656 0.032233
0.91752 0.033301
0.93249 0.03032
0.92054 0.032803
0.66018 0.030414
0.70072 0.040583
0.66162 0.023937
0.69528 0.040741
0.90708 0.035385
0.90561 0.03502
0.66901 0.027193
0.90296 0.034841
0.67892 0.026268
0.70433 0.040401
0.90103 0.034611
0.89789 0.034161
0.69112 0.03931
0.71664 0.042985
0.68917 0.024916
0.7679 0.037308
0.89225 0.033206
0.8953 0.033274
0.70362 0.033955
0.89449 0.03303
0.71497 0.037875
0.73831 0.037031
0.8947 0.03309
0.8936 0.032646
0.70348 0.026915
0.76697 0.037124
0.71345 0.027442
0.73744 0.034985
0.88909 0.032296
0.72714 0.030588
0.75473 0.037007
0.71948 0.026465
0.75156 0.036212
0.86653 0.040305
0.8553 0.040907
0.73252 0.02762
0.76047 0.034227
0.74082 0.026507
0.78128 0.038517
0.84778 0.040259
0.85217 0.041116
0.74822 0.028075
0.85558 0.040683
0.77283 0.032636
0.77972 0.037793
0.85713 0.040385
0.86591 0.039343
0.77441 0.031388
0.80352 0.033796
0.78109 0.032374
0.79507 0.031253
0.86272 0.037397
0.85978 0.036151
0.77911 0.027092
0.80004 0.031347
0.78703 0.023229
0.81573 0.030354
0.857 0.033842
0.85831 0.031263
0.80081 0.024433
0.8212 0.028094
0.81002 0.023031
0.86203 0.025572
0.85873 0.028805
0.85935 0.027499
0.83366 0.022489
0.86794 0.024189
0.9342 0.020249
0.93341 0.021532
