348
0.064109 0.020883
0.044803 0.024204
0.11394 0.020615
0.065053 0.025229
0.031193 0.024105
0.065783 0.025254
0.13527 0.020927
0.14436 0.022766
0.17017 0.021629
0.10209 0.028162
0.097663 0.026984
0.10249 0.028352
0.18545 0.024997
0.17469 0.026679
0.18929 0.027941
0.11771 0.028293
0.10961 0.028756
0.11652 0.028247
0.19547 0.030315
0.1207 0.029185
0.20136 0.029283
0.18026 0.038925
0.11952 0.029538
0.11402 0.030801
0.19747 0.032864
0.11417 0.031402
0.21962 0.02615
0.19206 0.038962
0.11187 0.03158
0.11841 0.031409
0.22775 0.029133
0.12787 0.031986
0.23622 0.027344
0.19141 0.039318
0.12776 0.031802
0.12421 0.031979
0.24223 0.024983
0.11551 0.03248
0.25346 0.026352
0.22327 0.037597
0.1129 0.033323
0.26079 0.021747
0.094042 0.031724
0.26713 0.026664
0.23719 0.037138
0.092575 0.030639
0.26873 0.030813
0.095446 0.033368
0.27988 0.02374
0.10974 0.034265
0.10691 0.034188
0.28437 0.027567
0.24368 0.038638
0.28407 0.029804
0.25676 0.038603
0.12753 0.037953
0.30156 0.028398
0.26407 0.03966
0.30589 0.031165
0.12059 0.03516
0.12496 0.036213
0.12177 0.035181
0.313 0.032068
0.11196 0.035715
0.32825 0.025631
0.10538 0.035652
0.11193 0.03571
0.10527 0.035683
0.3207 0.030782
0.088665 0.030385
0.32298 0.033071
0.23995 0.039333
0.095697 0.036353
0.080191 0.029735
0.34417 0.026004
0.059392 0.032371
0.34937 0.026313
0.19493 0.038676
0.063981 0.032184
0.048726 0.032757
0.35248 0.026517
0.12766 0.03921
0.34113 0.036766
0.21931 0.039987
0.042461 0.030612
0.032693 0.027423
0.30863 0.039365
0.14519 0.038763
0.35012 0.035882
0.15201 0.03894
0.02846 0.02784
0.026814 0.030755
0.303 0.037731
0.064745 0.035216
0.36441 0.029199
0.030744 0.035601
0.028422 0.034169
0.030779 0.035694
0.32778 0.038207
0.047305 0.034887
0.20646 0.039372
0.06124 0.039656
0.030893 0.035909
0.031563 0.037061
0.3601 0.037124
0.031815 0.038054
0.35759 0.038119
0.075064 0.033407
0.032379 0.038607
0.3605 0.038867
0.043095 0.035823
0.36899 0.037138
0.074295 0.034432
0.033637 0.038839
0.36863 0.038385
0.035613 0.039077
0.33474 0.037731
0.095295 0.039435
0.037785 0.039293
0.04222 0.039905
0.31826 0.038919
0.12711 0.039328
0.37726 0.026645
0.079248 0.038001
0.11139 0.040447
0.071453 0.039352
0.32506 0.038759
0.37767 0.027742
0.28482 0.038211
0.38511 0.022399
0.38447 0.026305
0.37908 0.032977
0.084279 0.038906
0.38643 0.033289
0.29156 0.037033
0.068416 0.039526
0.067167 0.039584
0.40199 0.03313
0.39729 0.03587
0.38005 0.037041
0.38553 0.035562
0.40664 0.039738
0.40632 0.039874
0.39275 0.038809
0.38557 0.036646
0.39349 0.038954
0.42446 0.037189
0.42693 0.021586
0.43702 0.023679
0.45238 0.020627
0.48259 0.021394
0.40926 0.025637
0.45823 0.022717
0.41622 0.031007
0.41675 0.032821
0.4526 0.028794
0.47501 0.021794
0.44944 0.035234
0.45346 0.035664
0.46576 0.0279
0.47067 0.02296
0.44445 0.036544
0.45764 0.035897
0.46255 0.026115
0.46844 0.025968
0.45849 0.03579
0.47607 0.035189
0.48007 0.024834
0.4783 0.029489
0.47587 0.035223
0.4748 0.025332
0.51747 0.021091
0.50278 0.021031
0.57823 0.020306
0.54152 0.022278
0.56241 0.024713
0.48912 0.02132
0.52533 0.028076
0.50111 0.023395
0.49877 0.02399
0.54828 0.028948
0.55418 0.032934
0.49387 0.024169
0.50759 0.027381
0.51487 0.03285
0.54447 0.034218
0.49532 0.026728
0.50688 0.031682
0.50996 0.035397
0.54512 0.036941
0.50562 0.031722
0.49262 0.028195
0.50678 0.035532
0.48587 0.035003
0.48651 0.0266
0.51593 0.035556
0.59481 0.020972
0.59645 0.025343
0.61879 0.028984
0.6999 0.036338
0.60427 0.032858
0.65896 0.038374
0.60731 0.036695
0.56792 0.032576
0.90206 0.039103
0.57812 0.032918
0.57324 0.03664
0.96958 0.036157
0.97034 0.029381
0.56554 0.038024
0.58358 0.0369
0.91884 0.038577
0.63482 0.035238
0.5496 0.03678
0.4858 0.035008
0.6429 0.038506
0.60954 0.036885
0.62869 0.03108
0.96376 0.039263
0.66808 0.037378
0.92648 0.037662
0.96259 0.02541
0.97443 0.026181
0.96734 0.027147
0.96882 0.027914
0.86769 0.037279
0.62375 0.038508
0.63777 0.028629
0.97569 0.02667
0.6603 0.037246
0.97605 0.026713
0.97601 0.026805
0.97588 0.026535
0.6349 0.026141
0.9753 0.026148
0.78307 0.039466
0.94963 0.039855
0.97523 0.026116
0.77359 0.038977
0.96965 0.024999
0.85174 0.040339
0.96836 0.024884
0.97072 0.02512
0.96543 0.024714
0.65788 0.032451
0.95541 0.039645
0.70611 0.036987
0.95615 0.024393
0.9612 0.024517
0.95905 0.024467
0.65786 0.028528
0.93832 0.039573
0.67184 0.033846
0.8965 0.038877
0.95167 0.024485
0.67673 0.038565
0.86509 0.038588
0.72682 0.039965
0.93484 0.025635
0.93278 0.024322
0.93564 0.025702
0.68275 0.038527
0.94297 0.026858
0.68205 0.035953
0.94679 0.027983
0.94553 0.027408
0.94674 0.027955
0.68282 0.035519
0.95097 0.029561
0.69501 0.03567
0.83422 0.039584
0.95018 0.029354
0.95434 0.033028
0.69627 0.033958
0.80132 0.036756
0.6929 0.029764
0.93983 0.036078
0.949 0.035107
0.94147 0.036605
0.69851 0.028351
0.74361 0.039562
0.70045 0.023109
0.73835 0.039088
0.92789 0.034512
0.92592 0.034221
0.70953 0.026384
0.92285 0.034153
0.71977 0.02634
0.74684 0.040031
0.92038 0.033928
0.91632 0.033545
0.7322 0.038155
0.7603 0.039627
0.72975 0.024566
0.81497 0.037662
0.9106 0.032528
0.91375 0.032652
0.74568 0.033834
0.91296 0.032368
0.75812 0.035888
0.78225 0.038141
0.91317 0.032439
0.91214 0.031951
0.74521 0.026822
0.81338 0.036987
0.75593 0.026572
0.78142 0.035964
0.90757 0.031724
0.77137 0.030475
0.79691 0.037605
0.76325 0.025714
0.79418 0.037242
0.88293 0.03872
0.8732 0.038962
0.77634 0.02754
0.80454 0.033371
0.78439 0.026795
0.82535 0.039218
0.87096 0.038055
0.87183 0.038924
0.79142 0.028773
0.87343 0.038919
0.81886 0.033681
0.82445 0.038971
0.87469 0.038824
0.88239 0.038395
0.81977 0.032087
0.84684 0.03632
0.82466 0.032589
0.83919 0.030882
0.87961 0.036278
0.87672 0.034968
0.82252 0.027076
0.84386 0.032578
0.83013 0.023128
0.85715 0.031696
0.8747 0.032569
0.87566 0.030125
0.84462 0.024948
0.862 0.028716
0.85234 0.023531
0.8786 0.025019
0.87574 0.027892
0.87609 0.026735
0.86867 0.022266
0.8854 0.023726
0.94998 0.020358
0.94948 0.02223
