348
0.077721 0.020684
0.053047 0.023208
0.13197 0.02056
0.078997 0.024042
0.034996 0.023072
0.079984 0.024051
0.15554 0.020937
0.16445 0.022662
0.18877 0.021761
0.11987 0.028434
0.11606 0.027216
0.12029 0.028629
0.20455 0.024671
0.19332 0.026821
0.20877 0.0274
0.13648 0.027451
0.1276 0.028252
0.13485 0.027452
0.21538 0.029812
0.14029 0.028171
0.22129 0.028963
0.19747 0.038238
0.13891 0.028506
0.13199 0.029842
0.21711 0.032371
0.13201 0.030394
0.24143 0.025667
0.21056 0.038195
0.12964 0.030636
0.13739 0.030223
0.24968 0.029165
0.14881 0.031615
0.25791 0.027384
0.20982 0.038422
0.14863 0.031389
0.14447 0.030713
0.26364 0.024818
0.13323 0.031352
0.27613 0.025762
0.24403 0.036645
0.13035 0.032215
0.28432 0.02166
0.11259 0.032137
0.29073 0.026732
0.25821 0.03721
0.11123 0.030989
0.29236 0.030925
0.11377 0.033883
0.30331 0.023801
0.1269 0.033567
0.12383 0.034523
0.30774 0.027595
0.26491 0.037977
0.30751 0.02985
0.28039 0.037265
0.15026 0.037748
0.32397 0.028531
0.28813 0.039404
0.32845 0.031244
0.14043 0.033495
0.14622 0.034753
0.1419 0.033484
0.33586 0.03201
0.12889 0.034518
0.3506 0.025686
0.12183 0.0363
0.12886 0.034515
0.12171 0.036339
0.34358 0.030757
0.10738 0.030203
0.34566 0.033062
0.2606 0.038947
0.11374 0.03707
0.098552 0.028517
0.36649 0.026512
0.071711 0.029651
0.37133 0.027004
0.21374 0.038079
0.07783 0.02944
0.058195 0.029906
0.37402 0.027022
0.15077 0.038649
0.36409 0.037824
0.2392 0.038514
0.050057 0.02806
0.037005 0.025565
0.33144 0.039529
0.16804 0.037393
0.37253 0.037405
0.17593 0.039746
0.031335 0.025852
0.029266 0.028028
0.32582 0.038317
0.079281 0.031751
0.38542 0.029366
0.034701 0.031749
0.031511 0.030575
0.034751 0.031821
0.35003 0.038923
0.056366 0.031573
0.22485 0.03867
0.074518 0.035296
0.034908 0.03199
0.035832 0.03289
0.38132 0.038102
0.036191 0.033663
0.37837 0.039556
0.09317 0.031101
0.036956 0.034093
0.38201 0.03977
0.050988 0.032146
0.39125 0.037359
0.09244 0.031875
0.03864 0.034303
0.39111 0.038583
0.041268 0.034539
0.35824 0.038269
0.11319 0.04026
0.044127 0.034754
0.049937 0.035224
0.34138 0.039162
0.14999 0.038369
0.39815 0.027394
0.099727 0.036174
0.12727 0.039019
0.089896 0.03558
0.34735 0.039192
0.39856 0.028638
0.30857 0.037916
0.40454 0.022759
0.40402 0.027245
0.40081 0.03474
0.10416 0.037925
0.40595 0.035345
0.31545 0.03822
0.085499 0.035062
0.083636 0.035008
0.41971 0.03292
0.41511 0.036452
0.4023 0.039651
0.40551 0.037976
0.42496 0.039693
0.42459 0.039783
0.4108 0.040927
0.40563 0.039243
0.4115 0.040819
0.442 0.040046
0.44443 0.021863
0.4524 0.024554
0.46527 0.020768
0.48961 0.021775
0.42783 0.025541
0.47027 0.023233
0.43462 0.031427
0.43508 0.03351
0.46539 0.030791
0.48396 0.022232
0.46208 0.038597
0.46603 0.039277
0.476 0.029735
0.48054 0.023724
0.45759 0.039887
0.47004 0.038968
0.47348 0.027381
0.47863 0.027469
0.47073 0.038885
0.48615 0.038898
0.48772 0.026088
0.48669 0.031848
0.486 0.038908
0.4838 0.026635
0.51824 0.021351
0.50583 0.021236
0.57296 0.020335
0.53679 0.022621
0.55772 0.024746
0.49487 0.021669
0.5245 0.030322
0.50447 0.024082
0.50261 0.024839
0.54327 0.029433
0.54917 0.032878
0.49878 0.02515
0.50997 0.028924
0.51761 0.035883
0.53897 0.035983
0.49991 0.028265
0.51051 0.034192
0.51434 0.038702
0.53941 0.03884
0.50943 0.034295
0.49798 0.030165
0.51156 0.038743
0.49382 0.039145
0.49277 0.028428
0.5191 0.039144
0.58745 0.021143
0.5889 0.026325
0.60856 0.029377
0.69675 0.037259
0.59531 0.034729
0.65095 0.036134
0.59762 0.039193
0.56331 0.032913
0.90154 0.039159
0.57301 0.034156
0.56854 0.037406
0.97012 0.035635
0.96997 0.029053
0.56124 0.038181
0.57789 0.038963
0.91552 0.038867
0.62406 0.034694
0.54411 0.037658
0.49376 0.039153
0.63274 0.03781
0.59993 0.039349
0.61831 0.031109
0.96538 0.038728
0.66136 0.035544
0.92297 0.037043
0.96192 0.025266
0.97421 0.025953
0.96685 0.026937
0.96839 0.027675
0.86379 0.035276
0.61252 0.039116
0.62765 0.028316
0.97553 0.026423
0.65244 0.035453
0.9759 0.026465
0.97585 0.026554
0.97573 0.026294
0.62466 0.025886
0.97512 0.025921
0.77674 0.038765
0.95057 0.039214
0.97505 0.02589
0.76622 0.038263
0.96926 0.02484
0.84296 0.036245
0.96791 0.024738
0.97036 0.024932
0.96487 0.02458
0.64963 0.030912
0.95768 0.039281
0.7029 0.038385
0.95548 0.024291
0.96051 0.024401
0.95846 0.024357
0.64952 0.027468
0.93605 0.038048
0.66511 0.032322
0.89605 0.038192
0.95083 0.024388
0.67139 0.036617
0.861 0.036157
0.72391 0.040917
0.93275 0.02513
0.93049 0.023913
0.93363 0.025202
0.67865 0.036775
0.94179 0.026383
0.6776 0.034311
0.94576 0.027504
0.94445 0.026941
0.94571 0.027477
0.67843 0.034076
0.9501 0.029305
0.69187 0.035905
0.82147 0.038004
0.94928 0.028999
0.95444 0.032771
0.69274 0.034241
0.79311 0.039669
0.68891 0.02978
0.93802 0.03488
0.94893 0.034391
0.94038 0.035462
0.6938 0.028597
0.73933 0.041841
0.69562 0.023253
0.73419 0.041031
0.92481 0.03383
0.92263 0.033754
0.70417 0.02693
0.9192 0.034009
0.71344 0.026555
0.74251 0.042252
0.91704 0.034003
0.91342 0.03399
0.72846 0.039545
0.75362 0.040812
0.7236 0.024812
0.80313 0.040138
0.90822 0.033088
0.91109 0.0333
0.73942 0.035698
0.91036 0.033072
0.7506 0.037311
0.77548 0.037388
0.91055 0.033129
0.90959 0.032641
0.73741 0.027697
0.80195 0.039564
0.74684 0.027176
0.774 0.035023
0.90542 0.031969
0.76178 0.030264
0.78973 0.039835
0.75377 0.025919
0.78733 0.038798
0.88167 0.037259
0.87067 0.037392
0.76707 0.027218
0.79508 0.035732
0.77555 0.026526
0.81211 0.039594
0.86781 0.036551
0.86903 0.037369
0.78298 0.029025
0.87093 0.037357
0.80648 0.034955
0.81116 0.039628
0.8724 0.037287
0.881 0.036962
0.80736 0.033055
0.83643 0.033691
0.81208 0.032859
0.82801 0.029572
0.87746 0.034975
0.87373 0.033732
0.81012 0.027387
0.83301 0.030732
0.81793 0.022966
0.84998 0.02942
0.8708 0.031497
0.8713 0.029253
0.83404 0.024189
0.85606 0.027294
0.84368 0.022793
0.87445 0.024595
0.8713 0.027212
0.87169 0.026156
0.86351 0.021997
0.88182 0.023428
0.94907 0.020343
0.94855 0.022122
