348
0.069414 0.020775
0.048483 0.023883
0.1223 0.020526
0.07056 0.024613
0.033141 0.023542
0.071446 0.024656
0.14557 0.020845
0.15671 0.02202
0.18469 0.021913
0.10861 0.027229
0.10426 0.026318
0.10905 0.027415
0.19995 0.024652
0.18878 0.027207
0.20425 0.027255
0.12699 0.02736
0.1177 0.027527
0.12531 0.027223
0.21073 0.029883
0.13068 0.028224
0.21677 0.029248
0.19166 0.039024
0.12931 0.028521
0.12227 0.02923
0.21196 0.032547
0.12221 0.029747
0.23556 0.025802
0.2047 0.037936
0.11972 0.029812
0.12774 0.030188
0.24408 0.028841
0.13846 0.031764
0.25289 0.027034
0.20392 0.038139
0.13835 0.031561
0.13446 0.030949
0.25891 0.024707
0.1234 0.030783
0.27132 0.025746
0.23638 0.037071
0.12035 0.031311
0.27958 0.021627
0.099871 0.031187
0.28621 0.026403
0.25161 0.036522
0.098411 0.030282
0.2879 0.030397
0.10105 0.032648
0.29947 0.023785
0.11653 0.032332
0.11272 0.032868
0.30366 0.027816
0.25877 0.037765
0.30355 0.030125
0.27431 0.037065
0.13832 0.037877
0.31903 0.028767
0.28244 0.038379
0.32356 0.031413
0.13011 0.033611
0.13527 0.035203
0.13158 0.03367
0.33079 0.031875
0.11873 0.033439
0.34674 0.024872
0.11019 0.034233
0.1187 0.033434
0.11004 0.034254
0.33843 0.029994
0.094378 0.030246
0.3405 0.031959
0.25397 0.038068
0.10053 0.035694
0.086599 0.030096
0.36494 0.025919
0.063882 0.031257
0.37017 0.02635
0.20794 0.038043
0.069479 0.030697
0.052645 0.031923
0.37307 0.026245
0.13856 0.038545
0.36173 0.03609
0.23195 0.039232
0.045975 0.0296
0.034902 0.026445
0.32672 0.039933
0.16111 0.032701
0.3713 0.035701
0.17432 0.037495
0.029932 0.026694
0.02812 0.029161
0.32178 0.038944
0.070689 0.033428
0.38656 0.0276
0.032809 0.033539
0.030056 0.032103
0.03285 0.033624
0.34482 0.03654
0.050958 0.034001
0.2187 0.039095
0.065876 0.037686
0.032983 0.033822
0.03376 0.034889
0.38164 0.035194
0.03405 0.035795
0.37823 0.036702
0.082555 0.033612
0.034699 0.036319
0.38255 0.036378
0.046489 0.034534
0.39355 0.033546
0.081997 0.034603
0.036151 0.036621
0.3933 0.034506
0.038382 0.036991
0.35458 0.036039
0.099305 0.038942
0.040712 0.037346
0.045405 0.038124
0.33498 0.038349
0.13789 0.038487
0.403 0.025602
0.086877 0.039081
0.11648 0.037449
0.080083 0.039169
0.34156 0.0374
0.40353 0.026534
0.30511 0.038469
0.41148 0.022039
0.41078 0.025365
0.40602 0.03109
0.090326 0.039865
0.41335 0.031443
0.3125 0.039285
0.076178 0.037972
0.074501 0.037674
0.4326 0.029861
0.427 0.032391
0.40754 0.034747
0.41263 0.033378
0.43966 0.036159
0.43926 0.036119
0.42097 0.035475
0.41279 0.034339
0.42209 0.035451
0.45629 0.038183
0.46086 0.021669
0.4696 0.024084
0.48363 0.020741
0.50855 0.021802
0.44231 0.024763
0.4887 0.02321
0.44963 0.030094
0.44994 0.031976
0.48376 0.030434
0.50263 0.022247
0.48005 0.037422
0.48405 0.038838
0.4946 0.029499
0.49905 0.023629
0.47513 0.03828
0.48838 0.038935
0.49217 0.027264
0.4972 0.027251
0.48928 0.038884
0.5059 0.039205
0.5066 0.026146
0.50566 0.031954
0.50573 0.039204
0.50246 0.026674
0.53516 0.021506
0.5238 0.021333
0.5853 0.020327
0.55116 0.022975
0.5709 0.025092
0.51338 0.021731
0.54067 0.031767
0.52253 0.024405
0.52079 0.025231
0.55691 0.030065
0.56274 0.033895
0.51713 0.025484
0.52752 0.029565
0.53341 0.037647
0.55248 0.037787
0.51816 0.028866
0.5277 0.035252
0.53035 0.04016
0.55259 0.040562
0.52681 0.035342
0.51636 0.030766
0.52823 0.040008
0.51345 0.039786
0.51149 0.028644
0.53415 0.040834
0.6004 0.021174
0.60168 0.026512
0.62105 0.029069
0.69966 0.037622
0.60785 0.035038
0.66002 0.03935
0.61006 0.039347
0.57541 0.033837
0.90066 0.039649
0.58554 0.033812
0.58062 0.037888
0.97112 0.036427
0.97047 0.029512
0.57349 0.039668
0.5914 0.038314
0.91837 0.039515
0.63672 0.035757
0.55717 0.038876
0.5134 0.039785
0.64621 0.04016
0.6129 0.039345
0.63147 0.0313
0.96722 0.039182
0.66822 0.038433
0.92534 0.039806
0.96279 0.025364
0.97449 0.026254
0.96749 0.027214
0.96895 0.028031
0.87242 0.037398
0.62655 0.039901
0.63964 0.029111
0.97574 0.026749
0.66115 0.03861
0.97609 0.026793
0.97605 0.026886
0.97593 0.026613
0.63655 0.026203
0.97535 0.026221
0.78503 0.038777
0.95257 0.038291
0.97529 0.026188
0.77684 0.03874
0.96977 0.02508
0.85369 0.040313
0.96849 0.024948
0.97083 0.025181
0.9656 0.024723
0.65884 0.033078
0.96048 0.038962
0.70548 0.037718
0.95638 0.024251
0.96145 0.024456
0.95945 0.024373
0.65876 0.028936
0.93658 0.039509
0.67149 0.034398
0.89659 0.039819
0.95154 0.024259
0.6765 0.038899
0.86999 0.0381
0.72735 0.037511
0.93385 0.025853
0.93199 0.024568
0.93457 0.025881
0.68329 0.038837
0.94213 0.026604
0.6824 0.036065
0.94626 0.027417
0.9449 0.026964
0.94621 0.027394
0.68319 0.035757
0.95077 0.029001
0.69544 0.036732
0.83601 0.039166
0.94992 0.028681
0.95584 0.032611
0.6963 0.03489
0.8034 0.038582
0.69292 0.030442
0.9383 0.036046
0.9501 0.03388
0.94082 0.036222
0.69754 0.028899
0.74708 0.040141
0.6992 0.02333
0.74137 0.038413
0.92696 0.036352
0.92519 0.035808
0.70808 0.026715
0.9224 0.035355
0.71782 0.026008
0.75073 0.040334
0.92044 0.034844
0.9164 0.033927
0.73402 0.035988
0.76533 0.03824
0.72932 0.024025
0.81473 0.038978
0.91067 0.032071
0.9139 0.032719
0.74764 0.034726
0.91312 0.032345
0.76068 0.035151
0.78406 0.037636
0.91332 0.032441
0.91233 0.031789
0.74574 0.027052
0.8132 0.038687
0.75566 0.026238
0.78314 0.035325
0.90761 0.031502
0.77318 0.030082
0.79942 0.038574
0.76451 0.025142
0.79675 0.03765
0.88739 0.039569
0.88009 0.03948
0.7784 0.027456
0.80629 0.035007
0.78608 0.026629
0.82608 0.038776
0.87679 0.038838
0.87832 0.039452
0.79385 0.028412
0.88029 0.039458
0.81865 0.034196
0.82478 0.038719
0.88136 0.039407
0.88691 0.039255
0.81945 0.032353
0.84816 0.037296
0.82506 0.032278
0.84082 0.031079
0.88419 0.037024
0.88131 0.035578
0.82245 0.026931
0.8452 0.033094
0.83108 0.02287
0.85818 0.031344
0.87774 0.032958
0.87741 0.030385
0.84572 0.025104
0.86353 0.028397
0.85306 0.023462
0.88024 0.025171
0.87717 0.028085
0.87754 0.026904
0.87006 0.022215
0.88643 0.023885
0.94971 0.020331
0.94917 0.022048
