348
0.05115 0.021145
0.036339 0.025721
0.096239 0.020598
0.051845 0.026786
0.027099 0.026404
0.052383 0.026816
0.11685 0.021052
0.12525 0.022775
0.15011 0.021654
0.084583 0.028637
0.081046 0.027334
0.08496 0.02884
0.16783 0.024041
0.15467 0.025898
0.17245 0.026572
0.10038 0.028137
0.091938 0.028731
0.099201 0.028089
0.18066 0.028581
0.10369 0.029208
0.18659 0.027628
0.15489 0.038709
0.10244 0.029462
0.096274 0.03049
0.18339 0.030694
0.096338 0.031054
0.20883 0.024984
0.17525 0.03568
0.093912 0.031178
0.10135 0.031205
0.21926 0.027402
0.1112 0.03233
0.22929 0.026397
0.17423 0.036953
0.11109 0.032126
0.10794 0.032554
0.23629 0.024864
0.097785 0.032201
0.24725 0.026368
0.21493 0.033651
0.094823 0.032633
0.25494 0.021635
0.076913 0.032089
0.26148 0.026572
0.22831 0.034547
0.07556 0.031181
0.26228 0.030294
0.078692 0.033769
0.27641 0.023515
0.091863 0.034201
0.089694 0.03478
0.28073 0.027689
0.23365 0.038256
0.2799 0.02976
0.24512 0.039443
0.11135 0.037946
0.2937 0.029424
0.25349 0.039905
0.29694 0.031098
0.10413 0.034999
0.10915 0.036752
0.10556 0.035312
0.3053 0.030174
0.093715 0.03494
0.32207 0.026187
0.088407 0.036407
0.093681 0.034946
0.088297 0.036444
0.31574 0.030495
0.071852 0.030643
0.31758 0.032721
0.23027 0.04083
0.079433 0.036674
0.063638 0.031127
0.33616 0.027263
0.047343 0.035675
0.34112 0.026889
0.18103 0.037467
0.050353 0.035513
0.039439 0.036313
0.34413 0.026813
0.11146 0.043125
0.33527 0.039373
0.21087 0.039241
0.034082 0.034692
0.027779 0.031415
0.29364 0.040197
0.12986 0.03922
0.34386 0.03619
0.13941 0.040222
0.025153 0.032357
0.024185 0.037266
0.28779 0.040756
0.050846 0.039226
0.35633 0.028035
0.027644 0.045042
0.025722 0.043293
0.027692 0.045171
0.32046 0.040529
0.039206 0.039423
0.19737 0.037576
0.048532 0.044947
0.027828 0.045455
0.028642 0.046888
0.35255 0.036275
0.029144 0.048187
0.34926 0.041052
0.058661 0.035674
0.029821 0.048967
0.35229 0.040266
0.036881 0.041456
0.35974 0.034625
0.057937 0.036927
0.030957 0.048817
0.35781 0.040097
0.032994 0.048175
0.32946 0.04124
0.079421 0.040419
0.034591 0.047733
0.03774 0.047664
0.30955 0.040124
0.11105 0.043696
0.37222 0.026437
0.060784 0.040366
0.093158 0.04173
0.054963 0.04466
0.31848 0.040868
0.37287 0.027637
0.27648 0.040031
0.3982 0.022625
0.39556 0.027337
0.37541 0.033379
0.065553 0.041749
0.39814 0.033498
0.2803 0.040179
0.052631 0.046269
0.051604 0.04707
0.41856 0.032681
0.41347 0.034856
0.37569 0.039139
0.38997 0.037588
0.42138 0.038771
0.42067 0.039879
0.40711 0.038785
0.38761 0.039576
0.40814 0.039936
0.43845 0.041578
0.44278 0.02186
0.45324 0.023477
0.46957 0.020652
0.494 0.021594
0.42837 0.025501
0.47456 0.023098
0.43476 0.03264
0.43491 0.034374
0.46908 0.02917
0.48807 0.022082
0.46444 0.035312
0.46783 0.036798
0.47969 0.029785
0.48476 0.023582
0.45816 0.039165
0.46901 0.03906
0.478 0.027217
0.48293 0.027436
0.46947 0.038835
0.48059 0.037934
0.49168 0.025616
0.48812 0.031031
0.48032 0.038161
0.48791 0.026187
0.5251 0.02145
0.51349 0.021201
0.57823 0.020451
0.54402 0.022313
0.56561 0.025044
0.50086 0.021437
0.53074 0.030777
0.51219 0.023913
0.51012 0.024518
0.55159 0.028533
0.55649 0.032014
0.50548 0.024436
0.51721 0.029068
0.52096 0.035682
0.54463 0.034215
0.5068 0.027238
0.51489 0.033533
0.51556 0.038243
0.5431 0.03979
0.51357 0.033282
0.50341 0.028684
0.51157 0.037764
0.48824 0.037788
0.49827 0.02728
0.52067 0.040822
0.58955 0.021351
0.59096 0.027472
0.60796 0.029896
0.68915 0.039232
0.59733 0.036363
0.65078 0.039634
0.5988 0.040914
0.57148 0.03508
0.91535 0.041209
0.57785 0.038444
0.5752 0.040887
0.97256 0.041396
0.97291 0.03267
0.569 0.04062
0.58177 0.043627
0.92849 0.043463
0.62869 0.036884
0.54934 0.036687
0.48812 0.037799
0.63569 0.041905
0.60048 0.042779
0.61949 0.030056
0.96749 0.04448
0.65758 0.03962
0.93348 0.043595
0.96702 0.027121
0.97593 0.028469
0.97073 0.029683
0.97177 0.030782
0.86284 0.037931
0.61353 0.037479
0.62766 0.030524
0.97686 0.029138
0.651 0.037411
0.97711 0.029198
0.97708 0.029324
0.977 0.028954
0.62522 0.026793
0.97657 0.028423
0.77108 0.039928
0.9545 0.043549
0.97652 0.028379
0.76265 0.038791
0.97245 0.026783
0.83919 0.039907
0.9715 0.026655
0.97323 0.026915
0.96928 0.026315
0.64715 0.032077
0.96124 0.043686
0.69331 0.038741
0.96255 0.025459
0.966 0.025901
0.9646 0.025712
0.64603 0.028429
0.9399 0.043933
0.65945 0.03435
0.90977 0.040607
0.95869 0.025304
0.66537 0.037477
0.85856 0.038295
0.71241 0.040204
0.94257 0.026927
0.94102 0.025451
0.9432 0.026922
0.67556 0.038638
0.95037 0.027183
0.67238 0.035443
0.95404 0.028223
0.95284 0.027616
0.95399 0.028192
0.67295 0.035106
0.95785 0.031148
0.68482 0.037004
0.82107 0.039739
0.95709 0.030589
0.96086 0.035844
0.68458 0.035199
0.79059 0.041634
0.67965 0.030862
0.94425 0.037733
0.95536 0.03638
0.94686 0.037293
0.68315 0.029259
0.73383 0.040012
0.68489 0.023523
0.7291 0.039874
0.93561 0.039554
0.93464 0.03883
0.69335 0.026851
0.93249 0.037809
0.70273 0.026686
0.73594 0.038501
0.93105 0.036912
0.9288 0.035596
0.72029 0.035394
0.74455 0.038637
0.71266 0.024198
0.7991 0.041371
0.92417 0.034237
0.92697 0.034295
0.73213 0.033024
0.92634 0.034013
0.74175 0.033676
0.77022 0.036772
0.92651 0.034079
0.92565 0.03363
0.73072 0.026518
0.79818 0.041084
0.74025 0.025885
0.76961 0.034607
0.92125 0.033106
0.75968 0.029606
0.78734 0.039346
0.75062 0.024588
0.78466 0.037921
0.89611 0.041131
0.88552 0.039389
0.76555 0.027579
0.79214 0.036693
0.77329 0.026732
0.81144 0.039637
0.87704 0.037777
0.88214 0.037928
0.78077 0.028791
0.88591 0.038854
0.80217 0.034172
0.80937 0.038599
0.88803 0.039436
0.89636 0.038355
0.80313 0.032723
0.83264 0.033283
0.80966 0.03292
0.82438 0.031053
0.89483 0.036661
0.89234 0.035581
0.80705 0.027689
0.82974 0.030573
0.81491 0.023076
0.84488 0.029469
0.88942 0.033285
0.8915 0.031066
0.82992 0.024119
0.84995 0.02754
0.83893 0.023063
0.89585 0.025487
0.89232 0.028701
0.89307 0.027423
0.86426 0.022246
0.90073 0.024131
0.95708 0.020402
0.95661 0.022457
