348
0.070491 0.020868
0.050093 0.02366
0.12316 0.020522
0.071511 0.025135
0.033854 0.023356
0.072301 0.025151
0.14653 0.020842
0.15771 0.022006
0.18609 0.021868
0.10932 0.027133
0.10492 0.026204
0.10978 0.02732
0.20178 0.024484
0.19029 0.027016
0.20628 0.026968
0.12788 0.027323
0.11853 0.027459
0.12619 0.027181
0.21306 0.029466
0.13158 0.028191
0.21936 0.028898
0.19325 0.038473
0.13021 0.028486
0.12313 0.029165
0.21434 0.032029
0.12308 0.029677
0.23875 0.02585
0.20675 0.037219
0.12058 0.029732
0.12863 0.03014
0.24693 0.029308
0.1394 0.031717
0.25511 0.027526
0.20593 0.037426
0.13928 0.031515
0.13537 0.030905
0.26071 0.024996
0.12427 0.030712
0.27257 0.025992
0.2396 0.037287
0.1212 0.031221
0.28046 0.021671
0.10045 0.030933
0.28704 0.026495
0.25393 0.037708
0.09897 0.030032
0.28872 0.030514
0.1016 0.032376
0.30019 0.023791
0.11734 0.032215
0.11346 0.032725
0.3044 0.027808
0.26058 0.038858
0.30429 0.030114
0.27542 0.037699
0.13925 0.037806
0.31985 0.02874
0.2833 0.038777
0.32439 0.03139
0.131 0.033557
0.13618 0.035143
0.13248 0.033616
0.33162 0.031872
0.11957 0.033323
0.34752 0.024906
0.11086 0.034059
0.11953 0.033318
0.11071 0.034078
0.33926 0.030026
0.094798 0.029952
0.34133 0.032008
0.25612 0.039303
0.10098 0.035347
0.086748 0.03
0.36552 0.026013
0.065663 0.03208
0.37065 0.026468
0.21013 0.037273
0.070549 0.031982
0.054671 0.03161
0.3735 0.026372
0.13949 0.038472
0.36237 0.036319
0.23504 0.039029
0.047433 0.029056
0.03571 0.026102
0.32755 0.039905
0.16214 0.032594
0.37176 0.036003
0.17551 0.037225
0.030471 0.026348
0.028561 0.02869
0.3226 0.038898
0.071576 0.034936
0.38667 0.027822
0.033582 0.032826
0.030634 0.031476
0.033627 0.032907
0.34561 0.036641
0.05304 0.033435
0.22138 0.038398
0.067648 0.039305
0.033773 0.033094
0.034626 0.034101
0.38189 0.035589
0.034958 0.034958
0.37857 0.037099
0.082177 0.033917
0.035665 0.03545
0.38277 0.036814
0.048257 0.033708
0.39344 0.033997
0.08148 0.034998
0.037221 0.035729
0.3932 0.034988
0.039613 0.036068
0.35529 0.03621
0.0996 0.038496
0.042154 0.03639
0.047318 0.037097
0.33581 0.038379
0.13882 0.038414
0.40257 0.025815
0.086271 0.038896
0.11725 0.037282
0.079017 0.040003
0.34238 0.037481
0.40308 0.026784
0.30586 0.038431
0.41072 0.022126
0.41005 0.02559
0.40547 0.031529
0.089932 0.039202
0.41251 0.031942
0.31329 0.039201
0.075951 0.039257
0.074607 0.039155
0.43086 0.030364
0.42554 0.033028
0.40694 0.035342
0.41182 0.033955
0.43756 0.036813
0.43718 0.036782
0.41982 0.036217
0.41197 0.034958
0.42089 0.036202
0.45378 0.038331
0.45824 0.02166
0.46727 0.02396
0.48195 0.020695
0.50827 0.02178
0.44011 0.024937
0.48744 0.022973
0.44726 0.030354
0.44756 0.032279
0.48209 0.029776
0.50231 0.022174
0.47842 0.036459
0.483 0.037625
0.49383 0.028923
0.49865 0.023465
0.47327 0.037468
0.48793 0.037532
0.4912 0.026762
0.49664 0.026876
0.48895 0.037447
0.50657 0.038796
0.50631 0.02603
0.50558 0.031689
0.50642 0.038785
0.50214 0.026452
0.53536 0.021451
0.52371 0.021306
0.58675 0.020352
0.55229 0.0228
0.5728 0.025065
0.51314 0.021712
0.54119 0.031194
0.52241 0.024321
0.52062 0.02514
0.55844 0.029598
0.56456 0.033427
0.51691 0.025406
0.52752 0.029344
0.53365 0.03705
0.5539 0.036799
0.51796 0.028732
0.52765 0.034896
0.53042 0.03962
0.55408 0.039612
0.52672 0.034995
0.51613 0.030621
0.52817 0.039531
0.51352 0.039608
0.51123 0.028563
0.53447 0.040156
0.60052 0.021275
0.60172 0.027065
0.61975 0.029138
0.69872 0.03744
0.60715 0.036235
0.66201 0.039905
0.60884 0.040913
0.57754 0.034105
0.90159 0.039324
0.58709 0.034853
0.58276 0.038737
0.97121 0.036597
0.97057 0.02961
0.57576 0.039903
0.59244 0.040047
0.91918 0.039663
0.63616 0.034886
0.55886 0.038016
0.51347 0.039608
0.64674 0.038959
0.61132 0.040567
0.6307 0.030701
0.96735 0.039409
0.6686 0.040209
0.92609 0.039973
0.96297 0.02544
0.97455 0.026319
0.96762 0.027298
0.96906 0.028118
0.87192 0.036321
0.62458 0.039375
0.63938 0.028595
0.97579 0.026819
0.66286 0.039308
0.97613 0.026863
0.97609 0.026957
0.97597 0.026681
0.63611 0.02586
0.9754 0.026285
0.78454 0.040688
0.95293 0.038655
0.97534 0.026252
0.77757 0.04061
0.96988 0.025133
0.85204 0.039292
0.96861 0.025003
0.97092 0.025235
0.96575 0.024784
0.66021 0.033296
0.96068 0.039257
0.70463 0.03767
0.95666 0.024326
0.96164 0.024522
0.95967 0.024443
0.65973 0.029069
0.93724 0.039769
0.67126 0.035869
0.8974 0.03928
0.95192 0.024347
0.67524 0.04024
0.86933 0.036948
0.72698 0.037018
0.93453 0.025921
0.93269 0.024616
0.93524 0.025952
0.68129 0.039348
0.94271 0.026715
0.68065 0.036587
0.94675 0.02756
0.94542 0.027093
0.9467 0.027537
0.68152 0.036184
0.95117 0.02919
0.69432 0.036466
0.83383 0.039432
0.95034 0.028866
0.95613 0.032839
0.69532 0.034672
0.8006 0.039182
0.69207 0.030245
0.93894 0.036276
0.95051 0.034176
0.94142 0.036481
0.69681 0.028784
0.74863 0.038323
0.69851 0.023294
0.74194 0.037107
0.92771 0.036493
0.92594 0.03594
0.70739 0.02672
0.92318 0.035478
0.7171 0.025948
0.75289 0.038676
0.92124 0.03496
0.91723 0.03403
0.73395 0.035247
0.76766 0.03932
0.72889 0.023897
0.8125 0.038917
0.91154 0.032152
0.91475 0.032809
0.74877 0.033379
0.91397 0.032431
0.7632 0.035363
0.78372 0.0394
0.91417 0.032528
0.91319 0.031871
0.7463 0.026454
0.81092 0.038564
0.75728 0.026004
0.78294 0.036855
0.90849 0.031519
0.77393 0.031068
0.79682 0.039577
0.76598 0.02539
0.7946 0.03885
0.88776 0.038645
0.88011 0.038421
0.77865 0.028193
0.80401 0.035244
0.78563 0.027295
0.8241 0.039186
0.87659 0.037752
0.87823 0.038361
0.79268 0.029106
0.88033 0.038404
0.81682 0.034278
0.82282 0.039075
0.88144 0.038375
0.88726 0.038337
0.81772 0.032446
0.84623 0.036668
0.82326 0.032521
0.83856 0.031014
0.88441 0.036167
0.8814 0.03475
0.82079 0.02703
0.84312 0.032778
0.82914 0.022963
0.85675 0.030731
0.87761 0.032224
0.87725 0.029793
0.84367 0.02497
0.86243 0.027907
0.85138 0.023289
0.88027 0.02489
0.87699 0.027622
0.8774 0.026512
0.86941 0.022074
0.88676 0.023698
0.95013 0.020338
0.9496 0.022091
