348
0.06958 0.020742
0.047846 0.023795
0.12331 0.020562
0.070742 0.024371
0.032634 0.023647
0.071641 0.024369
0.14704 0.020885
0.15671 0.022509
0.18039 0.021892
0.11134 0.028283
0.10734 0.027024
0.11174 0.028483
0.19561 0.02477
0.18477 0.027253
0.1998 0.027507
0.12784 0.027459
0.11892 0.028245
0.1262 0.027466
0.20643 0.029889
0.13167 0.028154
0.21223 0.02898
0.18941 0.038844
0.13029 0.028502
0.12336 0.029875
0.20836 0.032454
0.12343 0.030428
0.23262 0.025528
0.20241 0.038361
0.12108 0.030671
0.12882 0.03023
0.24116 0.028906
0.14019 0.031482
0.24958 0.027189
0.2017 0.038641
0.14 0.031261
0.13585 0.030642
0.25547 0.024766
0.12473 0.031381
0.26786 0.025905
0.23584 0.036197
0.12194 0.032261
0.27577 0.021731
0.10392 0.031717
0.28195 0.027085
0.25043 0.036756
0.10234 0.030582
0.28353 0.031527
0.10539 0.033434
0.2937 0.024016
0.11866 0.033523
0.11581 0.034376
0.29784 0.027914
0.25742 0.037776
0.29763 0.030272
0.27257 0.037961
0.14179 0.037504
0.31392 0.028508
0.28003 0.040509
0.31839 0.031167
0.13202 0.033457
0.13769 0.034619
0.13345 0.033426
0.3259 0.031816
0.12073 0.03453
0.34105 0.025481
0.11416 0.03606
0.1207 0.034526
0.11405 0.036094
0.33379 0.030471
0.09822 0.02992
0.33595 0.032679
0.25302 0.038556
0.10575 0.03651
0.089293 0.028637
0.3579 0.02599
0.064107 0.030695
0.36323 0.026405
0.20555 0.038193
0.069679 0.030237
0.052186 0.031533
0.36619 0.026469
0.14232 0.038392
0.35571 0.036498
0.23107 0.038104
0.045325 0.029563
0.034327 0.026605
0.32133 0.039336
0.16112 0.036571
0.36525 0.035971
0.1691 0.040504
0.02955 0.026946
0.027807 0.029528
0.31555 0.038236
0.071003 0.032696
0.37837 0.028872
0.032386 0.033945
0.029698 0.032553
0.032428 0.034031
0.34064 0.038256
0.050644 0.033561
0.21662 0.038625
0.066668 0.036766
0.03256 0.034231
0.033338 0.035299
0.37499 0.036974
0.033641 0.036217
0.37218 0.038203
0.084155 0.031529
0.034286 0.036727
0.37581 0.038578
0.046109 0.034406
0.38455 0.036473
0.083471 0.032369
0.035705 0.036975
0.38443 0.037654
0.037919 0.037255
0.3493 0.037213
0.10554 0.039583
0.040325 0.037508
0.045223 0.038063
0.3315 0.03871
0.14153 0.03812
0.3917 0.026586
0.090637 0.036298
0.11965 0.038953
0.081093 0.03638
0.33781 0.038584
0.39212 0.027665
0.29808 0.038641
0.3992 0.022302
0.39854 0.026079
0.39411 0.032838
0.095361 0.037669
0.40073 0.032649
0.30489 0.03853
0.076846 0.036017
0.075074 0.036036
0.41869 0.030903
0.41305 0.033437
0.39554 0.036903
0.40001 0.03491
0.42583 0.037131
0.42542 0.03717
0.40728 0.036621
0.40012 0.035949
0.40828 0.0366
0.44431 0.04004
0.44496 0.021882
0.45262 0.024633
0.4658 0.020723
0.4902 0.021837
0.4274 0.02493
0.47117 0.023111
0.43518 0.030734
0.43613 0.03276
0.46603 0.030142
0.48476 0.022318
0.46353 0.037631
0.46784 0.038078
0.47731 0.02969
0.48148 0.023795
0.45895 0.039368
0.47204 0.038318
0.47461 0.027239
0.47959 0.027529
0.47277 0.038304
0.48689 0.039862
0.48838 0.02633
0.48735 0.032386
0.48676 0.039898
0.48461 0.026886
0.51834 0.021281
0.50591 0.021268
0.57153 0.020338
0.53905 0.022634
0.55709 0.025344
0.49525 0.021725
0.52507 0.029396
0.50457 0.024205
0.50274 0.024988
0.5449 0.030334
0.54967 0.035006
0.49895 0.025318
0.50998 0.028896
0.51618 0.035133
0.54132 0.03643
0.50008 0.02853
0.50946 0.034121
0.51213 0.038367
0.54173 0.039574
0.5084 0.034245
0.49798 0.030509
0.50948 0.038783
0.49358 0.039864
0.49323 0.028717
0.5171 0.038298
0.5859 0.021169
0.58728 0.026476
0.60678 0.028687
0.68619 0.039305
0.59313 0.035234
0.64669 0.039504
0.59491 0.039552
0.5615 0.034063
0.90215 0.039432
0.5714 0.034266
0.5664 0.038405
0.97016 0.035694
0.97001 0.029088
0.55851 0.040263
0.57663 0.039188
0.91597 0.039084
0.62391 0.034431
0.5455 0.039375
0.49353 0.039875
0.63187 0.038813
0.59646 0.039532
0.61767 0.030393
0.96543 0.038808
0.6551 0.038319
0.92334 0.037228
0.96199 0.025291
0.97424 0.025975
0.9669 0.026966
0.96843 0.027705
0.86484 0.035247
0.6103 0.037279
0.62727 0.02847
0.97555 0.026448
0.64802 0.03842
0.97591 0.02649
0.97587 0.026579
0.97574 0.026318
0.6244 0.025841
0.97513 0.025943
0.77047 0.039202
0.9507 0.039325
0.97507 0.025912
0.76087 0.038937
0.9693 0.024859
0.84376 0.035799
0.96796 0.024757
0.9704 0.02495
0.96493 0.0246
0.64646 0.033179
0.95777 0.039378
0.69045 0.040524
0.95558 0.024314
0.96058 0.024422
0.95855 0.024379
0.64686 0.029034
0.93628 0.038209
0.65907 0.034358
0.89674 0.038479
0.95096 0.024414
0.66366 0.0391
0.86205 0.036081
0.70961 0.038219
0.93302 0.02518
0.93078 0.023952
0.93389 0.025251
0.67044 0.038991
0.94197 0.026432
0.66986 0.036272
0.94592 0.027555
0.94461 0.02699
0.94587 0.027527
0.67065 0.035941
0.95024 0.029359
0.68243 0.037972
0.82125 0.03665
0.94941 0.029053
0.95455 0.032839
0.68339 0.036138
0.78833 0.037063
0.68053 0.031052
0.93824 0.035006
0.94907 0.034478
0.94057 0.035585
0.68517 0.029793
0.72966 0.038506
0.68678 0.02369
0.72366 0.037729
0.92515 0.033978
0.92299 0.033904
0.69417 0.027451
0.9196 0.034166
0.70333 0.026325
0.73362 0.039308
0.91747 0.034162
0.9139 0.034153
0.71649 0.03632
0.74824 0.03989
0.7146 0.024111
0.80047 0.037723
0.90875 0.03325
0.91159 0.033458
0.73188 0.033259
0.91086 0.033228
0.74543 0.035951
0.76948 0.037997
0.91106 0.033286
0.9101 0.032793
0.73116 0.026517
0.79905 0.037176
0.74231 0.026521
0.76841 0.035858
0.90598 0.032126
0.75762 0.030434
0.78412 0.037813
0.74946 0.025783
0.78128 0.037308
0.88262 0.03747
0.87169 0.037476
0.76261 0.027519
0.7911 0.033628
0.77066 0.026736
0.81068 0.037579
0.86884 0.036586
0.87006 0.037427
0.77771 0.028685
0.87195 0.037443
0.80444 0.033252
0.8096 0.037547
0.87341 0.03739
0.88196 0.037162
0.80549 0.031589
0.83699 0.033162
0.81079 0.031537
0.82814 0.029036
0.87845 0.035115
0.87474 0.033826
0.80864 0.026593
0.8334 0.030254
0.81735 0.022712
0.85088 0.029273
0.87182 0.031553
0.87232 0.029301
0.83448 0.02401
0.85706 0.027224
0.84448 0.02272
0.87545 0.024629
0.87232 0.02725
0.8727 0.02619
0.86455 0.021993
0.88277 0.02347
0.94921 0.020345
0.94869 0.022135
