348
0.076687 0.020687
0.05235 0.023271
0.13158 0.020586
0.077949 0.024054
0.034676 0.023139
0.078926 0.024058
0.15355 0.020994
0.16211 0.02265
0.1873 0.021764
0.11996 0.028399
0.11596 0.027061
0.12036 0.028609
0.20289 0.024748
0.19181 0.026894
0.20704 0.027538
0.13591 0.027866
0.12738 0.028502
0.13434 0.027838
0.21352 0.029996
0.13956 0.028701
0.21931 0.029122
0.19586 0.03847
0.13824 0.02903
0.13162 0.030286
0.21521 0.032599
0.13169 0.030864
0.23914 0.025721
0.20879 0.038548
0.12944 0.031056
0.13683 0.030816
0.24737 0.029206
0.14735 0.032601
0.25556 0.027395
0.20806 0.038773
0.1472 0.032351
0.14345 0.031514
0.26129 0.024817
0.13292 0.0319
0.27381 0.025743
0.24173 0.036778
0.13025 0.032726
0.28203 0.021652
0.11254 0.031692
0.28849 0.026692
0.25586 0.037234
0.11096 0.030518
0.29012 0.030859
0.11401 0.03345
0.30114 0.023773
0.12712 0.033936
0.12436 0.034723
0.30561 0.027534
0.26256 0.037965
0.30538 0.029771
0.27808 0.037195
0.1484 0.039293
0.322 0.028428
0.28586 0.039299
0.32654 0.031094
0.13981 0.034372
0.14497 0.035908
0.14116 0.034408
0.33406 0.031801
0.12909 0.035042
0.34914 0.025532
0.12274 0.036386
0.12906 0.035036
0.12263 0.036417
0.34193 0.030516
0.10684 0.029759
0.34409 0.032751
0.25825 0.03896
0.11437 0.036543
0.097628 0.028305
0.3657 0.026156
0.070741 0.029742
0.37085 0.026622
0.21191 0.038423
0.076794 0.029477
0.057391 0.030075
0.37371 0.026722
0.14881 0.040302
0.36357 0.036916
0.23694 0.038717
0.049421 0.02823
0.036642 0.025685
0.32958 0.039245
0.16517 0.036897
0.37279 0.036568
0.17365 0.038955
0.031092 0.025979
0.029068 0.028203
0.32388 0.038086
0.078232 0.031781
0.38532 0.029441
0.034387 0.032004
0.031265 0.030806
0.034436 0.032078
0.34873 0.038418
0.0556 0.031781
0.22282 0.03899
0.073524 0.035402
0.034589 0.03225
0.035493 0.033169
0.38212 0.037946
0.035845 0.033959
0.37947 0.039141
0.092231 0.030949
0.036594 0.034398
0.38287 0.039673
0.050333 0.032398
0.39088 0.037746
0.091513 0.031731
0.038242 0.034611
0.39075 0.039012
0.040814 0.034851
0.35728 0.037526
0.11416 0.039613
0.043614 0.035069
0.049304 0.035546
0.33969 0.03876
0.14815 0.039954
0.3977 0.027276
0.09904 0.035726
0.12805 0.039574
0.089015 0.035467
0.34594 0.038714
0.39809 0.028482
0.30644 0.037771
0.4044 0.022618
0.40383 0.026896
0.39977 0.034315
0.10394 0.037256
0.40541 0.034464
0.31338 0.038043
0.084533 0.035014
0.082638 0.034986
0.42076 0.032423
0.41551 0.035467
0.40082 0.038949
0.40464 0.037
0.42591 0.039379
0.42552 0.039434
0.41035 0.039346
0.40465 0.038192
0.41115 0.039287
0.44371 0.039422
0.44579 0.021794
0.45416 0.024411
0.46703 0.020791
0.49069 0.0218
0.42896 0.025528
0.47181 0.023362
0.43574 0.031309
0.43624 0.033353
0.46721 0.031131
0.48511 0.022273
0.46488 0.038943
0.46849 0.040006
0.47729 0.030036
0.48174 0.023812
0.46097 0.039847
0.47206 0.03969
0.47488 0.027639
0.4798 0.02767
0.47269 0.039586
0.48716 0.039176
0.48882 0.026164
0.48777 0.032015
0.48702 0.039191
0.48496 0.026758
0.51815 0.021382
0.50643 0.021298
0.57331 0.020334
0.53711 0.022565
0.55811 0.024759
0.49589 0.021712
0.52437 0.030258
0.50514 0.024273
0.50339 0.025046
0.54369 0.029344
0.54951 0.032893
0.49975 0.025327
0.51034 0.029451
0.51676 0.036303
0.53907 0.035705
0.50083 0.028569
0.51037 0.035017
0.5134 0.039479
0.5394 0.038525
0.50936 0.03511
0.49892 0.030496
0.51085 0.039758
0.49447 0.039623
0.49381 0.028605
0.5177 0.039534
0.58797 0.021119
0.58946 0.026178
0.60964 0.029111
0.69305 0.039803
0.59602 0.034352
0.65094 0.038112
0.59839 0.038693
0.56368 0.032949
0.90162 0.039164
0.57336 0.034135
0.56889 0.037456
0.97013 0.035649
0.96998 0.029062
0.5616 0.038232
0.57822 0.038808
0.91559 0.038886
0.62542 0.034678
0.54426 0.037515
0.49442 0.03963
0.63401 0.038308
0.60076 0.038835
0.61968 0.030977
0.96539 0.038746
0.66029 0.037108
0.92304 0.037063
0.96193 0.025272
0.97422 0.025958
0.96687 0.026944
0.9684 0.027682
0.86382 0.035204
0.61372 0.03868
0.62898 0.028363
0.97553 0.026429
0.65227 0.037298
0.9759 0.026471
0.97586 0.02656
0.97573 0.0263
0.62601 0.025886
0.97512 0.025926
0.77492 0.037872
0.9506 0.039236
0.97505 0.025895
0.76346 0.036789
0.96927 0.024845
0.84283 0.036082
0.96792 0.024742
0.97037 0.024936
0.96489 0.024585
0.64972 0.032255
0.9577 0.039301
0.69808 0.041217
0.9555 0.024296
0.96053 0.024405
0.95848 0.024362
0.64961 0.028382
0.9361 0.038072
0.66376 0.033464
0.89613 0.038189
0.95086 0.024393
0.67001 0.037965
0.86101 0.036069
0.71379 0.042261
0.9328 0.025137
0.93054 0.023918
0.93368 0.025209
0.67706 0.038474
0.94183 0.026391
0.67576 0.035711
0.94579 0.027513
0.94448 0.026949
0.94574 0.027486
0.67652 0.035484
0.95013 0.029315
0.68868 0.038178
0.82107 0.037713
0.94931 0.029009
0.95446 0.032785
0.68925 0.036318
0.79205 0.039105
0.68538 0.031026
0.93807 0.034899
0.94896 0.034408
0.94042 0.035482
0.68964 0.02987
0.72922 0.039462
0.69123 0.023738
0.72393 0.039639
0.92487 0.033848
0.92269 0.03377
0.69857 0.027982
0.91927 0.034024
0.70668 0.027442
0.73268 0.039683
0.91711 0.034018
0.9135 0.034003
0.71824 0.039175
0.74794 0.037727
0.71574 0.024923
0.80237 0.039666
0.9083 0.033098
0.91117 0.033312
0.73131 0.033661
0.91043 0.033083
0.74481 0.034597
0.77358 0.036533
0.91063 0.033141
0.90966 0.032652
0.73069 0.026747
0.80115 0.039093
0.74173 0.026121
0.77203 0.034256
0.9055 0.031975
0.75924 0.029222
0.78856 0.039221
0.74989 0.025077
0.78609 0.038158
0.88175 0.037231
0.87072 0.037341
0.76486 0.026677
0.79409 0.035297
0.77382 0.026207
0.81152 0.039218
0.86785 0.036491
0.86907 0.037312
0.78162 0.028669
0.87098 0.037306
0.80578 0.03463
0.81055 0.039244
0.87245 0.037239
0.88108 0.036933
0.80668 0.032777
0.83623 0.03353
0.8115 0.032612
0.8277 0.029438
0.87752 0.034942
0.87379 0.033696
0.8095 0.02724
0.83276 0.030596
0.81746 0.022914
0.8499 0.029342
0.87084 0.031463
0.87135 0.029226
0.8338 0.024137
0.85604 0.027245
0.84355 0.022765
0.87451 0.024584
0.87135 0.027191
0.87174 0.026139
0.86353 0.021988
0.8819 0.023423
0.9491 0.020344
0.94858 0.022125
