348
0.063955 0.020807
0.044655 0.024335
0.11388 0.020579
0.065072 0.024789
0.031187 0.024128
0.065936 0.024832
0.13692 0.020916
0.14633 0.022397
0.17211 0.021813
0.10218 0.028238
0.098509 0.026947
0.10256 0.028481
0.18896 0.024303
0.17663 0.026725
0.19364 0.026678
0.11815 0.027799
0.10995 0.028589
0.11652 0.027762
0.20068 0.029025
0.12187 0.028444
0.20731 0.028323
0.18006 0.037624
0.12048 0.028851
0.11385 0.030163
0.2023 0.031427
0.11378 0.030739
0.22675 0.026053
0.19477 0.036494
0.11165 0.031023
0.11886 0.030728
0.23481 0.029089
0.12996 0.032005
0.24363 0.027009
0.1939 0.036699
0.12982 0.031785
0.12575 0.030913
0.2497 0.024643
0.11472 0.031777
0.26247 0.025496
0.2282 0.038027
0.11212 0.03265
0.2712 0.021554
0.094617 0.031851
0.27805 0.026132
0.24252 0.036511
0.093021 0.030747
0.27982 0.029965
0.095989 0.033551
0.29193 0.023637
0.10892 0.034214
0.10578 0.03516
0.29627 0.027523
0.24966 0.037527
0.29615 0.029745
0.26563 0.036274
0.13028 0.038255
0.31221 0.028465
0.27418 0.037576
0.31691 0.031041
0.12119 0.034049
0.12675 0.035132
0.12276 0.033934
0.32435 0.031522
0.11072 0.035224
0.34077 0.024749
0.10376 0.036469
0.11069 0.035223
0.10364 0.036474
0.33221 0.029711
0.088903 0.030237
0.33434 0.031629
0.2449 0.037967
0.095815 0.036759
0.081025 0.030002
0.35934 0.025872
0.058604 0.031985
0.36456 0.02634
0.19828 0.036521
0.063946 0.031145
0.048409 0.033098
0.36745 0.026266
0.1306 0.038972
0.35611 0.035899
0.2245 0.039752
0.042436 0.030798
0.032686 0.027473
0.32016 0.03931
0.14976 0.034767
0.36568 0.035702
0.16008 0.038758
0.028456 0.027863
0.026957 0.030761
0.31506 0.038312
0.064962 0.033945
0.38076 0.027806
0.03111 0.035823
0.02869 0.034216
0.031148 0.035921
0.3388 0.036109
0.046942 0.035528
0.21078 0.037569
0.059771 0.038734
0.031269 0.036148
0.031976 0.037367
0.37599 0.035476
0.032258 0.038417
0.3726 0.036912
0.076708 0.033616
0.03284 0.039
0.37688 0.036708
0.04309 0.03637
0.3875 0.034187
0.076163 0.034629
0.034107 0.039282
0.38727 0.035181
0.036051 0.039599
0.34879 0.035709
0.094889 0.040023
0.038081 0.03989
0.042316 0.04047
0.32866 0.037807
0.12984 0.038805
0.39644 0.02604
0.081764 0.038961
0.10885 0.040125
0.07424 0.039315
0.33545 0.036926
0.39692 0.027056
0.29776 0.037788
0.40415 0.022261
0.40351 0.025932
0.39917 0.032065
0.085414 0.039572
0.40581 0.03277
0.30543 0.0386
0.070288 0.038244
0.068586 0.038267
0.42256 0.031537
0.41756 0.0344
0.40049 0.036114
0.4051 0.034893
0.42752 0.038363
0.42723 0.038355
0.4124 0.037672
0.40522 0.03597
0.41331 0.037702
0.44329 0.038125
0.44907 0.021632
0.45816 0.023905
0.47312 0.02066
0.50237 0.021571
0.43082 0.025262
0.47915 0.022785
0.4377 0.030573
0.43769 0.032547
0.47307 0.029285
0.49559 0.021936
0.46786 0.035888
0.4716 0.03675
0.48606 0.028059
0.49129 0.023102
0.46273 0.037277
0.47704 0.0364
0.48322 0.026143
0.48912 0.026177
0.47821 0.036283
0.49913 0.036666
0.50018 0.025339
0.49907 0.030367
0.49894 0.03666
0.49538 0.025748
0.53211 0.021408
0.51972 0.021194
0.58436 0.020347
0.54915 0.022716
0.57035 0.025046
0.50782 0.02152
0.53793 0.031039
0.51832 0.023936
0.51619 0.024656
0.5554 0.029269
0.56223 0.032983
0.51204 0.024845
0.52378 0.028632
0.53062 0.036666
0.55063 0.036234
0.51321 0.02785
0.52424 0.033792
0.52743 0.038511
0.55075 0.038772
0.52327 0.033851
0.5112 0.0295
0.52508 0.038137
0.50784 0.037339
0.50569 0.027556
0.53159 0.039655
0.59851 0.021199
0.5998 0.026613
0.61946 0.029327
0.69437 0.038055
0.60467 0.034955
0.65627 0.04019
0.60583 0.039135
0.57547 0.03403
0.89971 0.039456
0.58458 0.03464
0.58047 0.038563
0.97044 0.035024
0.96957 0.028718
0.57409 0.039794
0.58917 0.039632
0.91566 0.039181
0.63269 0.036649
0.55579 0.03745
0.50778 0.037335
0.64066 0.040683
0.60894 0.03892
0.6289 0.032029
0.96635 0.037964
0.66403 0.039691
0.92373 0.038603
0.96118 0.025212
0.97398 0.025717
0.96631 0.026746
0.96791 0.027421
0.86833 0.038914
0.62257 0.040636
0.6369 0.029502
0.97534 0.026169
0.65752 0.039588
0.97573 0.026209
0.97568 0.026294
0.97555 0.026044
0.63403 0.026524
0.97491 0.025686
0.77901 0.038982
0.9518 0.038876
0.97484 0.025656
0.77101 0.03827
0.96881 0.024664
0.84933 0.039346
0.96741 0.024589
0.96997 0.024744
0.96425 0.024486
0.65567 0.033527
0.95935 0.038595
0.69963 0.038652
0.95482 0.024342
0.95978 0.024376
0.95769 0.024365
0.65591 0.02921
0.93666 0.038982
0.66725 0.035548
0.89581 0.038963
0.9503 0.02449
0.67106 0.040208
0.86618 0.039961
0.72075 0.039124
0.93291 0.02553
0.93086 0.024205
0.9337 0.025591
0.67678 0.039345
0.94156 0.026676
0.67655 0.036562
0.94537 0.027739
0.94409 0.02719
0.94532 0.027712
0.6773 0.036157
0.94955 0.029508
0.69003 0.036698
0.82997 0.038129
0.94877 0.029199
0.95446 0.032924
0.69132 0.034958
0.79659 0.039165
0.6886 0.030284
0.93832 0.035956
0.94918 0.034697
0.9409 0.03646
0.69367 0.029033
0.73997 0.039022
0.69535 0.02342
0.73443 0.038943
0.92548 0.035096
0.92346 0.034814
0.70342 0.027317
0.9201 0.034668
0.71219 0.026512
0.74418 0.038495
0.91791 0.034352
0.91409 0.033776
0.72732 0.037131
0.76016 0.037466
0.72301 0.02434
0.8084 0.037171
0.90864 0.032436
0.91173 0.032731
0.74046 0.0341
0.91097 0.032464
0.75514 0.034138
0.77803 0.037841
0.91117 0.032519
0.91022 0.031974
0.73844 0.026869
0.80663 0.037293
0.74935 0.02568
0.77731 0.035401
0.9057 0.03188
0.76788 0.029708
0.79294 0.039837
0.75892 0.024873
0.79058 0.039132
0.88431 0.037473
0.87505 0.039134
0.77321 0.027293
0.79939 0.035212
0.78121 0.026725
0.82139 0.037463
0.87207 0.039231
0.87338 0.039444
0.78853 0.028903
0.87527 0.039071
0.81327 0.032876
0.8203 0.037346
0.8765 0.038785
0.8837 0.037314
0.81423 0.031261
0.84304 0.035831
0.82058 0.031583
0.83623 0.030429
0.88014 0.035892
0.87677 0.035083
0.8178 0.026437
0.84064 0.032124
0.82674 0.022774
0.85547 0.031084
0.87344 0.033067
0.8734 0.030504
0.84199 0.024722
0.86083 0.028671
0.85006 0.023266
0.87607 0.025068
0.87325 0.0282
0.87359 0.026974
0.86685 0.022439
0.88323 0.023527
0.94859 0.020351
0.94808 0.022173
