348
0.049383 0.021163
0.035076 0.026087
0.093192 0.020634
0.050068 0.026889
0.02655 0.026941
0.050597 0.026919
0.11288 0.021077
0.12116 0.022759
0.14623 0.021703
0.082244 0.029039
0.078908 0.027607
0.082599 0.02926
0.16361 0.024022
0.15063 0.026069
0.16831 0.026487
0.097085 0.028579
0.089153 0.029286
0.095974 0.028538
0.17664 0.028609
0.10023 0.029671
0.18247 0.027751
0.15132 0.039229
0.099031 0.029952
0.093189 0.031109
0.17935 0.030793
0.093221 0.031705
0.20362 0.025462
0.17122 0.035548
0.090947 0.031869
0.097908 0.0318
0.21299 0.027922
0.10731 0.03284
0.22273 0.026423
0.17021 0.036773
0.10722 0.032629
0.10415 0.033125
0.22989 0.024851
0.094513 0.0329
0.24061 0.026779
0.20866 0.034996
0.091735 0.033401
0.24757 0.021783
0.07483 0.032405
0.2535 0.026927
0.22139 0.034711
0.073491 0.031433
0.25419 0.030799
0.076591 0.034194
0.26849 0.023419
0.08893 0.035102
0.086908 0.035666
0.27294 0.027452
0.22727 0.038051
0.27208 0.029464
0.23978 0.040468
0.10717 0.038685
0.28639 0.02905
0.24625 0.041567
0.28975 0.030621
0.10032 0.03575
0.10509 0.037493
0.1017 0.036052
0.29852 0.029638
0.090613 0.035868
0.31638 0.025838
0.085685 0.037334
0.090583 0.035875
0.085582 0.037368
0.30964 0.029864
0.069822 0.030779
0.31159 0.03197
0.22326 0.04061
0.077326 0.037223
0.06169 0.031264
0.33123 0.026906
0.045683 0.036099
0.33645 0.026564
0.17703 0.03754
0.04863 0.035779
0.038022 0.037184
0.3396 0.026499
0.107 0.043988
0.33033 0.038415
0.20455 0.041108
0.033041 0.03574
0.027187 0.032372
0.2861 0.039397
0.12608 0.038797
0.33941 0.035442
0.13663 0.04013
0.024764 0.033393
0.023884 0.038713
0.27994 0.040006
0.049132 0.039535
0.35236 0.027802
0.027135 0.047051
0.025334 0.045182
0.02718 0.047189
0.31465 0.039349
0.037847 0.040474
0.1926 0.038431
0.046915 0.045598
0.027308 0.047492
0.028077 0.049023
0.34878 0.035617
0.028554 0.050411
0.34544 0.040075
0.056769 0.035886
0.02919 0.051245
0.34874 0.039435
0.035711 0.042774
0.35637 0.034382
0.056059 0.037159
0.030254 0.051033
0.3548 0.039646
0.032155 0.050185
0.3242 0.040126
0.077314 0.041109
0.033643 0.049589
0.036586 0.049269
0.30295 0.038967
0.10656 0.044594
0.36825 0.026566
0.058835 0.040634
0.089845 0.04325
0.05316 0.045083
0.31252 0.039643
0.36889 0.027784
0.26773 0.039503
0.39499 0.022519
0.39219 0.026987
0.37156 0.033504
0.063554 0.04201
0.3949 0.032949
0.27191 0.039563
0.0509 0.046769
0.049908 0.047611
0.41545 0.032543
0.41025 0.034761
0.37214 0.039284
0.38634 0.0367
0.41781 0.038524
0.41699 0.039631
0.40381 0.038464
0.38391 0.038775
0.40478 0.039649
0.43742 0.041863
0.44014 0.021971
0.44944 0.02388
0.46474 0.020663
0.49015 0.021479
0.42561 0.025393
0.46973 0.023072
0.43235 0.032673
0.43265 0.034435
0.46425 0.029354
0.48372 0.021952
0.45993 0.036038
0.46332 0.037247
0.47486 0.029502
0.48013 0.023406
0.45456 0.040746
0.46456 0.039431
0.47317 0.027057
0.47817 0.027124
0.465 0.039151
0.47581 0.037349
0.48763 0.025197
0.48377 0.030338
0.47554 0.037588
0.48355 0.025803
0.52265 0.021344
0.51051 0.021169
0.57719 0.020426
0.54303 0.022315
0.56402 0.024948
0.49758 0.021364
0.52892 0.029765
0.50918 0.023828
0.50707 0.024417
0.55024 0.028926
0.55473 0.032299
0.50235 0.024272
0.51429 0.028694
0.51792 0.034806
0.54402 0.034308
0.5037 0.027001
0.51183 0.033103
0.51237 0.037619
0.54327 0.039751
0.5105 0.032931
0.50024 0.028309
0.50837 0.037392
0.4839 0.036662
0.49478 0.026851
0.51742 0.039649
0.58934 0.021253
0.59085 0.026914
0.60949 0.028903
0.69204 0.038935
0.59756 0.034985
0.65597 0.041276
0.599 0.03911
0.5698 0.034428
0.92008 0.041925
0.57668 0.037454
0.57362 0.03982
0.97301 0.042545
0.97328 0.033328
0.56659 0.039911
0.581 0.042075
0.93228 0.046049
0.63358 0.034874
0.54827 0.037371
0.48376 0.036681
0.64276 0.041006
0.60077 0.040744
0.62237 0.028859
0.96828 0.045893
0.66177 0.040624
0.93679 0.04602
0.96766 0.027507
0.97613 0.028908
0.97119 0.030185
0.97218 0.031341
0.86615 0.039126
0.61572 0.035568
0.63179 0.029179
0.97701 0.029612
0.65595 0.038995
0.97726 0.029675
0.97723 0.029808
0.97714 0.029419
0.62896 0.025921
0.97674 0.02886
0.77518 0.040707
0.95614 0.045137
0.97669 0.028814
0.76794 0.040177
0.97282 0.027136
0.84457 0.041027
0.97192 0.027
0.97356 0.027274
0.96981 0.026645
0.65202 0.033275
0.96241 0.045158
0.69612 0.038059
0.96341 0.025775
0.96669 0.026226
0.96536 0.026033
0.65072 0.029189
0.94262 0.046088
0.66319 0.034976
0.91436 0.040588
0.95975 0.025629
0.6691 0.037635
0.86225 0.039546
0.71772 0.038134
0.94468 0.027509
0.94323 0.025928
0.94527 0.027494
0.67898 0.038479
0.95197 0.027675
0.67591 0.035324
0.95541 0.028761
0.95429 0.028122
0.95536 0.028727
0.67647 0.034987
0.959 0.03184
0.68802 0.03682
0.82738 0.040271
0.95827 0.031253
0.96192 0.036786
0.6879 0.035035
0.79654 0.040033
0.68322 0.030758
0.94648 0.039153
0.95679 0.037431
0.94889 0.038579
0.68679 0.029162
0.74293 0.039827
0.68856 0.023485
0.73744 0.038903
0.93859 0.041493
0.9377 0.040739
0.69712 0.026584
0.93573 0.039701
0.70713 0.026101
0.74486 0.03864
0.93441 0.038763
0.93236 0.037355
0.72693 0.034077
0.75251 0.039974
0.71832 0.023771
0.80637 0.040599
0.92816 0.035522
0.93067 0.035832
0.73995 0.032667
0.9301 0.035472
0.7495 0.034369
0.77472 0.037605
0.93025 0.03556
0.92947 0.034987
0.738 0.026256
0.80541 0.040293
0.74763 0.0261
0.77437 0.035388
0.9255 0.034046
0.76553 0.030338
0.79258 0.037937
0.75717 0.024972
0.78943 0.036867
0.90016 0.040119
0.88811 0.038481
0.77103 0.028114
0.7983 0.035703
0.77826 0.026894
0.81815 0.039865
0.87909 0.037941
0.88441 0.03749
0.78572 0.028512
0.88862 0.037918
0.80881 0.033949
0.8161 0.038752
0.89098 0.038226
0.90047 0.037536
0.80965 0.032572
0.83838 0.033902
0.81611 0.03303
0.83041 0.031411
0.89877 0.035846
0.89603 0.034711
0.81337 0.027707
0.83557 0.031011
0.82119 0.023128
0.84992 0.030115
0.89293 0.032444
0.8953 0.030425
0.83574 0.024292
0.85465 0.028083
0.84437 0.02324
0.89999 0.025235
0.89621 0.028217
0.89701 0.027026
0.86803 0.022394
0.90506 0.023997
0.95825 0.020427
0.95781 0.022612
