348
0.071916 0.02069
0.048384 0.023554
0.13285 0.020549
0.073078 0.024077
0.032557 0.023619
0.073978 0.024086
0.15697 0.020951
0.16503 0.022843
0.18985 0.021817
0.12025 0.027388
0.11542 0.026021
0.1207 0.027591
0.20509 0.024717
0.19379 0.026899
0.20918 0.027437
0.13744 0.027251
0.12829 0.027862
0.1359 0.027267
0.2158 0.030401
0.14096 0.027921
0.22119 0.029214
0.19653 0.039265
0.13964 0.028246
0.13289 0.029639
0.21799 0.032971
0.13305 0.030161
0.24053 0.02559
0.211 0.037796
0.13062 0.030411
0.13844 0.02991
0.24943 0.028595
0.14986 0.031174
0.25807 0.026738
0.21028 0.037979
0.14969 0.030979
0.14546 0.030498
0.26511 0.024581
0.13465 0.031035
0.27695 0.026311
0.24583 0.036033
0.13179 0.031899
0.28426 0.021748
0.11093 0.029711
0.2904 0.02659
0.26018 0.035612
0.10919 0.028704
0.29201 0.030644
0.11303 0.031208
0.30377 0.023785
0.12864 0.032772
0.12584 0.032989
0.30785 0.02778
0.26774 0.037211
0.30749 0.030053
0.28078 0.038537
0.1508 0.036618
0.32465 0.028199
0.28764 0.039275
0.32907 0.030492
0.14157 0.033001
0.14718 0.034305
0.14304 0.033091
0.3362 0.031345
0.13091 0.034034
0.35339 0.025095
0.12446 0.034442
0.13088 0.034031
0.12435 0.034474
0.3447 0.029896
0.10436 0.028136
0.34695 0.031835
0.26365 0.037801
0.11387 0.033707
0.093218 0.027333
0.37106 0.025795
0.066722 0.029857
0.37656 0.025847
0.21465 0.038431
0.071891 0.029527
0.053611 0.030423
0.37954 0.025944
0.15135 0.038281
0.36855 0.035891
0.24082 0.03781
0.045862 0.029064
0.034239 0.026516
0.33086 0.038024
0.16698 0.039195
0.37816 0.034456
0.1744 0.038754
0.029491 0.026986
0.027763 0.029588
0.32547 0.037163
0.072914 0.031859
0.39343 0.027701
0.03306 0.03377
0.030046 0.032614
0.033119 0.03385
0.35234 0.036582
0.052552 0.032249
0.22633 0.038879
0.069316 0.035483
0.033295 0.034032
0.034328 0.035012
0.39005 0.034808
0.034836 0.035873
0.38659 0.035973
0.086181 0.030076
0.035675 0.036397
0.39099 0.036391
0.048194 0.033427
0.4001 0.035083
0.08512 0.030872
0.037315 0.036561
0.40002 0.036754
0.039904 0.036663
0.3612 0.036213
0.1139 0.036204
0.04284 0.036714
0.048546 0.037024
0.34059 0.037424
0.1507 0.03823
0.40783 0.026186
0.091276 0.033467
0.13054 0.038326
0.081341 0.034697
0.3488 0.037236
0.40824 0.027205
0.30856 0.038933
0.4158 0.022298
0.41512 0.026072
0.41004 0.032149
0.098221 0.034324
0.4177 0.032402
0.31493 0.037507
0.077475 0.035147
0.075919 0.035215
0.43453 0.031177
0.42974 0.033738
0.41152 0.036063
0.41703 0.03451
0.44146 0.036869
0.44113 0.036963
0.42513 0.036858
0.41723 0.035458
0.42597 0.036894
0.46026 0.039187
0.46065 0.021809
0.46929 0.024119
0.48391 0.020653
0.50892 0.021822
0.44316 0.024968
0.48951 0.02297
0.45121 0.030865
0.45209 0.032724
0.48416 0.029173
0.50342 0.022285
0.48211 0.03587
0.48656 0.036372
0.49619 0.029524
0.50018 0.023724
0.47735 0.038131
0.49087 0.037485
0.49341 0.027052
0.49838 0.027398
0.49158 0.037466
0.50426 0.039482
0.50706 0.026294
0.50575 0.032283
0.50413 0.039541
0.50326 0.026784
0.53648 0.021435
0.52484 0.0213
0.59201 0.020286
0.55406 0.022743
0.57402 0.024469
0.51415 0.021711
0.54237 0.031051
0.5235 0.024322
0.52165 0.025106
0.56025 0.029831
0.5658 0.033303
0.5178 0.025302
0.52857 0.029284
0.53379 0.036347
0.55655 0.036337
0.51894 0.028547
0.52749 0.034582
0.5294 0.039143
0.55703 0.039292
0.52651 0.034628
0.51669 0.030455
0.52693 0.039466
0.51074 0.03955
0.51219 0.028602
0.53456 0.040026
0.60743 0.021112
0.60886 0.026119
0.6289 0.029767
0.70529 0.040012
0.61555 0.034157
0.66703 0.038418
0.61771 0.038448
0.57956 0.031512
0.90622 0.040717
0.59227 0.031926
0.587 0.034625
0.97049 0.036919
0.97078 0.029818
0.57704 0.036584
0.59955 0.036564
0.91982 0.039931
0.64447 0.038419
0.56125 0.037962
0.51068 0.039561
0.6514 0.040831
0.61955 0.038966
0.63841 0.032831
0.96521 0.039792
0.67438 0.035824
0.92735 0.038272
0.96337 0.025587
0.97468 0.026472
0.96791 0.027481
0.96932 0.028318
0.8713 0.037283
0.6338 0.04046
0.64544 0.030805
0.97589 0.026983
0.66777 0.036722
0.97623 0.027029
0.97619 0.027125
0.97607 0.026843
0.64325 0.027522
0.97551 0.026437
0.79325 0.039613
0.95179 0.040566
0.97545 0.026403
0.78402 0.03955
0.97012 0.025253
0.85355 0.039839
0.96888 0.025126
0.97114 0.025359
0.96609 0.024907
0.6642 0.032509
0.95774 0.04008
0.70888 0.040411
0.95725 0.024454
0.96203 0.024646
0.96014 0.024568
0.66326 0.028609
0.93958 0.039551
0.6779 0.032115
0.90064 0.040065
0.95266 0.024488
0.68506 0.036421
0.86845 0.038466
0.72985 0.037645
0.93536 0.025627
0.93335 0.024338
0.93614 0.025682
0.69269 0.038235
0.94373 0.0267
0.69159 0.035347
0.94765 0.02772
0.94636 0.027188
0.9476 0.027694
0.6921 0.03515
0.95198 0.029561
0.70242 0.039067
0.83557 0.03929
0.95113 0.029267
0.95582 0.033108
0.70298 0.036981
0.80907 0.039596
0.70029 0.031858
0.94108 0.035776
0.95051 0.03477
0.94294 0.036214
0.70425 0.030188
0.74756 0.037959
0.70565 0.023821
0.74145 0.038094
0.92873 0.034975
0.92677 0.034779
0.71275 0.027132
0.92374 0.034901
0.72328 0.025641
0.75196 0.037308
0.92144 0.034835
0.91792 0.034686
0.73681 0.036875
0.77035 0.039322
0.73521 0.024233
0.81718 0.04084
0.91289 0.033791
0.91563 0.033886
0.75153 0.03185
0.91492 0.033624
0.76709 0.035438
0.79166 0.037987
0.91511 0.033689
0.91418 0.033222
0.75164 0.02586
0.81638 0.040509
0.76409 0.02637
0.78996 0.035658
0.91016 0.03301
0.77893 0.031061
0.80574 0.039384
0.77088 0.026007
0.80325 0.038686
0.88704 0.039405
0.8771 0.039528
0.78323 0.027806
0.81055 0.036105
0.79155 0.026736
0.82613 0.039879
0.87471 0.038205
0.87562 0.039424
0.79873 0.028931
0.87734 0.039409
0.82066 0.034914
0.82504 0.039582
0.87868 0.039196
0.88647 0.038863
0.82179 0.033084
0.84948 0.035425
0.82687 0.032913
0.84225 0.030662
0.88351 0.036606
0.88091 0.035218
0.82514 0.027461
0.8469 0.032192
0.83331 0.023039
0.86099 0.031414
0.87872 0.032787
0.87963 0.03035
0.84811 0.024793
0.86613 0.02862
0.856 0.02338
0.88247 0.025157
0.87973 0.028076
0.88009 0.026895
0.87268 0.022302
0.88899 0.02387
0.95092 0.020354
0.95041 0.022188
