348
0.027716 0.024158
0.02726 0.042516
0.03828 0.022582
0.033673 0.042517
0.02322 0.042516
0.03391 0.042517
0.04267 0.024795
0.0479 0.031761
0.051772 0.024067
0.053391 0.042521
0.047454 0.042519
0.054637 0.042522
0.063715 0.023884
0.061318 0.031204
0.070994 0.024905
0.073298 0.042533
0.067523 0.042529
0.072484 0.042533
0.085883 0.026563
0.085098 0.042544
0.092844 0.026418
0.0967 0.034754
0.087239 0.042546
0.096019 0.042558
0.10277 0.028584
0.10841 0.042577
0.11292 0.024927
0.11702 0.031467
0.10233 0.042568
0.11388 0.04259
0.12793 0.026849
0.1276 0.042627
0.13565 0.0259
0.13834 0.034668
0.12377 0.042617
0.13396 0.042648
0.14182 0.024473
0.14271 0.042678
0.15507 0.025534
0.15451 0.032737
0.1468 0.042693
0.16351 0.021257
0.16731 0.042838
0.17269 0.02492
0.17054 0.032248
0.17328 0.042904
0.18621 0.027201
0.18674 0.043086
0.19226 0.023044
0.19455 0.043195
0.19375 0.043183
0.20667 0.026827
0.20061 0.034784
0.21508 0.028691
0.21168 0.034928
0.20647 0.043365
0.22141 0.026851
0.22307 0.034823
0.23207 0.027857
0.23176 0.04443
0.22365 0.044017
0.22988 0.044312
0.24224 0.027646
0.24202 0.045089
0.24903 0.024379
0.24805 0.045514
0.24205 0.045091
0.24817 0.045524
0.25604 0.028026
0.26057 0.046818
0.26614 0.0296
0.26761 0.036365
0.2559 0.046311
0.26471 0.047305
0.27157 0.02375
0.27639 0.049599
0.28217 0.023396
0.27996 0.037911
0.27453 0.049194
0.28378 0.051409
0.28919 0.023385
0.29224 0.043195
0.29348 0.030003
0.2969 0.039098
0.28783 0.052719
0.29774 0.057863
0.29931 0.03525
0.30296 0.044448
0.30531 0.02783
0.30672 0.045188
0.3032 0.063856
0.30598 0.06784
0.31125 0.038533
0.3103 0.054325
0.31406 0.024567
0.3117 0.078133
0.30896 0.073431
0.312 0.07864
0.31899 0.038883
0.31801 0.064942
0.3226 0.048174
0.32136 0.063494
0.31282 0.080078
0.31594 0.088022
0.3234 0.029845
0.31703 0.09504
0.32736 0.036426
0.32752 0.066782
0.31924 0.10463
0.32856 0.035892
0.32662 0.083559
0.33067 0.029402
0.3308 0.071814
0.32163 0.11039
0.33432 0.039938
0.32389 0.11325
0.33662 0.050088
0.33517 0.074672
0.32527 0.11399
0.32798 0.11224
0.33827 0.053049
0.33751 0.069994
0.34035 0.024927
0.33623 0.084238
0.33849 0.077288
0.33749 0.099688
0.35257 0.070949
0.34381 0.026233
0.34267 0.060952
0.36361 0.022946
0.36283 0.028456
0.35391 0.034749
0.33976 0.090552
0.36641 0.036149
0.34727 0.066837
0.33694 0.099587
0.33688 0.10027
0.38126 0.033511
0.37725 0.037198
0.36004 0.054976
0.36405 0.055805
0.38345 0.038452
0.38504 0.03933
0.37911 0.045411
0.3954 0.042027
0.4061 0.041692
0.41089 0.04181
0.41396 0.021286
0.43185 0.022235
0.46134 0.020587
0.49012 0.023712
0.39108 0.024014
0.47015 0.023782
0.40505 0.027318
0.40544 0.028525
0.45808 0.026686
0.48763 0.029658
0.43522 0.032042
0.44517 0.032879
0.4641 0.030522
0.48658 0.033623
0.43044 0.035594
0.4563 0.038895
0.47333 0.035241
0.48271 0.039745
0.45794 0.040544
0.42948 0.043013
0.4889 0.040516
0.47409 0.046573
0.4547 0.045319
0.48728 0.046874
0.53619 0.020977
0.52426 0.022191
0.62254 0.020375
0.57338 0.021523
0.6027 0.023437
0.50915 0.026738
0.55356 0.025746
0.5234 0.027497
0.52134 0.02943
0.57809 0.025961
0.58028 0.027885
0.51557 0.03252
0.52754 0.034312
0.55664 0.029597
0.57829 0.030971
0.51819 0.036274
0.53098 0.039004
0.56726 0.034836
0.56257 0.037429
0.52872 0.041959
0.5134 0.04492
0.54658 0.039665
0.56459 0.042786
0.50845 0.047538
0.55028 0.043646
0.63458 0.021054
0.63677 0.025643
0.65381 0.030523
0.65604 0.057209
0.64211 0.032924
0.65395 0.049922
0.63306 0.039076
0.60365 0.02943
0.65616 0.080879
0.60929 0.032217
0.60019 0.03312
0.6626 0.095633
0.66352 0.098694
0.59035 0.03309
0.59645 0.037236
0.65471 0.084183
0.64419 0.065444
0.58684 0.03868
0.57246 0.042496
0.62757 0.051589
0.60495 0.042899
0.65947 0.033763
0.66415 0.087462
0.6611 0.043178
0.6631 0.072809
0.66877 0.097571
0.67796 0.11206
0.6648 0.099745
0.66418 0.099598
0.65236 0.079841
0.64291 0.063763
0.66327 0.033222
0.68067 0.11455
0.66525 0.038516
0.68276 0.1146
0.68162 0.11497
0.68339 0.11397
0.66812 0.027102
0.6844 0.11176
0.66879 0.051645
0.67054 0.07111
0.68444 0.11156
0.67141 0.049187
0.68396 0.10011
0.67313 0.052315
0.68404 0.098081
0.68397 0.10187
0.68424 0.09332
0.67801 0.031354
0.67686 0.065927
0.68021 0.038306
0.68701 0.080022
0.6851 0.086727
0.68588 0.083772
0.68583 0.026851
0.6829 0.054851
0.68794 0.031283
0.68786 0.049537
0.68852 0.075575
0.69153 0.031849
0.69403 0.04299
0.69652 0.034931
0.69844 0.059969
0.69214 0.066773
0.69876 0.059733
0.7054 0.031625
0.70187 0.057668
0.71259 0.029064
0.70719 0.055024
0.70467 0.056193
0.70706 0.055081
0.71485 0.028789
0.71496 0.051839
0.72341 0.030562
0.72464 0.037689
0.71383 0.05226
0.72545 0.048898
0.73022 0.029196
0.7344 0.036242
0.73862 0.026213
0.74009 0.046408
0.73205 0.047461
0.7381 0.046629
0.74648 0.025603
0.74933 0.033992
0.75566 0.022238
0.75765 0.033356
0.75273 0.045113
0.75958 0.044745
0.76577 0.024992
0.76604 0.044421
0.77738 0.025066
0.77837 0.033115
0.77028 0.044213
0.77778 0.043912
0.78376 0.028759
0.78886 0.033169
0.79329 0.022657
0.79749 0.035532
0.78835 0.043512
0.79901 0.043282
0.80444 0.02839
0.804 0.043199
0.81432 0.028849
0.81483 0.032639
0.80259 0.043223
0.81363 0.043052
0.82448 0.024493
0.82659 0.035069
0.83749 0.024239
0.83251 0.031745
0.8219 0.042947
0.84839 0.02835
0.8489 0.033992
0.85271 0.023514
0.85924 0.032058
0.84454 0.04274
0.85311 0.042689
0.86272 0.026538
0.86503 0.032718
0.87618 0.025086
0.87685 0.03395
0.86605 0.042638
0.87794 0.042605
0.88552 0.025577
0.88125 0.042598
0.89594 0.028961
0.89339 0.031205
0.88234 0.042595
0.89205 0.042575
0.90641 0.027951
0.90642 0.034189
0.91616 0.028657
0.91614 0.031785
0.90531 0.042552
0.91494 0.04254
0.92812 0.025522
0.92126 0.031834
0.93834 0.023457
0.93708 0.033257
0.92626 0.042531
0.93445 0.042526
0.94807 0.02674
0.9426 0.033793
0.95362 0.02548
0.9588 0.042517
0.94809 0.04252
0.95284 0.042518
0.96353 0.028475
0.96253 0.042517
0.97784 0.024429
0.975 0.042516
