348
0.063968 0.020893
0.045422 0.024311
0.11253 0.020603
0.064916 0.025276
0.031658 0.023961
0.06565 0.025289
0.13406 0.020854
0.14504 0.022143
0.17509 0.021643
0.10064 0.028516
0.096679 0.027369
0.10104 0.028705
0.19063 0.02468
0.17959 0.026624
0.1949 0.02742
0.11646 0.028151
0.10818 0.02866
0.11512 0.028103
0.20169 0.029893
0.11969 0.029045
0.20734 0.029105
0.18551 0.038186
0.11847 0.029385
0.11258 0.030598
0.20381 0.032487
0.11269 0.031193
0.22672 0.026023
0.19833 0.038164
0.11037 0.031348
0.1172 0.031226
0.23449 0.029728
0.1269 0.032046
0.2423 0.027849
0.19759 0.038417
0.12679 0.031848
0.12319 0.031825
0.24764 0.02517
0.11397 0.032274
0.25925 0.025962
0.2301 0.037727
0.11132 0.033078
0.26745 0.021643
0.09348 0.032504
0.27397 0.026406
0.24319 0.038288
0.092027 0.031381
0.27582 0.030288
0.094876 0.034228
0.28778 0.023406
0.10811 0.034182
0.1053 0.034686
0.29274 0.026723
0.24915 0.039225
0.29251 0.028723
0.26372 0.037485
0.12671 0.038053
0.31144 0.027372
0.27198 0.038779
0.31682 0.029753
0.11954 0.034964
0.124 0.036001
0.12072 0.034986
0.3254 0.030455
0.11024 0.035417
0.34176 0.025593
0.10373 0.036305
0.11021 0.035411
0.10362 0.036343
0.33406 0.029846
0.088309 0.0309
0.33709 0.032211
0.24541 0.040195
0.095296 0.037447
0.080286 0.029947
0.35661 0.026734
0.059491 0.032698
0.36132 0.027119
0.20159 0.038108
0.064048 0.032324
0.049244 0.033241
0.36403 0.027144
0.12688 0.038993
0.35531 0.0387
0.22594 0.039616
0.043299 0.030784
0.033219 0.027211
0.32152 0.036944
0.14936 0.033589
0.36289 0.037645
0.16077 0.035842
0.028811 0.027528
0.027185 0.030327
0.31472 0.03583
0.065086 0.035335
0.37519 0.029884
0.031451 0.035102
0.028952 0.033605
0.031491 0.035196
0.3437 0.038458
0.047955 0.035492
0.21243 0.039229
0.061478 0.040021
0.031616 0.035415
0.032354 0.036598
0.3719 0.038619
0.032647 0.037601
0.36925 0.039828
0.075841 0.033591
0.033257 0.038182
0.37262 0.040451
0.044098 0.036229
0.38066 0.038795
0.075268 0.034627
0.03459 0.03852
0.38054 0.040131
0.036675 0.038937
0.35049 0.039115
0.095164 0.040723
0.03895 0.03934
0.043435 0.040252
0.3333 0.037162
0.12631 0.038914
0.38682 0.02773
0.081438 0.038651
0.1094 0.040001
0.073262 0.039578
0.34093 0.038234
0.38717 0.029011
0.29492 0.035757
0.39315 0.02276
0.39259 0.027279
0.38881 0.03522
0.085751 0.03976
0.3944 0.035205
0.30276 0.035746
0.069799 0.039506
0.068352 0.039607
0.40895 0.033105
0.40432 0.036465
0.38996 0.040126
0.39377 0.0379
0.41427 0.039291
0.41392 0.039412
0.39974 0.040219
0.39386 0.039151
0.40051 0.040231
0.4331 0.039167
0.43389 0.021799
0.44217 0.024369
0.45556 0.020728
0.48137 0.02155
0.41642 0.025459
0.46073 0.023174
0.42388 0.030964
0.42469 0.032894
0.45581 0.030227
0.47483 0.022062
0.45409 0.037634
0.45785 0.038306
0.46689 0.029285
0.47111 0.023483
0.44979 0.039121
0.46161 0.038651
0.46419 0.027166
0.46919 0.027031
0.46227 0.038535
0.47624 0.037367
0.47917 0.025435
0.47768 0.030751
0.47608 0.037421
0.47465 0.026134
0.51483 0.0211
0.50035 0.02107
0.57442 0.020332
0.53887 0.022289
0.55945 0.024897
0.48749 0.021426
0.52266 0.028089
0.49877 0.023537
0.49657 0.02418
0.54557 0.029031
0.55141 0.033178
0.49196 0.024418
0.50509 0.027572
0.51227 0.032989
0.54179 0.034315
0.49333 0.027105
0.5044 0.032005
0.50744 0.035706
0.54243 0.037064
0.50316 0.032082
0.49079 0.028712
0.50431 0.035965
0.48469 0.036437
0.48504 0.027212
0.51332 0.03571
0.58931 0.021106
0.59078 0.026103
0.60988 0.02982
0.68969 0.038227
0.5972 0.034956
0.65018 0.038115
0.59942 0.039561
0.56466 0.033236
0.90242 0.039721
0.57431 0.034005
0.56969 0.037801
0.97012 0.03563
0.96997 0.029051
0.56241 0.038865
0.57917 0.038592
0.91608 0.039274
0.62514 0.034496
0.54687 0.036951
0.48462 0.036448
0.6336 0.037853
0.60123 0.03989
0.61924 0.031075
0.96537 0.038749
0.65965 0.037587
0.92339 0.037379
0.96191 0.025278
0.97421 0.025951
0.96685 0.026942
0.96839 0.027676
0.86588 0.035652
0.61269 0.039685
0.62906 0.028226
0.97553 0.026422
0.65162 0.037072
0.9759 0.026464
0.97585 0.026552
0.97573 0.026292
0.62605 0.025835
0.97512 0.025919
0.77387 0.038979
0.95062 0.039322
0.97505 0.025888
0.76398 0.038316
0.96925 0.02484
0.84552 0.036445
0.96791 0.024739
0.97036 0.02493
0.96487 0.024586
0.64958 0.032249
0.95769 0.039348
0.69472 0.039099
0.9555 0.024309
0.9605 0.024412
0.95847 0.024371
0.64986 0.028393
0.93623 0.038305
0.66356 0.034102
0.8971 0.038805
0.95088 0.024413
0.6682 0.039266
0.86315 0.036548
0.71372 0.039827
0.93299 0.025214
0.93077 0.023982
0.93385 0.025284
0.67415 0.03967
0.94189 0.026451
0.67358 0.036898
0.94584 0.027566
0.94453 0.027004
0.94579 0.027539
0.67429 0.036482
0.95016 0.029358
0.68535 0.037373
0.82391 0.037287
0.94933 0.029055
0.95446 0.032828
0.68656 0.035497
0.79187 0.037329
0.68367 0.030788
0.93817 0.035074
0.94899 0.034484
0.94048 0.035642
0.68879 0.029284
0.73146 0.039227
0.69054 0.023464
0.72606 0.038668
0.92519 0.034097
0.92304 0.034026
0.69856 0.027179
0.91968 0.034298
0.70772 0.026596
0.73498 0.039724
0.91757 0.0343
0.91403 0.034299
0.71965 0.037476
0.74985 0.038978
0.71801 0.024425
0.80379 0.038173
0.90895 0.033402
0.91175 0.033601
0.73406 0.033618
0.91103 0.03337
0.74723 0.035415
0.77288 0.037755
0.91122 0.033429
0.91028 0.032932
0.73377 0.026714
0.80241 0.037595
0.74472 0.026388
0.77183 0.035604
0.90621 0.032283
0.76093 0.030023
0.78773 0.037978
0.7523 0.02548
0.78494 0.037394
0.88327 0.037849
0.87257 0.037867
0.76609 0.027305
0.79461 0.03388
0.77426 0.026661
0.81369 0.038154
0.86979 0.036968
0.87098 0.037819
0.78139 0.028682
0.87283 0.037834
0.80765 0.033628
0.81265 0.03811
0.87425 0.037778
0.88262 0.037535
0.80866 0.031927
0.83902 0.033707
0.8138 0.031915
0.83053 0.029415
0.87918 0.035447
0.87555 0.034133
0.81171 0.0268
0.83557 0.030682
0.82016 0.02281
0.85237 0.029633
0.8727 0.031812
0.87319 0.029509
0.83661 0.024177
0.85831 0.027465
0.84622 0.022831
0.87625 0.024731
0.87319 0.027412
0.87356 0.026328
0.8656 0.022046
0.88341 0.023546
0.94913 0.020346
0.94861 0.022136
