348
0.077695 0.0207
0.053201 0.023206
0.13286 0.020553
0.078957 0.024142
0.035085 0.023057
0.079933 0.024156
0.15676 0.020931
0.16566 0.022678
0.18974 0.02177
0.1206 0.028061
0.11649 0.026807
0.12102 0.028259
0.20548 0.024664
0.19427 0.026845
0.20972 0.027375
0.13742 0.027351
0.12843 0.028094
0.13577 0.027354
0.21635 0.02977
0.14128 0.028058
0.22228 0.028918
0.19839 0.038267
0.13988 0.02839
0.13287 0.029715
0.21809 0.032315
0.13291 0.030259
0.24254 0.025648
0.21151 0.038126
0.13052 0.030498
0.13835 0.030085
0.2508 0.02915
0.14994 0.031444
0.25905 0.02738
0.21077 0.038353
0.14976 0.031221
0.14553 0.03056
0.26478 0.02482
0.13418 0.031203
0.27725 0.025774
0.24514 0.036598
0.13131 0.03206
0.28542 0.021665
0.11275 0.031312
0.29181 0.026758
0.25935 0.037202
0.11125 0.030193
0.29343 0.030971
0.11408 0.032993
0.30432 0.023825
0.12792 0.033281
0.12491 0.034073
0.30872 0.027647
0.26604 0.037985
0.3085 0.029918
0.2815 0.037309
0.15146 0.037505
0.32481 0.028641
0.28921 0.039472
0.32922 0.031409
0.14148 0.033308
0.14735 0.034539
0.14296 0.033295
0.33652 0.032246
0.12998 0.034307
0.35088 0.025856
0.12306 0.035694
0.12994 0.034303
0.12294 0.035725
0.34407 0.031029
0.10709 0.029582
0.34608 0.033413
0.26174 0.038944
0.11412 0.035976
0.097766 0.028447
0.36633 0.026694
0.071753 0.029784
0.37104 0.027186
0.21471 0.038003
0.077803 0.029656
0.058363 0.029936
0.37365 0.027179
0.15198 0.038407
0.36395 0.038328
0.2403 0.038443
0.050202 0.028038
0.037106 0.025539
0.33217 0.03985
0.16921 0.037589
0.37211 0.03783
0.177 0.039955
0.031401 0.025819
0.029321 0.027981
0.32663 0.038567
0.079165 0.032044
0.38488 0.029431
0.034788 0.031689
0.031579 0.030516
0.034838 0.031761
0.35033 0.039489
0.056526 0.031593
0.22587 0.03857
0.07437 0.035569
0.034996 0.031929
0.035925 0.032826
0.3806 0.03833
0.036286 0.033596
0.37771 0.039881
0.092481 0.031366
0.037056 0.034026
0.38123 0.040002
0.051134 0.032122
0.39032 0.037332
0.09171 0.032213
0.03875 0.034238
0.39012 0.038562
0.041388 0.03448
0.35829 0.038798
0.11354 0.038922
0.044254 0.0347
0.050078 0.035183
0.34192 0.039616
0.15119 0.038111
0.39761 0.027253
0.098161 0.035965
0.12862 0.03865
0.088983 0.036211
0.34772 0.039732
0.39801 0.028466
0.30955 0.038043
0.40421 0.022663
0.40366 0.027004
0.39994 0.034371
0.1029 0.037212
0.40563 0.034762
0.31638 0.038394
0.084903 0.035574
0.08316 0.035477
0.42059 0.033195
0.41598 0.036274
0.40128 0.039092
0.40508 0.037314
0.4257 0.040772
0.42541 0.040808
0.41131 0.039972
0.4052 0.038529
0.41214 0.039984
0.43938 0.040225
0.44331 0.021839
0.45176 0.024339
0.4649 0.020778
0.48903 0.021717
0.42759 0.025963
0.46972 0.023353
0.4337 0.032117
0.43399 0.034287
0.46508 0.030947
0.48316 0.022204
0.46255 0.038605
0.46631 0.039644
0.47524 0.029897
0.47963 0.023725
0.45793 0.039468
0.47006 0.039682
0.47281 0.027573
0.47777 0.027523
0.4707 0.039548
0.48563 0.038505
0.48706 0.025928
0.48603 0.031582
0.48548 0.038525
0.483 0.026556
0.51891 0.021323
0.50591 0.021182
0.57288 0.020338
0.53731 0.022663
0.55781 0.024828
0.49448 0.021606
0.52517 0.030293
0.50447 0.023907
0.50253 0.024636
0.54367 0.029616
0.54944 0.033165
0.49853 0.024945
0.51024 0.02852
0.51825 0.035518
0.53946 0.036258
0.4997 0.027931
0.51081 0.033571
0.51482 0.038093
0.5399 0.039168
0.50967 0.033647
0.4977 0.029765
0.5119 0.03798
0.49347 0.038432
0.4923 0.028119
0.51981 0.038789
0.58723 0.021155
0.58867 0.026393
0.60813 0.029452
0.69748 0.037008
0.595 0.034877
0.65087 0.035709
0.59729 0.039379
0.56332 0.033087
0.90153 0.039187
0.57293 0.034286
0.5685 0.037579
0.97012 0.035629
0.96997 0.02905
0.56126 0.038452
0.57777 0.039147
0.9155 0.038873
0.62358 0.034657
0.54449 0.038007
0.49341 0.03844
0.63232 0.03764
0.59957 0.039529
0.61781 0.031128
0.96537 0.038721
0.66156 0.035175
0.92296 0.037044
0.96191 0.025264
0.97421 0.025951
0.96685 0.026935
0.96838 0.027672
0.86395 0.035426
0.61206 0.03923
0.62719 0.028273
0.97553 0.026421
0.65241 0.035051
0.97589 0.026463
0.97585 0.026552
0.97573 0.026292
0.62418 0.025869
0.97511 0.025918
0.77898 0.040959
0.95056 0.039206
0.97505 0.025888
0.77061 0.040536
0.96925 0.024838
0.84361 0.036648
0.96791 0.024736
0.97036 0.02493
0.96487 0.024579
0.64952 0.030627
0.95767 0.039273
0.7036 0.038084
0.95547 0.024289
0.9605 0.024399
0.95845 0.024355
0.6494 0.027273
0.93603 0.038043
0.6654 0.032041
0.89605 0.03823
0.95082 0.024387
0.67181 0.03627
0.86118 0.036339
0.72511 0.039095
0.93274 0.025129
0.93047 0.023912
0.93361 0.025201
0.67923 0.036481
0.94177 0.026381
0.67816 0.034054
0.94575 0.027501
0.94443 0.026938
0.9457 0.027474
0.679 0.033828
0.95009 0.029301
0.69257 0.035698
0.82348 0.038026
0.94927 0.028995
0.95443 0.032766
0.69347 0.034052
0.79285 0.040845
0.68963 0.029656
0.93801 0.034875
0.94892 0.034386
0.94036 0.035458
0.69458 0.02848
0.74348 0.040164
0.69642 0.023207
0.73737 0.039097
0.92479 0.03383
0.92261 0.033755
0.70512 0.026813
0.91918 0.034012
0.71456 0.026309
0.74717 0.040735
0.91702 0.034007
0.91341 0.033996
0.73058 0.03744
0.75985 0.041035
0.72535 0.024399
0.80234 0.039943
0.90821 0.033098
0.91108 0.033306
0.74329 0.034588
0.91034 0.033079
0.75579 0.037089
0.77794 0.039513
0.91053 0.033136
0.90957 0.032649
0.74086 0.027091
0.80097 0.039566
0.75076 0.026865
0.77664 0.036914
0.9054 0.031981
0.76576 0.031098
0.78993 0.0414
0.75797 0.02598
0.78793 0.040541
0.88171 0.037334
0.87078 0.037506
0.7703 0.028139
0.79494 0.036496
0.77773 0.027326
0.81313 0.038655
0.86794 0.036679
0.86916 0.037493
0.78441 0.029964
0.87104 0.037469
0.8067 0.034407
0.81199 0.038589
0.8725 0.037394
0.88105 0.037038
0.80777 0.032487
0.83725 0.034133
0.81297 0.032238
0.82898 0.029882
0.87752 0.035052
0.87382 0.033813
0.81084 0.026957
0.83384 0.031121
0.81914 0.02291
0.85032 0.02958
0.8709 0.031572
0.8714 0.029312
0.83478 0.024336
0.8563 0.027395
0.84413 0.02286
0.87453 0.024622
0.8714 0.027258
0.87179 0.026195
0.86366 0.022017
0.88186 0.023443
0.94906 0.020343
0.94854 0.022121
