348
0.070573 0.020706
0.047642 0.023656
0.13037 0.020555
0.071709 0.024172
0.032238 0.023714
0.072589 0.024182
0.15424 0.020962
0.16221 0.02288
0.18677 0.021826
0.11791 0.027493
0.11316 0.026114
0.11836 0.027697
0.20196 0.024718
0.19069 0.02692
0.20607 0.027431
0.13491 0.027329
0.12587 0.027955
0.13338 0.027346
0.21269 0.030375
0.1384 0.028005
0.21809 0.029178
0.19342 0.03931
0.13709 0.028334
0.13041 0.029744
0.21488 0.032931
0.13057 0.030272
0.23755 0.025551
0.20788 0.037773
0.12817 0.030528
0.1359 0.030016
0.24652 0.02853
0.1472 0.031288
0.25523 0.026684
0.20716 0.037959
0.14703 0.031091
0.14284 0.030608
0.26233 0.024543
0.13216 0.031155
0.27427 0.026263
0.2429 0.035914
0.12932 0.03203
0.28163 0.021737
0.10875 0.029874
0.2878 0.026554
0.25735 0.035486
0.10703 0.028856
0.28942 0.03059
0.11081 0.031389
0.30123 0.023779
0.12621 0.032922
0.12344 0.033152
0.30531 0.027779
0.26498 0.037068
0.30495 0.03005
0.27813 0.038408
0.14813 0.036788
0.32206 0.028248
0.28503 0.039162
0.32645 0.030573
0.139 0.033138
0.14455 0.034453
0.14046 0.033228
0.33352 0.031464
0.12846 0.03419
0.35046 0.025182
0.12207 0.034629
0.12842 0.034188
0.12197 0.034662
0.34192 0.030034
0.10229 0.028292
0.34413 0.03201
0.26085 0.037655
0.11164 0.033925
0.091382 0.027503
0.3678 0.025919
0.065498 0.030097
0.37319 0.025974
0.21154 0.038391
0.070549 0.02975
0.052722 0.030715
0.3761 0.026074
0.14868 0.038469
0.36535 0.036221
0.23785 0.037683
0.045191 0.02932
0.033878 0.026689
0.32822 0.038175
0.16412 0.039453
0.37476 0.034772
0.17144 0.038994
0.02925 0.027168
0.027566 0.029837
0.32288 0.037271
0.071549 0.032136
0.38969 0.027869
0.032729 0.034134
0.029792 0.032943
0.032786 0.034216
0.34943 0.03686
0.051693 0.032596
0.22326 0.038781
0.068032 0.03585
0.032957 0.034404
0.033964 0.035412
0.38639 0.035141
0.03446 0.036297
0.383 0.03633
0.08451 0.030316
0.035277 0.036837
0.38731 0.036759
0.047458 0.03381
0.39621 0.035355
0.083474 0.031131
0.036876 0.037009
0.39614 0.037056
0.039399 0.037119
0.35815 0.03652
0.11167 0.036462
0.042254 0.037179
0.047799 0.037512
0.33787 0.037637
0.14804 0.038416
0.40384 0.02627
0.089485 0.033788
0.12809 0.038532
0.079784 0.035045
0.34595 0.037504
0.40425 0.027302
0.30602 0.038934
0.41172 0.022321
0.41104 0.026132
0.40602 0.0323
0.096268 0.03463
0.41359 0.032514
0.31238 0.037546
0.076006 0.035503
0.074486 0.035572
0.43033 0.031196
0.42556 0.033804
0.40749 0.036248
0.41293 0.034645
0.43724 0.036824
0.4369 0.036922
0.42097 0.036967
0.41313 0.035601
0.4218 0.036998
0.45622 0.038667
0.4566 0.021759
0.46566 0.023936
0.48116 0.0206
0.50815 0.021762
0.43896 0.02495
0.48739 0.022681
0.44707 0.030762
0.44797 0.032581
0.48145 0.028418
0.50248 0.022169
0.47946 0.034646
0.48461 0.034895
0.49481 0.02881
0.49914 0.023494
0.47437 0.03698
0.48971 0.035865
0.49171 0.026457
0.49724 0.026897
0.49054 0.035889
0.50485 0.038551
0.50624 0.026049
0.50523 0.031753
0.50473 0.0386
0.50231 0.026434
0.53599 0.021418
0.52444 0.021296
0.58739 0.020349
0.55437 0.022718
0.5725 0.025262
0.51356 0.021665
0.54178 0.030704
0.52311 0.024297
0.52127 0.025056
0.56065 0.030426
0.56541 0.034932
0.51733 0.025204
0.52814 0.029337
0.53284 0.036277
0.55708 0.036622
0.51851 0.02841
0.52708 0.034643
0.5288 0.039327
0.55763 0.039856
0.52617 0.034656
0.5162 0.030235
0.52665 0.039575
0.51141 0.038989
0.51154 0.028335
0.53327 0.040011
0.60074 0.021291
0.60195 0.027091
0.61991 0.030103
0.70081 0.038378
0.60675 0.035949
0.65973 0.037094
0.60779 0.040433
0.57697 0.03376
0.90196 0.038977
0.58696 0.03454
0.58232 0.037883
0.96943 0.035472
0.96992 0.02898
0.57463 0.039776
0.59218 0.039221
0.91698 0.039649
0.63402 0.038012
0.56165 0.039275
0.51135 0.039
0.64091 0.039399
0.60919 0.040904
0.62887 0.033018
0.96345 0.038218
0.66758 0.035082
0.92354 0.038627
0.96182 0.025151
0.97418 0.025919
0.96678 0.026866
0.96832 0.027623
0.86552 0.037392
0.62296 0.040555
0.63617 0.03044
0.9755 0.026387
0.66058 0.035571
0.97587 0.026429
0.97583 0.026517
0.9757 0.026259
0.63408 0.027381
0.97509 0.025888
0.78584 0.039193
0.9481 0.03919
0.97502 0.025857
0.77656 0.039051
0.9692 0.024806
0.84852 0.040488
0.96784 0.0247
0.97031 0.024902
0.96479 0.024512
0.65686 0.031472
0.95515 0.038625
0.70499 0.038524
0.95523 0.024132
0.96036 0.024289
0.95831 0.024226
0.65591 0.027864
0.93382 0.039291
0.67135 0.031597
0.89576 0.038876
0.9503 0.024182
0.67891 0.035701
0.86262 0.038691
0.72625 0.039378
0.93213 0.025633
0.93019 0.024389
0.93288 0.025665
0.68703 0.03741
0.94072 0.026415
0.6858 0.034662
0.94493 0.027234
0.94353 0.026784
0.94487 0.027212
0.68633 0.034473
0.94958 0.028915
0.69746 0.03768
0.83167 0.04038
0.94866 0.028631
0.95347 0.03218
0.69799 0.035719
0.80318 0.037957
0.69485 0.031077
0.93623 0.03532
0.9474 0.033697
0.93843 0.035582
0.69907 0.029398
0.74175 0.039109
0.70062 0.023509
0.73616 0.039526
0.92509 0.035371
0.92338 0.034961
0.7085 0.026594
0.92067 0.034763
0.71948 0.025814
0.74581 0.038282
0.91858 0.034458
0.9152 0.033938
0.73214 0.038379
0.76306 0.039032
0.7303 0.024628
0.81302 0.03953
0.90949 0.032568
0.9126 0.032939
0.74546 0.032512
0.91179 0.032622
0.76009 0.035324
0.78457 0.03767
0.912 0.032701
0.91094 0.032176
0.74562 0.026187
0.81203 0.039043
0.75743 0.026406
0.78329 0.035418
0.90639 0.031742
0.77273 0.030638
0.79918 0.038072
0.7645 0.025866
0.79626 0.037647
0.88159 0.039001
0.87117 0.039245
0.77733 0.027589
0.8053 0.034644
0.78584 0.026641
0.82296 0.040046
0.86888 0.037935
0.8697 0.039148
0.79302 0.028611
0.87142 0.039103
0.81712 0.034395
0.82192 0.039576
0.87277 0.038855
0.88102 0.038475
0.8183 0.032753
0.84463 0.035909
0.82326 0.033105
0.83759 0.031136
0.878 0.036282
0.87528 0.034934
0.82146 0.027472
0.84211 0.032633
0.82917 0.023218
0.85579 0.031681
0.87322 0.03256
0.87429 0.030164
0.84328 0.024957
0.86072 0.028756
0.85098 0.023487
0.87727 0.025061
0.87444 0.027931
0.8748 0.026771
0.86733 0.022296
0.88397 0.02379
0.94844 0.020329
0.94789 0.022031
