348
0.068117 0.020744
0.046367 0.023852
0.12514 0.020571
0.069195 0.024396
0.0317 0.023888
0.07003 0.024407
0.14844 0.020983
0.15624 0.022939
0.18044 0.021829
0.11306 0.027776
0.10851 0.026369
0.11349 0.027986
0.19571 0.024684
0.18439 0.026905
0.19985 0.027367
0.12956 0.027518
0.12074 0.028207
0.12807 0.027539
0.20654 0.030265
0.13296 0.028206
0.21201 0.02905
0.18713 0.039226
0.13168 0.028545
0.12518 0.030017
0.20876 0.032779
0.12533 0.030559
0.23188 0.025413
0.20169 0.037612
0.12299 0.030841
0.13052 0.030272
0.24108 0.028306
0.14155 0.031551
0.25003 0.026498
0.20096 0.0378
0.14139 0.03135
0.13729 0.030864
0.25733 0.024414
0.12687 0.031455
0.26963 0.026083
0.23735 0.035506
0.12411 0.032377
0.27722 0.021694
0.10427 0.030325
0.28352 0.026418
0.25221 0.035052
0.10262 0.029275
0.28517 0.03038
0.10625 0.031888
0.29719 0.023722
0.12108 0.033326
0.11838 0.033593
0.30132 0.027668
0.26006 0.036576
0.30096 0.029906
0.27362 0.037919
0.14246 0.037175
0.31828 0.028112
0.2807 0.038732
0.32275 0.03037
0.13354 0.033466
0.13896 0.034798
0.13496 0.033554
0.32999 0.031215
0.12327 0.034609
0.34707 0.025214
0.11706 0.035134
0.12323 0.034607
0.11696 0.03517
0.3386 0.029955
0.09808 0.028722
0.3408 0.031959
0.25581 0.037154
0.10704 0.034524
0.087799 0.027961
0.36364 0.026622
0.0633 0.03064
0.36826 0.026923
0.20539 0.038203
0.068094 0.03027
0.051182 0.031303
0.37075 0.027095
0.143 0.038893
0.36154 0.037854
0.23218 0.037245
0.044044 0.029811
0.033267 0.027007
0.32457 0.037807
0.15811 0.039842
0.3696 0.037254
0.1653 0.039338
0.028843 0.027497
0.027233 0.03029
0.3191 0.036977
0.069044 0.032786
0.3824 0.02911
0.032169 0.034799
0.029361 0.033538
0.032224 0.034886
0.34605 0.036936
0.050206 0.033288
0.21724 0.038453
0.065706 0.036699
0.032388 0.035083
0.03335 0.036146
0.37953 0.037567
0.033824 0.037077
0.37666 0.038988
0.081327 0.030921
0.034605 0.037649
0.38033 0.039432
0.046193 0.034551
0.38808 0.037551
0.080351 0.031779
0.036134 0.037842
0.38801 0.039501
0.038546 0.037976
0.35469 0.037292
0.10707 0.037169
0.041261 0.038061
0.046517 0.038454
0.33446 0.037381
0.14237 0.038842
0.39476 0.026998
0.086013 0.034624
0.12291 0.039084
0.07686 0.035899
0.3426 0.037482
0.39512 0.02814
0.30204 0.038668
0.40197 0.022529
0.40134 0.026697
0.39672 0.033639
0.092401 0.035473
0.40371 0.033563
0.30849 0.037335
0.073274 0.036361
0.071831 0.036424
0.41955 0.031557
0.41491 0.034435
0.39806 0.037936
0.4031 0.035904
0.42648 0.037082
0.42615 0.0372
0.41055 0.037963
0.40328 0.036932
0.41133 0.037957
0.4469 0.038108
0.44619 0.021714
0.45528 0.024073
0.46967 0.020631
0.49599 0.021788
0.42798 0.024999
0.47579 0.02279
0.43608 0.030477
0.43714 0.03219
0.46994 0.028853
0.49029 0.022174
0.46878 0.035464
0.47354 0.035574
0.48285 0.029046
0.48704 0.023563
0.46455 0.038237
0.47853 0.036434
0.47986 0.026669
0.4852 0.027067
0.47927 0.036434
0.49286 0.038647
0.49404 0.026112
0.49305 0.031841
0.49274 0.038694
0.49013 0.026447
0.52279 0.021431
0.51166 0.021374
0.57811 0.020324
0.54178 0.022569
0.56162 0.024653
0.50156 0.021712
0.52862 0.03049
0.51041 0.024579
0.50869 0.025379
0.54844 0.029661
0.55386 0.033501
0.50505 0.025402
0.51519 0.029742
0.51913 0.036663
0.54479 0.035578
0.50614 0.028762
0.514 0.035354
0.51537 0.040135
0.54547 0.038568
0.51315 0.035427
0.50403 0.030591
0.51343 0.040603
0.49974 0.039355
0.49967 0.028535
0.51925 0.040491
0.59247 0.02117
0.59394 0.026461
0.61298 0.029703
0.68689 0.039536
0.59987 0.034784
0.65128 0.040132
0.60121 0.039011
0.56732 0.032286
0.90075 0.038468
0.57802 0.03348
0.5738 0.036297
0.96934 0.03533
0.96983 0.028898
0.56529 0.037519
0.58368 0.037808
0.9161 0.039252
0.62895 0.037989
0.54987 0.037764
0.49966 0.039361
0.63601 0.040833
0.60268 0.039608
0.62272 0.032207
0.9633 0.038032
0.65746 0.037907
0.92279 0.038264
0.96165 0.025097
0.97413 0.025866
0.96666 0.026799
0.96822 0.027552
0.86305 0.036721
0.6167 0.039602
0.63033 0.030698
0.97546 0.026329
0.65195 0.038355
0.97584 0.026371
0.97579 0.026458
0.97566 0.026202
0.62807 0.02736
0.97504 0.025834
0.77565 0.03862
0.94776 0.038936
0.97498 0.025804
0.76706 0.039057
0.9691 0.024762
0.84481 0.039128
0.96773 0.024656
0.97022 0.024858
0.96465 0.024467
0.64871 0.03347
0.9549 0.038406
0.69094 0.0393
0.95499 0.024083
0.96018 0.024243
0.9581 0.024179
0.64779 0.029194
0.93327 0.03895
0.66059 0.033781
0.89435 0.038288
0.95 0.02413
0.66703 0.037755
0.86004 0.037901
0.71049 0.03781
0.93154 0.025531
0.92956 0.024307
0.9323 0.025563
0.67428 0.039089
0.94029 0.026315
0.67319 0.036081
0.94455 0.027131
0.94314 0.026684
0.9445 0.027109
0.6737 0.035852
0.94926 0.028801
0.68391 0.038713
0.82539 0.037717
0.94833 0.028518
0.9532 0.032034
0.68446 0.036678
0.7944 0.036512
0.6818 0.031793
0.93572 0.03506
0.94706 0.033513
0.93795 0.035329
0.6857 0.030028
0.72887 0.037003
0.68716 0.023752
0.72214 0.037277
0.92436 0.035074
0.92262 0.034669
0.69472 0.026808
0.91986 0.034471
0.70557 0.025663
0.73337 0.036584
0.91773 0.034169
0.91427 0.033654
0.71747 0.036321
0.75278 0.038008
0.71714 0.024146
0.80443 0.038147
0.90845 0.032297
0.91162 0.032671
0.73395 0.031365
0.91079 0.03236
0.74964 0.034358
0.7745 0.03724
0.91101 0.032438
0.90992 0.031923
0.73453 0.025631
0.8035 0.037722
0.74726 0.025943
0.77343 0.035138
0.90528 0.031464
0.76335 0.030526
0.7901 0.036494
0.75488 0.025576
0.78702 0.036046
0.87967 0.038369
0.86889 0.038626
0.76802 0.027638
0.79706 0.03353
0.77618 0.026478
0.81468 0.037973
0.86653 0.03732
0.86738 0.038511
0.784 0.02801
0.86915 0.038489
0.80936 0.033206
0.81355 0.037628
0.87056 0.038246
0.87908 0.037861
0.81085 0.031645
0.84078 0.034623
0.81629 0.031731
0.83322 0.029956
0.87597 0.035747
0.87316 0.034448
0.81467 0.026736
0.83825 0.031501
0.82363 0.022811
0.85287 0.031085
0.87103 0.032154
0.87214 0.029834
0.83961 0.024535
0.85811 0.028365
0.84778 0.023286
0.87522 0.024895
0.87228 0.027673
0.87266 0.026551
0.86493 0.022213
0.88213 0.023663
0.9481 0.020325
0.94755 0.022004
