348
0.062847 0.020848
0.042283 0.024162
0.11421 0.020586
0.063771 0.025044
0.029711 0.024695
0.064486 0.025084
0.13692 0.02102
0.14449 0.022975
0.1699 0.02168
0.10281 0.028218
0.098833 0.026788
0.10317 0.028432
0.18597 0.024742
0.17429 0.026317
0.18983 0.027595
0.11836 0.027782
0.11004 0.028793
0.11705 0.027803
0.19639 0.030189
0.12192 0.028473
0.20186 0.028612
0.17736 0.039308
0.12051 0.028832
0.11412 0.030283
0.19841 0.032529
0.11414 0.030841
0.22341 0.025208
0.19178 0.03784
0.11184 0.031264
0.11911 0.030624
0.2328 0.028146
0.13012 0.03149
0.24217 0.026483
0.19115 0.038858
0.12999 0.031287
0.12614 0.031218
0.24915 0.024827
0.1154 0.031839
0.25978 0.026782
0.22955 0.03509
0.11261 0.032662
0.26692 0.02179
0.094185 0.030965
0.27279 0.02687
0.24257 0.034954
0.092657 0.02989
0.27375 0.0309
0.096207 0.032613
0.28681 0.023561
0.10968 0.03425
0.1073 0.034515
0.29112 0.027187
0.24848 0.037567
0.29038 0.02927
0.25944 0.040627
0.13034 0.036861
0.30716 0.028109
0.26603 0.040624
0.31153 0.030155
0.12179 0.033831
0.12721 0.03514
0.12349 0.033919
0.31973 0.030702
0.11142 0.035147
0.33556 0.026247
0.10602 0.035941
0.11139 0.035154
0.10593 0.035967
0.32874 0.030535
0.088653 0.029187
0.33094 0.032819
0.24485 0.038164
0.097157 0.035334
0.079508 0.02923
0.34882 0.028289
0.058962 0.03168
0.35299 0.028484
0.19523 0.039007
0.063062 0.031654
0.047538 0.031905
0.35526 0.028472
0.1307 0.039648
0.34926 0.042192
0.22618 0.038311
0.040028 0.030791
0.031012 0.028365
0.31165 0.037028
0.14561 0.040425
0.35585 0.040514
0.15343 0.038981
0.02734 0.029033
0.026016 0.032397
0.30321 0.036656
0.064048 0.03453
0.36498 0.030257
0.03094 0.037568
0.028195 0.036286
0.031007 0.037658
0.3355 0.039501
0.047127 0.033992
0.20848 0.036589
0.061542 0.03839
0.031197 0.037855
0.032316 0.038877
0.36214 0.040773
0.032979 0.039829
0.36039 0.042608
0.074187 0.032731
0.033885 0.040438
0.36265 0.042518
0.043714 0.03536
0.36784 0.038727
0.073416 0.033741
0.035443 0.040407
0.367 0.042273
0.037982 0.04002
0.34432 0.04192
0.097258 0.03815
0.04032 0.03971
0.045193 0.039656
0.3257 0.038444
0.13008 0.039743
0.37678 0.02778
0.077541 0.036907
0.1103 0.04094
0.070746 0.039038
0.33309 0.039294
0.37737 0.029105
0.28615 0.038548
0.40273 0.022969
0.40067 0.02797
0.37946 0.03531
0.083222 0.038408
0.40404 0.035581
0.29125 0.037815
0.067816 0.039511
0.066608 0.039718
0.42128 0.034578
0.41672 0.037047
0.3804 0.040238
0.40005 0.038867
0.42457 0.042172
0.42425 0.042613
0.41137 0.041295
0.39943 0.040153
0.41216 0.041579
0.43976 0.040783
0.44288 0.021926
0.45164 0.024229
0.46502 0.020798
0.48445 0.022199
0.42841 0.026492
0.46916 0.023827
0.43383 0.033244
0.43413 0.035145
0.46519 0.031244
0.48 0.022739
0.46299 0.038689
0.46637 0.040286
0.47397 0.032448
0.47719 0.024618
0.45853 0.040933
0.46848 0.041685
0.47185 0.0291
0.47574 0.029495
0.46891 0.041643
0.47866 0.042666
0.48287 0.027573
0.48144 0.034648
0.47851 0.04279
0.47986 0.028131
0.50834 0.021621
0.49733 0.021507
0.55563 0.020378
0.52379 0.022906
0.5412 0.025315
0.48897 0.022142
0.51281 0.032518
0.49627 0.025048
0.49481 0.026044
0.52968 0.030969
0.53401 0.034872
0.49186 0.026407
0.5007 0.030616
0.5048 0.038188
0.52417 0.037763
0.49273 0.030223
0.49898 0.036667
0.49994 0.041831
0.52369 0.041714
0.49805 0.036763
0.49086 0.032786
0.49751 0.042401
0.48446 0.043434
0.4874 0.030683
0.50487 0.04255
0.56834 0.021356
0.5697 0.027547
0.58653 0.03033
0.65601 0.04048
0.57444 0.036716
0.62334 0.041778
0.57462 0.041206
0.5469 0.034169
0.87725 0.040333
0.55537 0.035599
0.5517 0.038186
0.96401 0.030004
0.96483 0.025826
0.54398 0.040515
0.56088 0.040003
0.89165 0.037942
0.60184 0.039737
0.52851 0.040223
0.48439 0.043427
0.60755 0.04254
0.57548 0.042159
0.5964 0.032975
0.95295 0.032281
0.6289 0.040595
0.89908 0.035925
0.95171 0.02352
0.97114 0.023888
0.95987 0.024573
0.96222 0.02502
0.82562 0.039282
0.58926 0.040375
0.60286 0.031898
0.97315 0.024196
0.62378 0.040147
0.97372 0.024223
0.97365 0.024281
0.97346 0.024111
0.60095 0.028075
0.97252 0.023867
0.73603 0.038261
0.93105 0.034201
0.97242 0.023847
0.72471 0.037433
0.96355 0.023135
0.80578 0.041612
0.96149 0.023113
0.96525 0.023176
0.95661 0.023036
0.62041 0.034291
0.94189 0.032867
0.65984 0.040352
0.94325 0.022881
0.94962 0.022953
0.94695 0.022917
0.61947 0.029766
0.90988 0.034996
0.63123 0.0356
0.8727 0.041715
0.93624 0.023025
0.63683 0.039602
0.81934 0.040367
0.67776 0.040909
0.91065 0.024402
0.90827 0.023472
0.9116 0.02441
0.644 0.040461
0.92246 0.024556
0.64253 0.037489
0.92815 0.025
0.92626 0.024696
0.92808 0.024984
0.64297 0.037169
0.93519 0.026434
0.65292 0.039337
0.78686 0.039002
0.93373 0.026195
0.94098 0.028561
0.65317 0.037257
0.75438 0.039325
0.64996 0.032244
0.91485 0.031469
0.93156 0.029751
0.91859 0.031275
0.65356 0.030491
0.6916 0.039816
0.65498 0.023977
0.68667 0.040897
0.90153 0.033002
0.89975 0.032795
0.66223 0.027359
0.89634 0.032823
0.67182 0.026442
0.69493 0.038979
0.8941 0.032757
0.89082 0.032562
0.68308 0.03951
0.70771 0.03972
0.68185 0.024979
0.7637 0.038458
0.88498 0.032424
0.88826 0.031992
0.69557 0.032963
0.88745 0.031885
0.70744 0.034957
0.73507 0.036732
0.88767 0.031908
0.88658 0.03168
0.69618 0.026409
0.7628 0.038286
0.70778 0.02625
0.73434 0.034631
0.88178 0.031917
0.72384 0.029505
0.75117 0.038474
0.71499 0.025519
0.74821 0.037605
0.86277 0.04172
0.85089 0.03943
0.72962 0.027148
0.75659 0.03533
0.73847 0.026544
0.77677 0.038495
0.84014 0.038489
0.84637 0.038879
0.74536 0.028587
0.85126 0.039252
0.76831 0.033315
0.77518 0.037955
0.85345 0.039323
0.86214 0.040116
0.76976 0.031899
0.80016 0.034738
0.77616 0.032396
0.79103 0.030944
0.85927 0.037501
0.85606 0.03574
0.77413 0.027198
0.7965 0.031675
0.7822 0.023113
0.80993 0.031836
0.85194 0.033016
0.85299 0.030729
0.79693 0.02459
0.81466 0.029024
0.805 0.023444
0.85679 0.025523
0.85327 0.028421
0.85397 0.027222
0.8263 0.022577
0.86223 0.024411
0.93338 0.020236
0.93254 0.02145
