348
0.073631 0.020671
0.04934 0.023432
0.13596 0.020542
0.074827 0.023962
0.032968 0.023503
0.075754 0.023971
0.16039 0.020937
0.1686 0.022794
0.19379 0.0218
0.12318 0.027265
0.11826 0.02591
0.12363 0.027465
0.20912 0.0247
0.19777 0.026843
0.21323 0.02742
0.14062 0.027155
0.13134 0.027751
0.13905 0.027169
0.21986 0.030391
0.14419 0.027818
0.22526 0.029215
0.20054 0.039128
0.14284 0.028138
0.136 0.029507
0.22206 0.032964
0.13617 0.030023
0.24456 0.025608
0.21505 0.037761
0.1337 0.030267
0.14163 0.029779
0.25343 0.02863
0.15319 0.03103
0.26203 0.026767
0.21433 0.037941
0.15302 0.030838
0.14873 0.030365
0.26904 0.024602
0.13779 0.030886
0.28082 0.026335
0.24984 0.036093
0.13488 0.031736
0.28811 0.021753
0.11367 0.029519
0.29423 0.026604
0.26413 0.03568
0.1119 0.028527
0.29584 0.030663
0.11582 0.030994
0.3076 0.023783
0.13169 0.032592
0.12885 0.032796
0.31168 0.02777
0.27166 0.037289
0.31132 0.03004
0.28464 0.038598
0.15414 0.036399
0.32851 0.028174
0.29148 0.039326
0.33296 0.030459
0.1448 0.032832
0.15048 0.034126
0.14629 0.032922
0.34011 0.031317
0.134 0.03384
0.35732 0.025106
0.12745 0.03422
0.13396 0.033837
0.12734 0.034252
0.34862 0.029881
0.10697 0.027956
0.35087 0.031821
0.26758 0.03788
0.11668 0.033449
0.09555 0.027139
0.37485 0.02589
0.068286 0.029569
0.3803 0.025996
0.21872 0.038409
0.073606 0.029258
0.054754 0.030076
0.38318 0.026125
0.1547 0.038037
0.37237 0.036086
0.24485 0.037866
0.046728 0.028755
0.034705 0.026305
0.33475 0.03797
0.17058 0.038852
0.38186 0.034864
0.17814 0.038455
0.029801 0.026764
0.028017 0.029284
0.32934 0.037109
0.074659 0.031524
0.39649 0.028153
0.033488 0.033327
0.030375 0.032214
0.033549 0.033404
0.35627 0.036608
0.053657 0.031837
0.23039 0.038902
0.070955 0.035044
0.03373 0.03358
0.034797 0.034526
0.39324 0.035545
0.035322 0.035358
0.38993 0.036649
0.08831 0.029793
0.036188 0.035864
0.39414 0.037247
0.049144 0.032965
0.40273 0.036236
0.087218 0.030567
0.037882 0.036018
0.40265 0.038031
0.040556 0.03611
0.3651 0.036321
0.11671 0.035899
0.043598 0.036152
0.049508 0.036438
0.3445 0.03739
0.15405 0.03799
0.40981 0.026787
0.093552 0.033102
0.13362 0.038072
0.083331 0.034284
0.35272 0.037229
0.41019 0.027913
0.31239 0.038907
0.41707 0.022582
0.41645 0.026807
0.41175 0.033412
0.1007 0.033973
0.41867 0.034012
0.31877 0.037471
0.079352 0.03472
0.077752 0.034785
0.43301 0.03252
0.42867 0.036008
0.41298 0.037809
0.41798 0.036359
0.438 0.038009
0.43765 0.038168
0.42459 0.039455
0.41812 0.037437
0.42526 0.039544
0.45782 0.039139
0.45909 0.021814
0.46747 0.024232
0.48164 0.020671
0.50673 0.02174
0.44113 0.025157
0.48712 0.023049
0.44923 0.030591
0.4499 0.032426
0.48189 0.02943
0.50095 0.022228
0.47975 0.036316
0.48415 0.036799
0.49367 0.029526
0.49754 0.023672
0.47501 0.038669
0.48843 0.037894
0.49092 0.027121
0.49578 0.027341
0.48914 0.037842
0.50174 0.039108
0.50479 0.026054
0.50336 0.031894
0.5016 0.039176
0.50078 0.026616
0.53788 0.021225
0.52405 0.021132
0.59535 0.020288
0.558 0.022569
0.57769 0.024645
0.51224 0.021592
0.54494 0.029545
0.52246 0.023797
0.52027 0.02454
0.56451 0.029674
0.57021 0.033692
0.51608 0.024827
0.52849 0.027896
0.53487 0.033883
0.56189 0.03573
0.51728 0.027727
0.52724 0.032494
0.52961 0.036203
0.56288 0.038709
0.52606 0.032613
0.51488 0.029583
0.52662 0.036749
0.50851 0.038655
0.51018 0.028081
0.53588 0.037052
0.61042 0.02116
0.61178 0.026402
0.63226 0.028886
0.70958 0.040358
0.61767 0.034243
0.67248 0.040554
0.61913 0.038336
0.58296 0.031821
0.90324 0.04017
0.59559 0.031984
0.59037 0.034767
0.97082 0.037472
0.97107 0.03014
0.58088 0.037133
0.6027 0.036942
0.92006 0.039229
0.6501 0.034879
0.56653 0.037939
0.50844 0.038673
0.65933 0.038875
0.62073 0.038627
0.64262 0.030875
0.96576 0.040046
0.67935 0.037079
0.9271 0.037886
0.9639 0.025623
0.97485 0.026684
0.96829 0.027658
0.96966 0.028561
0.87221 0.040057
0.63639 0.038044
0.65168 0.028736
0.97602 0.027212
0.67328 0.038669
0.97635 0.02726
0.97631 0.027359
0.97619 0.027067
0.64891 0.026133
0.97565 0.026648
0.79286 0.037836
0.95152 0.039156
0.97559 0.026613
0.78299 0.038958
0.97043 0.025423
0.85998 0.042215
0.96923 0.025267
0.97142 0.025535
0.96653 0.02499
0.6711 0.033807
0.95807 0.039529
0.7135 0.039981
0.95773 0.024379
0.9626 0.024653
0.96075 0.024542
0.6706 0.029497
0.93856 0.03896
0.68379 0.032743
0.89711 0.040218
0.95295 0.024334
0.69066 0.037455
0.87025 0.041476
0.73288 0.039712
0.93508 0.025501
0.93304 0.02425
0.93587 0.02555
0.69853 0.039883
0.94365 0.026495
0.69738 0.036872
0.94773 0.027454
0.94638 0.026949
0.94768 0.027429
0.69786 0.036624
0.95222 0.029208
0.70646 0.040121
0.84405 0.040486
0.95135 0.028897
0.95615 0.032807
0.70714 0.037754
0.81181 0.037274
0.70452 0.032539
0.9403 0.035362
0.95044 0.034117
0.94223 0.03576
0.70862 0.030453
0.74955 0.038648
0.71008 0.023846
0.74312 0.039187
0.92837 0.034641
0.92646 0.034447
0.71745 0.027108
0.92349 0.034496
0.72763 0.026141
0.75413 0.038178
0.92123 0.034378
0.91735 0.034152
0.73855 0.038565
0.77123 0.039877
0.73811 0.024683
0.8226 0.038938
0.91176 0.033176
0.9148 0.033329
0.75355 0.03248
0.91402 0.033061
0.76836 0.035961
0.79148 0.03664
0.91422 0.033128
0.91321 0.03266
0.75349 0.026164
0.82125 0.038687
0.76543 0.026607
0.79013 0.034737
0.90881 0.032455
0.77945 0.031006
0.80767 0.037373
0.77197 0.026205
0.80466 0.036841
0.8843 0.04076
0.87612 0.041991
0.78413 0.02758
0.81386 0.034201
0.79307 0.026205
0.83351 0.039409
0.87458 0.040827
0.87513 0.042031
0.8008 0.028101
0.8763 0.041864
0.82635 0.034019
0.83218 0.03899
0.87722 0.041554
0.88385 0.040414
0.82726 0.032369
0.85498 0.037392
0.83257 0.032769
0.84694 0.031587
0.88152 0.038243
0.8794 0.036913
0.83012 0.027187
0.85163 0.03355
0.83824 0.023178
0.86373 0.033092
0.87805 0.034301
0.87918 0.031484
0.85183 0.025335
0.86769 0.029967
0.85896 0.023834
0.88196 0.025634
0.87939 0.028946
0.87972 0.027625
0.87333 0.022638
0.88816 0.024088
0.95114 0.020339
0.9506 0.022095
