348
0.067358 0.020786
0.046334 0.023947
0.11723 0.020553
0.068464 0.024691
0.031844 0.02389
0.06932 0.024757
0.14067 0.020978
0.14895 0.022721
0.17306 0.021825
0.10492 0.028018
0.1011 0.02686
0.10533 0.028243
0.18936 0.024559
0.1776 0.026866
0.19377 0.027054
0.12176 0.027533
0.1131 0.028132
0.12001 0.027469
0.20041 0.029429
0.12564 0.028231
0.20685 0.028605
0.1819 0.038227
0.12425 0.028599
0.11721 0.029715
0.20203 0.031908
0.11717 0.030263
0.22582 0.026165
0.19523 0.037387
0.11494 0.03048
0.12262 0.030382
0.23376 0.029226
0.13402 0.03225
0.24245 0.0271
0.19444 0.037627
0.13385 0.03201
0.12963 0.030736
0.24845 0.024697
0.1182 0.031283
0.26108 0.025548
0.22726 0.038346
0.1155 0.032043
0.26974 0.021566
0.097356 0.031878
0.27654 0.026178
0.24135 0.036731
0.095745 0.030836
0.2783 0.030037
0.098766 0.03351
0.29033 0.023659
0.11219 0.03348
0.10891 0.03454
0.29464 0.027569
0.24841 0.037731
0.29452 0.029804
0.26422 0.036421
0.13514 0.038803
0.31048 0.028516
0.2727 0.037714
0.31515 0.031109
0.12526 0.033675
0.13107 0.034944
0.12685 0.033611
0.32255 0.031593
0.11412 0.034446
0.33887 0.024783
0.10683 0.035923
0.11409 0.034444
0.10671 0.035935
0.33036 0.029771
0.091716 0.030528
0.33248 0.031704
0.2437 0.038196
0.098745 0.03672
0.084028 0.030298
0.35728 0.025922
0.062178 0.031318
0.36246 0.026395
0.19844 0.037322
0.067517 0.030851
0.050459 0.031804
0.36533 0.026322
0.13558 0.039596
0.35408 0.036035
0.22362 0.040145
0.0438 0.029889
0.033431 0.027016
0.31839 0.039427
0.15195 0.036818
0.36357 0.035839
0.16037 0.039968
0.028952 0.027428
0.027328 0.030165
0.31331 0.038424
0.06891 0.033662
0.37852 0.027874
0.031357 0.034918
0.028967 0.033428
0.03139 0.035009
0.33692 0.036222
0.048656 0.034054
0.21037 0.038068
0.064363 0.037861
0.031498 0.035219
0.032133 0.03634
0.37379 0.035612
0.032342 0.037315
0.37043 0.037061
0.080569 0.034022
0.032884 0.037838
0.37467 0.036854
0.044013 0.034968
0.3852 0.03431
0.080198 0.03507
0.034137 0.038045
0.38497 0.035312
0.036062 0.038253
0.34682 0.035838
0.09802 0.040047
0.038072 0.038427
0.04265 0.038698
0.32684 0.037916
0.13476 0.039321
0.39406 0.02609
0.085625 0.039622
0.11234 0.039079
0.079038 0.039886
0.33358 0.037039
0.39454 0.027114
0.29612 0.037896
0.40171 0.022279
0.40108 0.02598
0.39677 0.032164
0.089099 0.040281
0.40336 0.032872
0.30375 0.038714
0.074937 0.038773
0.073213 0.038541
0.41998 0.031627
0.41501 0.034511
0.39808 0.036246
0.40266 0.035012
0.4249 0.038507
0.42461 0.038498
0.4099 0.037807
0.40277 0.036098
0.4108 0.037837
0.44054 0.038343
0.44623 0.021655
0.45519 0.023993
0.46968 0.020687
0.49675 0.021793
0.42817 0.025303
0.47549 0.022949
0.43501 0.030679
0.435 0.032672
0.46963 0.029665
0.49061 0.022154
0.4646 0.036416
0.46819 0.037384
0.48195 0.028699
0.4867 0.023398
0.45967 0.037752
0.47343 0.037263
0.47936 0.026579
0.48472 0.026723
0.47455 0.037195
0.49324 0.038775
0.49478 0.026043
0.49369 0.031684
0.49307 0.038755
0.49042 0.026391
0.52314 0.021376
0.51142 0.021353
0.57512 0.020357
0.54114 0.022727
0.56159 0.025165
0.5014 0.021769
0.52932 0.030367
0.51024 0.024527
0.50845 0.025461
0.54708 0.029712
0.55366 0.033466
0.50495 0.025722
0.51482 0.029361
0.51982 0.036843
0.54289 0.036433
0.50594 0.029296
0.51401 0.035017
0.51572 0.039591
0.54313 0.039002
0.51318 0.035243
0.50417 0.031185
0.51357 0.039739
0.50031 0.040144
0.4996 0.028724
0.52032 0.039525
0.58915 0.021194
0.59045 0.026551
0.61099 0.028509
0.69491 0.03721
0.5943 0.034625
0.65251 0.03761
0.59465 0.038649
0.56679 0.034364
0.9012 0.039487
0.5754 0.03503
0.57182 0.039195
0.97092 0.03581
0.97009 0.029173
0.56581 0.040225
0.57943 0.039988
0.91957 0.039072
0.62604 0.03549
0.54791 0.038345
0.50027 0.040136
0.63546 0.038963
0.59794 0.038227
0.62162 0.031095
0.96704 0.038888
0.66119 0.036881
0.92724 0.039238
0.96211 0.025473
0.97428 0.026016
0.96699 0.027093
0.96851 0.027806
0.87093 0.03736
0.61403 0.038621
0.62997 0.028806
0.97557 0.026491
0.65383 0.037039
0.97594 0.026534
0.9759 0.026623
0.97577 0.026361
0.62694 0.026113
0.97517 0.025983
0.78088 0.038935
0.9533 0.039784
0.9751 0.025952
0.77279 0.038072
0.96937 0.024907
0.84921 0.038174
0.96804 0.024827
0.97047 0.024993
0.96503 0.024714
0.65124 0.031823
0.96039 0.039522
0.70018 0.037522
0.95605 0.024554
0.96078 0.024595
0.95879 0.024581
0.6513 0.028048
0.93911 0.039923
0.6648 0.033235
0.89746 0.03941
0.95173 0.024704
0.66988 0.037104
0.86846 0.038364
0.72287 0.038528
0.93515 0.02581
0.9332 0.02442
0.9359 0.025873
0.67684 0.037093
0.9434 0.027002
0.67621 0.034585
0.94703 0.028109
0.94581 0.027537
0.94698 0.028081
0.67708 0.034306
0.95102 0.02996
0.69049 0.03611
0.82979 0.039122
0.95028 0.029634
0.95573 0.033554
0.69166 0.034382
0.79832 0.039454
0.68851 0.029821
0.94053 0.036743
0.95076 0.035393
0.94299 0.037262
0.69374 0.028633
0.74184 0.039273
0.69549 0.023253
0.73638 0.039197
0.92855 0.035728
0.92664 0.035284
0.70404 0.026802
0.92349 0.03489
0.71366 0.026022
0.746 0.038737
0.92141 0.034416
0.91725 0.033563
0.72936 0.037173
0.76179 0.037451
0.72511 0.024254
0.80975 0.037602
0.91128 0.031909
0.91461 0.032379
0.74232 0.034286
0.91378 0.032071
0.75682 0.034215
0.77989 0.037778
0.914 0.032137
0.91294 0.031551
0.74034 0.026961
0.80804 0.0377
0.75111 0.025752
0.77916 0.035335
0.90811 0.031476
0.76961 0.029605
0.7947 0.040074
0.76056 0.024876
0.79235 0.039322
0.88751 0.03813
0.87869 0.038426
0.77501 0.027231
0.80107 0.035477
0.78307 0.026724
0.82209 0.038229
0.87526 0.038031
0.87678 0.038448
0.79033 0.02897
0.87894 0.038401
0.81455 0.033285
0.82112 0.038079
0.88033 0.038324
0.88697 0.03788
0.81553 0.031635
0.84254 0.035458
0.82163 0.032079
0.83645 0.030563
0.88377 0.03596
0.88033 0.034719
0.81905 0.026685
0.84048 0.03198
0.82755 0.022919
0.85666 0.030296
0.87646 0.032377
0.87625 0.029937
0.8423 0.024617
0.86245 0.02801
0.85094 0.023051
0.87917 0.024904
0.87608 0.027747
0.87645 0.026608
0.86906 0.022239
0.88625 0.023616
0.9501 0.020368
0.94962 0.022276
