348
0.067266 0.020761
0.046734 0.024085
0.11989 0.020537
0.068437 0.024518
0.032262 0.023785
0.069344 0.02456
0.1426 0.020871
0.15336 0.022104
0.17986 0.022026
0.10649 0.027372
0.10223 0.026416
0.10693 0.027565
0.19429 0.024886
0.18373 0.027631
0.19838 0.027593
0.12448 0.027525
0.11539 0.027692
0.12284 0.027384
0.20462 0.030284
0.12809 0.02841
0.21044 0.029518
0.18645 0.040125
0.12676 0.028713
0.11986 0.029434
0.20581 0.033034
0.11981 0.029962
0.22908 0.025713
0.19881 0.038764
0.11737 0.030028
0.12522 0.030416
0.23777 0.028497
0.1357 0.032082
0.24714 0.026611
0.19807 0.03899
0.13559 0.031873
0.13178 0.031218
0.25355 0.024408
0.12098 0.031022
0.26685 0.025351
0.22991 0.036772
0.11798 0.03156
0.27573 0.021532
0.097931 0.031312
0.2827 0.026093
0.24578 0.035552
0.096473 0.030382
0.28447 0.029919
0.0991 0.032803
0.29653 0.02366
0.11425 0.032601
0.11052 0.033147
0.30085 0.02759
0.2534 0.036636
0.30073 0.02983
0.27007 0.035943
0.13556 0.038359
0.31656 0.028578
0.27877 0.037388
0.3212 0.031172
0.12753 0.033918
0.13257 0.035585
0.12897 0.033984
0.32858 0.031628
0.1164 0.033734
0.34491 0.024739
0.10804 0.034536
0.11637 0.033728
0.1079 0.034555
0.33637 0.029756
0.092448 0.030304
0.33848 0.031664
0.24829 0.036964
0.098589 0.035878
0.084683 0.030071
0.36368 0.025732
0.061609 0.031285
0.36908 0.026144
0.20193 0.038823
0.067332 0.030509
0.050698 0.032434
0.37207 0.026048
0.13579 0.039047
0.36036 0.035591
0.22545 0.039139
0.044345 0.030125
0.033905 0.026874
0.32442 0.039515
0.15761 0.033297
0.37024 0.035194
0.17009 0.038561
0.029268 0.027174
0.027577 0.029818
0.31937 0.03854
0.06857 0.03315
0.38597 0.027398
0.031953 0.034471
0.029383 0.03297
0.031991 0.034562
0.34293 0.036102
0.049092 0.034681
0.2123 0.039571
0.063648 0.037602
0.032115 0.034772
0.03284 0.0359
0.38092 0.034763
0.03311 0.036862
0.3774 0.036206
0.080647 0.033512
0.033717 0.03741
0.38185 0.035918
0.044834 0.035323
0.39313 0.033334
0.08009 0.034485
0.035071 0.037707
0.39288 0.03427
0.037153 0.038061
0.35298 0.03556
0.097366 0.039141
0.039332 0.038394
0.043802 0.039127
0.33285 0.037938
0.13514 0.03898
0.40266 0.02566
0.08496 0.039039
0.1142 0.03783
0.078176 0.038971
0.33958 0.036963
0.40317 0.026611
0.30233 0.03796
0.4109 0.022115
0.41022 0.025548
0.40558 0.031297
0.088404 0.039903
0.41267 0.031955
0.30989 0.038862
0.074183 0.037701
0.072468 0.037372
0.43042 0.030999
0.42518 0.033651
0.40699 0.035082
0.41192 0.033935
0.4356 0.037803
0.43529 0.037773
0.41971 0.036658
0.41205 0.034945
0.42068 0.036703
0.45129 0.038831
0.45682 0.02172
0.46541 0.024197
0.47909 0.020719
0.50615 0.021686
0.43905 0.025177
0.48461 0.023021
0.44595 0.030731
0.44594 0.032734
0.47905 0.03012
0.49988 0.022084
0.47428 0.037369
0.4777 0.038276
0.49103 0.028701
0.49588 0.023346
0.46959 0.038748
0.48268 0.037822
0.48839 0.026644
0.49386 0.026668
0.48374 0.037678
0.50314 0.037909
0.5041 0.025734
0.50307 0.031141
0.50296 0.037904
0.49968 0.026188
0.53429 0.021422
0.52239 0.021259
0.58826 0.020324
0.55172 0.022681
0.57332 0.024789
0.51126 0.021629
0.54026 0.03092
0.52107 0.02416
0.5191 0.024936
0.55811 0.029138
0.56486 0.032712
0.51521 0.025168
0.52628 0.02905
0.53347 0.036846
0.55386 0.036069
0.51631 0.028358
0.52695 0.034447
0.53044 0.039114
0.55423 0.038578
0.526 0.03453
0.51442 0.030144
0.52806 0.038973
0.51138 0.038575
0.50926 0.028094
0.53476 0.039759
0.60321 0.021174
0.60451 0.026505
0.62407 0.028934
0.70305 0.038345
0.61026 0.034977
0.66486 0.040131
0.61212 0.039186
0.57854 0.033241
0.9026 0.039019
0.58861 0.033678
0.58414 0.037435
0.97091 0.035934
0.97018 0.029227
0.577 0.038726
0.59414 0.038389
0.91772 0.039793
0.6399 0.035264
0.559 0.037182
0.51133 0.038571
0.64999 0.039199
0.61504 0.039096
0.63465 0.031048
0.96697 0.038882
0.6716 0.040105
0.92494 0.039571
0.96226 0.025424
0.97432 0.026067
0.9671 0.027093
0.96861 0.027828
0.87125 0.038388
0.62907 0.039496
0.64303 0.028776
0.97561 0.026546
0.66576 0.039528
0.97597 0.026589
0.97593 0.026679
0.97581 0.026414
0.63994 0.02601
0.97521 0.026034
0.78128 0.039504
0.95231 0.039231
0.97514 0.026003
0.77407 0.039933
0.96946 0.024929
0.85254 0.038505
0.96814 0.024836
0.97055 0.025026
0.96516 0.024697
0.66348 0.033415
0.96009 0.039265
0.70874 0.038788
0.95602 0.02446
0.96087 0.024541
0.95883 0.02451
0.66323 0.029142
0.93683 0.039743
0.67451 0.035538
0.89873 0.038373
0.95161 0.024593
0.67843 0.03996
0.86915 0.039486
0.7282 0.040441
0.93486 0.025825
0.93293 0.024491
0.9356 0.025881
0.68554 0.039179
0.94301 0.026934
0.68476 0.036434
0.94679 0.02799
0.94554 0.02744
0.94674 0.027963
0.68562 0.03605
0.95087 0.029747
0.69852 0.037172
0.8317 0.03864
0.95012 0.029446
0.95549 0.033263
0.69935 0.035325
0.80008 0.03934
0.69574 0.030616
0.93892 0.036585
0.95005 0.035049
0.94125 0.037029
0.70035 0.029194
0.74534 0.039377
0.70196 0.02346
0.73903 0.039237
0.92708 0.035974
0.92524 0.035594
0.71021 0.027192
0.92234 0.035306
0.71925 0.026744
0.7496 0.038653
0.92033 0.034905
0.91669 0.03418
0.73327 0.038193
0.76451 0.038994
0.72909 0.024727
0.81091 0.039614
0.91151 0.032537
0.91449 0.033058
0.74611 0.034024
0.91378 0.032709
0.76051 0.035189
0.78052 0.038359
0.91397 0.032798
0.91308 0.032169
0.74413 0.026881
0.80946 0.039406
0.75497 0.025969
0.78007 0.03597
0.90865 0.031861
0.77187 0.030792
0.79606 0.039144
0.76386 0.025299
0.79352 0.038056
0.88717 0.036799
0.87812 0.038687
0.77678 0.02785
0.80329 0.035726
0.78416 0.026811
0.82204 0.039148
0.87511 0.03886
0.87646 0.039098
0.7919 0.028531
0.87834 0.038612
0.81522 0.034667
0.82078 0.039147
0.87957 0.038275
0.88654 0.036663
0.81617 0.032735
0.84572 0.035477
0.82173 0.032521
0.83765 0.030415
0.88305 0.035372
0.87948 0.034688
0.81943 0.027097
0.84247 0.031952
0.828 0.022864
0.85751 0.030852
0.87592 0.032812
0.87561 0.030307
0.84331 0.024639
0.8628 0.02848
0.85161 0.02313
0.87825 0.024952
0.87536 0.028051
0.87571 0.026843
0.86882 0.022382
0.88551 0.023409
0.94993 0.020361
0.94944 0.022234
