348
0.068902 0.02073
0.046749 0.023789
0.12703 0.020564
0.070001 0.024309
0.031858 0.023835
0.070853 0.02432
0.15053 0.020976
0.15839 0.022922
0.18266 0.021831
0.11479 0.027659
0.11016 0.026263
0.11522 0.027867
0.19789 0.0247
0.1866 0.026917
0.20201 0.027396
0.13149 0.027445
0.12259 0.028104
0.12999 0.027462
0.20867 0.03031
0.13492 0.028129
0.21411 0.029099
0.18933 0.039275
0.13363 0.028464
0.12707 0.029906
0.21088 0.032838
0.12722 0.030442
0.23383 0.025468
0.20384 0.037683
0.12486 0.030713
0.13246 0.030173
0.24294 0.028398
0.1436 0.031456
0.25178 0.026578
0.20312 0.037871
0.14343 0.031256
0.1393 0.030769
0.25899 0.024469
0.12878 0.031334
0.27114 0.02616
0.23925 0.035672
0.12599 0.032236
0.27863 0.021711
0.10585 0.030137
0.28488 0.026464
0.25394 0.035237
0.10418 0.0291
0.28653 0.030447
0.10787 0.03168
0.29849 0.023737
0.12292 0.03316
0.1202 0.033412
0.3026 0.027697
0.26169 0.036784
0.30224 0.029944
0.27507 0.038117
0.14451 0.037036
0.31951 0.028219
0.28207 0.038886
0.32389 0.030561
0.13551 0.033341
0.14098 0.034671
0.13695 0.033431
0.33095 0.031507
0.12514 0.034438
0.34766 0.025308
0.11886 0.034926
0.1251 0.034436
0.11875 0.034961
0.33933 0.030174
0.09955 0.028542
0.34149 0.03221
0.25749 0.037367
0.10867 0.034275
0.089017 0.027773
0.36439 0.026226
0.063987 0.030438
0.36947 0.026333
0.20752 0.038282
0.068878 0.030069
0.051648 0.031107
0.37222 0.026449
0.14505 0.038741
0.36207 0.036997
0.23413 0.037418
0.044386 0.029653
0.033447 0.026909
0.32566 0.038172
0.16027 0.039739
0.37095 0.035672
0.16749 0.03927
0.028963 0.027397
0.027331 0.030152
0.32032 0.037218
0.069847 0.032534
0.38497 0.028414
0.032334 0.034596
0.029488 0.033357
0.032389 0.034681
0.34666 0.037249
0.050655 0.033059
0.21932 0.038577
0.066441 0.036377
0.032555 0.034875
0.033531 0.03592
0.38189 0.036162
0.034011 0.036836
0.37873 0.0374
0.082386 0.030678
0.034803 0.037398
0.38275 0.037897
0.046572 0.034312
0.39106 0.036341
0.081386 0.031519
0.036352 0.037582
0.39099 0.038155
0.038797 0.037707
0.35515 0.037115
0.1087 0.036875
0.041554 0.03778
0.046901 0.038149
0.3353 0.037797
0.14442 0.038689
0.39822 0.026577
0.087187 0.034284
0.12478 0.038858
0.077821 0.03556
0.34326 0.037833
0.39861 0.027653
0.30332 0.038739
0.40585 0.022398
0.4052 0.026344
0.40032 0.032848
0.093732 0.03512
0.40768 0.032886
0.30975 0.037392
0.074162 0.036024
0.07269 0.036091
0.42425 0.031086
0.41941 0.033824
0.40175 0.036925
0.40704 0.035099
0.43146 0.036432
0.43111 0.036541
0.41485 0.037175
0.40723 0.036079
0.41566 0.037174
0.45228 0.038135
0.45158 0.021714
0.46066 0.024201
0.47414 0.020681
0.49812 0.021853
0.43301 0.024815
0.47981 0.023036
0.44143 0.030256
0.44251 0.03196
0.47439 0.029554
0.49298 0.022383
0.47318 0.036663
0.47753 0.036889
0.48628 0.029938
0.49006 0.023937
0.46927 0.039448
0.48206 0.037945
0.48358 0.027297
0.4884 0.027789
0.48274 0.037963
0.49436 0.040071
0.49636 0.026459
0.49525 0.032655
0.49425 0.040144
0.49284 0.02708
0.52683 0.021353
0.51474 0.021248
0.58192 0.020344
0.54629 0.022533
0.56612 0.024779
0.50355 0.021677
0.53287 0.030163
0.51335 0.024142
0.51145 0.02488
0.55302 0.029595
0.55851 0.033586
0.50741 0.025094
0.51865 0.028966
0.52342 0.035563
0.54939 0.035417
0.50862 0.028165
0.51736 0.034071
0.51907 0.038546
0.55011 0.03839
0.51638 0.034093
0.50624 0.030102
0.5167 0.038813
0.50025 0.039517
0.50148 0.028532
0.52379 0.039125
0.5952 0.021221
0.59655 0.026661
0.61658 0.029001
0.69405 0.039336
0.60149 0.034608
0.6569 0.039628
0.60231 0.038649
0.57154 0.032796
0.90115 0.038622
0.58168 0.034319
0.57758 0.03718
0.96937 0.035373
0.96986 0.028923
0.56952 0.038166
0.5865 0.0391
0.91638 0.039381
0.63347 0.03683
0.55451 0.037687
0.50019 0.039538
0.64114 0.03982
0.60393 0.038999
0.62687 0.031414
0.96335 0.038089
0.66359 0.037644
0.92303 0.038383
0.9617 0.025114
0.97414 0.025882
0.9667 0.02682
0.96825 0.027573
0.86372 0.036768
0.6202 0.038224
0.63512 0.030027
0.97547 0.026347
0.65759 0.037914
0.97585 0.026388
0.9758 0.026476
0.97567 0.026219
0.6327 0.026896
0.97506 0.02585
0.77616 0.038723
0.94787 0.039017
0.97499 0.02582
0.76765 0.039278
0.96913 0.024775
0.84549 0.039111
0.96777 0.024669
0.97025 0.024871
0.96469 0.024481
0.65425 0.033079
0.95498 0.038474
0.6984 0.03974
0.95506 0.024098
0.96023 0.024257
0.95817 0.024193
0.65329 0.028945
0.93344 0.039063
0.6667 0.033643
0.8948 0.038458
0.95009 0.024146
0.67334 0.037936
0.86072 0.03794
0.71546 0.040526
0.93172 0.025565
0.92976 0.024334
0.93248 0.025597
0.68072 0.039155
0.94042 0.026348
0.67939 0.036224
0.94467 0.027164
0.94326 0.026716
0.94461 0.027142
0.67988 0.035975
0.94936 0.028837
0.69072 0.038434
0.82602 0.037645
0.94843 0.028554
0.95329 0.032079
0.69105 0.036418
0.79491 0.036473
0.68768 0.031672
0.93588 0.035146
0.94716 0.033572
0.9381 0.035412
0.69151 0.029855
0.73124 0.038535
0.69298 0.023695
0.7252 0.039243
0.9246 0.035172
0.92287 0.034765
0.70074 0.027121
0.92013 0.034567
0.71039 0.026478
0.73527 0.037855
0.918 0.034263
0.91457 0.033746
0.72108 0.038437
0.75365 0.038509
0.72035 0.024691
0.80497 0.03808
0.90879 0.032384
0.91193 0.032758
0.73569 0.03222
0.91111 0.032445
0.7506 0.03481
0.77502 0.037346
0.91133 0.032523
0.91025 0.032005
0.7362 0.026046
0.80403 0.037659
0.74829 0.026168
0.77397 0.035239
0.90564 0.031551
0.76397 0.030693
0.7906 0.036464
0.75568 0.025718
0.78751 0.036041
0.88027 0.038499
0.86954 0.0387
0.7686 0.027718
0.79757 0.033494
0.77669 0.026512
0.81526 0.037896
0.86718 0.037381
0.86803 0.03858
0.78449 0.02802
0.8698 0.038564
0.80992 0.033149
0.81413 0.037552
0.87119 0.038327
0.87968 0.037985
0.81141 0.031595
0.84147 0.034598
0.81687 0.031681
0.83388 0.029923
0.87658 0.035842
0.87378 0.034523
0.81525 0.026708
0.83893 0.031475
0.82425 0.0228
0.85355 0.031093
0.87166 0.032209
0.87277 0.029882
0.84029 0.024526
0.85879 0.02838
0.84846 0.023285
0.87583 0.024923
0.87291 0.027711
0.87329 0.026584
0.86559 0.02222
0.88271 0.023692
0.94821 0.020326
0.94765 0.022012
