348
0.048698 0.021157
0.034492 0.026254
0.090383 0.020568
0.049385 0.026843
0.026296 0.02722
0.049916 0.026867
0.11177 0.021023
0.12046 0.022813
0.14347 0.021802
0.078869 0.029581
0.076007 0.028436
0.079175 0.029768
0.16043 0.02437
0.14774 0.026331
0.16457 0.027199
0.094795 0.027677
0.085805 0.028895
0.093536 0.0276
0.17164 0.03009
0.09836 0.028793
0.17681 0.028998
0.14886 0.039337
0.097001 0.028994
0.090329 0.029972
0.17372 0.032635
0.090335 0.030509
0.19576 0.025631
0.1665 0.037119
0.087715 0.031073
0.095683 0.0306
0.20506 0.028476
0.106 0.032089
0.21392 0.027406
0.16573 0.038055
0.10589 0.031885
0.10278 0.032173
0.21963 0.025624
0.091756 0.031424
0.22902 0.027156
0.20196 0.035736
0.088475 0.032367
0.23606 0.021823
0.072622 0.034476
0.24208 0.027254
0.21434 0.037141
0.071489 0.033251
0.24316 0.031442
0.074026 0.036274
0.25517 0.023977
0.084846 0.034626
0.082211 0.035686
0.25885 0.02833
0.21923 0.040926
0.25831 0.03066
0.22959 0.041481
0.10619 0.037611
0.27148 0.030153
0.23711 0.041211
0.27488 0.032232
0.098736 0.034328
0.10408 0.03632
0.10046 0.034718
0.28189 0.0318
0.08682 0.034976
0.29668 0.026809
0.08069 0.037723
0.08678 0.03499
0.080598 0.037784
0.29093 0.031525
0.06839 0.032191
0.29305 0.03401
0.217 0.043274
0.074546 0.03957
0.061553 0.032083
0.30949 0.027715
0.046474 0.036256
0.31426 0.027491
0.17074 0.03888
0.049428 0.03582
0.03865 0.037587
0.31707 0.027352
0.10629 0.042111
0.31111 0.040635
0.19737 0.040129
0.033388 0.036288
0.027174 0.03287
0.27487 0.04123
0.1242 0.040292
0.31853 0.037645
0.1338 0.041627
0.024799 0.033932
0.024097 0.039121
0.2694 0.041448
0.050853 0.039486
0.32807 0.029161
0.028198 0.046637
0.025995 0.044954
0.028263 0.046762
0.29768 0.041975
0.038977 0.040581
0.18263 0.038995
0.050047 0.044894
0.028436 0.047035
0.029464 0.048414
0.32589 0.038248
0.030154 0.049665
0.32419 0.042529
0.057891 0.036636
0.030997 0.050434
0.32633 0.042344
0.037056 0.042684
0.33166 0.03733
0.057514 0.037924
0.032244 0.05026
0.3307 0.043056
0.03437 0.049458
0.30636 0.042091
0.074487 0.043397
0.036007 0.048881
0.03932 0.048512
0.28825 0.042084
0.1059 0.042446
0.34107 0.027396
0.061468 0.041859
0.084524 0.04195
0.056706 0.045011
0.29566 0.042115
0.3417 0.028715
0.25788 0.04149
0.36768 0.022776
0.36541 0.027468
0.3438 0.034674
0.06597 0.043833
0.36839 0.034394
0.26121 0.041263
0.05476 0.046139
0.054002 0.046813
0.38695 0.033619
0.38191 0.035951
0.34456 0.040132
0.36284 0.037539
0.3896 0.040267
0.38913 0.04135
0.37662 0.040591
0.36152 0.039542
0.37741 0.041213
0.40919 0.037007
0.41245 0.021537
0.42414 0.023171
0.44146 0.020664
0.4647 0.021664
0.39522 0.025636
0.44608 0.023275
0.40216 0.031099
0.40257 0.032561
0.44101 0.0293
0.45875 0.02217
0.43848 0.035252
0.44231 0.037213
0.45077 0.030351
0.45538 0.023743
0.43269 0.038277
0.44419 0.039698
0.44918 0.027737
0.45364 0.027776
0.44452 0.039553
0.45376 0.039156
0.46254 0.025827
0.45901 0.031513
0.45359 0.039416
0.45857 0.026448
0.49576 0.021137
0.4825 0.021185
0.56157 0.020264
0.5209 0.022079
0.54256 0.024121
0.47096 0.021575
0.5034 0.02795
0.48125 0.023947
0.47928 0.024681
0.52831 0.028538
0.53282 0.031861
0.47506 0.024795
0.48639 0.028357
0.48977 0.0336
0.52239 0.032948
0.47623 0.027739
0.48328 0.033091
0.48313 0.037562
0.52199 0.037702
0.48201 0.033152
0.47324 0.029502
0.47951 0.03825
0.46083 0.038798
0.46859 0.027843
0.48847 0.038301
0.5823 0.020722
0.58491 0.023972
0.61632 0.026164
0.69858 0.039201
0.5964 0.028816
0.6599 0.040188
0.59885 0.031307
0.5493 0.030681
0.91944 0.0415
0.55944 0.030978
0.55405 0.033444
0.9735 0.04316
0.97348 0.033509
0.54391 0.036151
0.56566 0.033157
0.93352 0.045146
0.63757 0.036601
0.52683 0.036286
0.4607 0.038814
0.64377 0.041029
0.60189 0.032357
0.63092 0.029694
0.96928 0.046875
0.66642 0.0392
0.93885 0.045557
0.96782 0.027621
0.97619 0.02903
0.97133 0.030324
0.97235 0.031496
0.87311 0.03922
0.62465 0.034059
0.63852 0.030329
0.97705 0.029744
0.66062 0.038166
0.97729 0.029807
0.97727 0.029942
0.97718 0.029547
0.63642 0.026827
0.97678 0.028981
0.77512 0.039539
0.95801 0.045882
0.97674 0.028934
0.76657 0.040531
0.97292 0.027233
0.84495 0.038595
0.97203 0.027096
0.97365 0.027373
0.96994 0.026736
0.65812 0.03282
0.96386 0.045989
0.70316 0.038499
0.96364 0.025877
0.96687 0.026324
0.96556 0.026133
0.65751 0.028781
0.94478 0.04619
0.66981 0.034224
0.91376 0.040537
0.96003 0.025741
0.67581 0.037993
0.86876 0.038646
0.7273 0.041934
0.94534 0.027674
0.94392 0.026047
0.94591 0.027664
0.68451 0.039515
0.95244 0.027863
0.68252 0.036211
0.95579 0.028957
0.9547 0.028309
0.95575 0.028923
0.6831 0.035937
0.95951 0.032081
0.69453 0.038061
0.82839 0.040688
0.95875 0.031487
0.96274 0.037101
0.69457 0.036142
0.7987 0.039863
0.69062 0.03168
0.94795 0.039626
0.95789 0.037812
0.95027 0.039067
0.69422 0.029873
0.74085 0.040617
0.69575 0.023717
0.73653 0.041312
0.94039 0.041583
0.93941 0.04086
0.70365 0.026658
0.93722 0.039866
0.71457 0.025877
0.74301 0.039932
0.93569 0.038933
0.93337 0.037464
0.73154 0.037317
0.7513 0.040663
0.72533 0.024565
0.80798 0.040315
0.92883 0.03549
0.93152 0.035894
0.74169 0.033475
0.93091 0.03552
0.75046 0.035685
0.77497 0.037098
0.93108 0.035612
0.93024 0.035016
0.74137 0.026674
0.80719 0.040121
0.75082 0.026644
0.77494 0.034972
0.92608 0.034035
0.76683 0.030598
0.795 0.037403
0.75897 0.025489
0.79201 0.036115
0.89963 0.041415
0.89111 0.04126
0.77233 0.028019
0.80073 0.036121
0.77992 0.026391
0.81998 0.040231
0.88436 0.039894
0.88827 0.039952
0.78842 0.02802
0.89144 0.040635
0.81081 0.034011
0.81802 0.039153
0.8932 0.040722
0.90017 0.038754
0.8119 0.03262
0.83944 0.033324
0.81857 0.03326
0.83168 0.031887
0.89901 0.037123
0.89704 0.036178
0.81605 0.027747
0.83697 0.031284
0.82384 0.023283
0.85311 0.029052
0.89463 0.03395
0.89665 0.031489
0.83746 0.024371
0.85872 0.027347
0.8464 0.022906
0.90069 0.025586
0.89741 0.028995
0.89809 0.027649
0.87205 0.022495
0.90582 0.024114
0.95856 0.020436
0.95813 0.022667
