348
0.078181 0.020516
0.048179 0.023145
0.15592 0.020497
0.079651 0.023041
0.031767 0.023828
0.080874 0.023049
0.18324 0.020901
0.19194 0.022664
0.21664 0.021883
0.14182 0.026085
0.13596 0.024666
0.14238 0.026286
0.23047 0.02525
0.22053 0.027217
0.23424 0.028354
0.16072 0.026409
0.15115 0.02712
0.1593 0.026519
0.24111 0.030478
0.16509 0.026862
0.24605 0.029281
0.22384 0.042995
0.1634 0.027165
0.15596 0.02871
0.24415 0.033123
0.15609 0.02918
0.26394 0.025675
0.23873 0.039122
0.1534 0.029279
0.16198 0.028644
0.2738 0.027806
0.17677 0.029266
0.28326 0.026752
0.23847 0.041525
0.1765 0.029096
0.17173 0.029139
0.28995 0.025114
0.15801 0.030016
0.30058 0.02657
0.27002 0.034703
0.1548 0.03052
0.30819 0.021689
0.13072 0.027167
0.31413 0.026974
0.28358 0.035244
0.12806 0.026604
0.31494 0.030953
0.13437 0.028445
0.32815 0.023932
0.15217 0.031658
0.15014 0.031827
0.33202 0.028858
0.28955 0.039191
0.33128 0.031203
0.30016 0.039997
0.17994 0.033545
0.34323 0.030849
0.30766 0.040644
0.34626 0.032895
0.16656 0.031068
0.17563 0.032195
0.16883 0.031156
0.35316 0.031594
0.15418 0.032397
0.36961 0.025996
0.14947 0.032967
0.15415 0.032401
0.14937 0.032981
0.36274 0.030693
0.12154 0.026205
0.36462 0.032578
0.28708 0.042871
0.13761 0.030596
0.10723 0.025572
0.38326 0.027283
0.072279 0.027263
0.38839 0.026939
0.24427 0.04304
0.079168 0.026844
0.055086 0.028346
0.39168 0.027068
0.18366 0.038598
0.38112 0.039177
0.26619 0.041742
0.04402 0.028214
0.032897 0.026759
0.34318 0.043319
0.20068 0.040807
0.39109 0.036615
0.21044 0.042392
0.028551 0.027455
0.027126 0.030416
0.33768 0.043778
0.084161 0.028196
0.40209 0.029624
0.033738 0.034698
0.030164 0.034027
0.033836 0.034759
0.3672 0.04008
0.055719 0.029842
0.25531 0.042198
0.08409 0.030422
0.034106 0.034886
0.035724 0.035502
0.39894 0.039027
0.03679 0.036156
0.39601 0.044264
0.10093 0.027071
0.038143 0.036529
0.39847 0.044094
0.051608 0.031428
0.40356 0.037704
0.1008 0.027538
0.040288 0.036307
0.40116 0.04607
0.044564 0.035667
0.37635 0.042807
0.14197 0.034558
0.048187 0.035186
0.05565 0.034098
0.35546 0.042494
0.1835 0.039515
0.41631 0.027483
0.11268 0.02985
0.15594 0.039098
0.10664 0.031376
0.36502 0.041401
0.41692 0.028988
0.32783 0.042646
0.43749 0.022829
0.43496 0.028171
0.41848 0.036213
0.12561 0.032847
0.43615 0.034566
0.33119 0.043565
0.10188 0.031708
0.099671 0.031937
0.45467 0.033696
0.4501 0.036526
0.41792 0.044753
0.42578 0.04288
0.45651 0.039756
0.45536 0.041526
0.4447 0.042666
0.42336 0.050058
0.44562 0.046419
0.47565 0.049876
0.47767 0.022675
0.4845 0.02536
0.49497 0.02107
0.50835 0.022602
0.46597 0.025634
0.49805 0.025379
0.4723 0.035123
0.47252 0.037208
0.49468 0.034963
0.50507 0.023695
0.49215 0.044052
0.49466 0.047134
0.50086 0.037822
0.50335 0.026509
0.48804 0.050146
0.49575 0.051102
0.49997 0.03295
0.50246 0.033585
0.49604 0.050889
0.50177 0.053377
0.50699 0.029496
0.50502 0.039601
0.50167 0.053873
0.50499 0.030997
0.52984 0.022225
0.52243 0.02177
0.56339 0.020557
0.54157 0.024232
0.55346 0.027364
0.51324 0.022098
0.53345 0.036759
0.52148 0.02574
0.51998 0.026573
0.54525 0.036388
0.54728 0.041188
0.5166 0.026203
0.52481 0.033555
0.52695 0.043778
0.54134 0.046169
0.51757 0.030246
0.52346 0.040137
0.52396 0.047661
0.54038 0.057229
0.5225 0.039649
0.51508 0.032251
0.52093 0.046351
0.50492 0.052838
0.51137 0.031064
0.52666 0.053434
0.57323 0.021382
0.57473 0.027505
0.59058 0.03212
0.65996 0.04622
0.58345 0.037663
0.62559 0.043119
0.58707 0.044583
0.55743 0.039414
0.85369 0.035249
0.5621 0.043015
0.55966 0.046813
0.96551 0.032842
0.96838 0.027777
0.55444 0.048958
0.56473 0.050781
0.87295 0.034033
0.60965 0.040866
0.5432 0.05254
0.50487 0.052893
0.6178 0.053666
0.58847 0.050079
0.60001 0.032035
0.952 0.034479
0.6317 0.041218
0.88492 0.032273
0.95895 0.024263
0.97345 0.025254
0.96507 0.025837
0.96672 0.026538
0.8028 0.043101
0.59561 0.042036
0.60738 0.032455
0.97493 0.02567
0.6257 0.040044
0.97535 0.025707
0.9753 0.025785
0.97516 0.025556
0.60487 0.027836
0.97447 0.025226
0.71882 0.042178
0.92581 0.032676
0.97439 0.025199
0.71255 0.043021
0.96783 0.024144
0.78709 0.045167
0.96631 0.024028
0.96908 0.024267
0.96272 0.023796
0.6227 0.034677
0.93904 0.033173
0.66297 0.04562
0.95078 0.023219
0.95709 0.023523
0.95443 0.023396
0.62163 0.030325
0.89964 0.031947
0.63381 0.035218
0.84708 0.035039
0.94461 0.022984
0.64067 0.038074
0.79987 0.04418
0.67608 0.05032
0.9144 0.023353
0.91119 0.022574
0.9157 0.02337
0.65173 0.043525
0.92917 0.02386
0.64748 0.037953
0.9364 0.02461
0.93396 0.02425
0.93631 0.024592
0.64798 0.037682
0.9432 0.026252
0.65691 0.041734
0.77192 0.043599
0.94206 0.025937
0.9453 0.02886
0.65655 0.039324
0.74291 0.042052
0.65274 0.033443
0.91503 0.028501
0.93554 0.029016
0.92014 0.0285
0.65486 0.031676
0.68958 0.04903
0.65589 0.024488
0.6869 0.049483
0.89415 0.029462
0.89257 0.029195
0.66248 0.029166
0.88889 0.028942
0.66948 0.029275
0.691 0.046167
0.88663 0.028844
0.88314 0.028766
0.68128 0.042492
0.69784 0.044313
0.67633 0.026135
0.75168 0.041777
0.87444 0.029002
0.88012 0.028477
0.68919 0.038426
0.87896 0.028452
0.69588 0.037994
0.71866 0.037856
0.87928 0.028455
0.87783 0.028361
0.68863 0.029305
0.75059 0.040914
0.69524 0.027855
0.71843 0.035683
0.87086 0.028618
0.7112 0.031492
0.73936 0.038045
0.70375 0.025556
0.73594 0.036591
0.8281 0.039581
0.82002 0.03935
0.71588 0.02857
0.74396 0.035847
0.72314 0.026777
0.76428 0.042869
0.81317 0.038987
0.81722 0.038186
0.73149 0.028195
0.821 0.038101
0.75456 0.034188
0.76247 0.040372
0.82255 0.038223
0.83161 0.034904
0.75546 0.032847
0.78148 0.035609
0.76192 0.034127
0.77372 0.032787
0.83125 0.033583
0.82939 0.032816
0.75914 0.028029
0.77851 0.032396
0.76597 0.023599
0.79093 0.032237
0.82792 0.031222
0.83159 0.029173
0.77859 0.02483
0.79481 0.029755
0.78632 0.023744
0.83816 0.024418
0.8336 0.027211
0.8345 0.026132
0.80603 0.02276
0.84463 0.023088
0.94205 0.020225
0.94124 0.021379
