348
0.064276 0.020842
0.044534 0.0242
0.11504 0.020557
0.065307 0.025027
0.030993 0.024185
0.066104 0.0251
0.13733 0.020962
0.14643 0.022465
0.1719 0.02182
0.10251 0.02773
0.098602 0.026534
0.10292 0.027956
0.18871 0.024309
0.17641 0.026746
0.19338 0.026686
0.11962 0.027729
0.11084 0.028041
0.11787 0.027607
0.20042 0.029035
0.12325 0.028579
0.20704 0.02833
0.17983 0.03767
0.12195 0.028912
0.11502 0.029777
0.20203 0.031439
0.11499 0.030327
0.22646 0.026063
0.19452 0.036513
0.11272 0.030445
0.12047 0.030689
0.23451 0.029106
0.13105 0.032806
0.24331 0.027023
0.19364 0.036719
0.1309 0.032575
0.12701 0.031375
0.24936 0.024653
0.11612 0.031404
0.26211 0.025506
0.22791 0.038057
0.11338 0.032032
0.27082 0.021557
0.094415 0.031174
0.27767 0.026142
0.2422 0.036543
0.092771 0.030143
0.27943 0.029981
0.095825 0.032766
0.29153 0.023641
0.11 0.033277
0.10658 0.03419
0.29586 0.027533
0.24933 0.037563
0.29574 0.029757
0.26527 0.036305
0.13191 0.039447
0.31178 0.028475
0.2738 0.037607
0.31647 0.031056
0.12315 0.034237
0.12839 0.0359
0.12458 0.034263
0.32391 0.031537
0.11206 0.034348
0.3403 0.024757
0.10438 0.035435
0.11203 0.034344
0.10425 0.035441
0.33175 0.029724
0.088437 0.029767
0.33388 0.031646
0.24458 0.038003
0.09552 0.035791
0.080106 0.030082
0.35883 0.025885
0.059492 0.032089
0.36404 0.026354
0.19802 0.036539
0.064383 0.031621
0.048521 0.032524
0.36693 0.026281
0.13226 0.040192
0.35561 0.035933
0.22421 0.039782
0.04216 0.030542
0.032466 0.027539
0.31972 0.039335
0.14992 0.03506
0.36516 0.035738
0.15995 0.038977
0.028309 0.028003
0.02681 0.030951
0.31462 0.038336
0.065497 0.034643
0.3802 0.027824
0.030638 0.036055
0.028379 0.034468
0.03067 0.036153
0.33834 0.036136
0.046916 0.034925
0.21051 0.037584
0.061617 0.039104
0.030774 0.036378
0.031391 0.037575
0.37545 0.035512
0.031605 0.038621
0.37206 0.036952
0.075677 0.03414
0.032126 0.039175
0.37633 0.036747
0.042552 0.035953
0.38693 0.03422
0.075113 0.03525
0.033309 0.03938
0.38669 0.035216
0.035126 0.039574
0.3483 0.035741
0.094342 0.038878
0.037022 0.039733
0.041397 0.039971
0.32821 0.037831
0.13157 0.04005
0.39585 0.026052
0.079474 0.039105
0.11032 0.038801
0.07319 0.040385
0.33499 0.036952
0.39632 0.02707
0.29734 0.037811
0.40354 0.022265
0.40291 0.025943
0.39857 0.032088
0.083551 0.039211
0.4052 0.032792
0.30501 0.038624
0.070066 0.039734
0.0687 0.03961
0.42192 0.031547
0.41693 0.034416
0.39988 0.036145
0.40449 0.034918
0.42688 0.038374
0.42659 0.038365
0.41178 0.037697
0.40461 0.035998
0.41269 0.037726
0.44265 0.038119
0.44843 0.021631
0.45753 0.023905
0.47248 0.020661
0.50157 0.021589
0.43018 0.025264
0.4785 0.022794
0.43706 0.030573
0.43705 0.032547
0.47243 0.029299
0.49485 0.021953
0.46723 0.035898
0.47096 0.036769
0.48539 0.0281
0.49058 0.023123
0.4621 0.037281
0.4764 0.036443
0.48256 0.026169
0.48842 0.026213
0.47757 0.03633
0.49837 0.036835
0.49941 0.025396
0.49831 0.030472
0.49818 0.036827
0.49465 0.025797
0.53082 0.021429
0.51867 0.021214
0.58284 0.020364
0.54801 0.022628
0.56934 0.025198
0.50694 0.021542
0.53653 0.031026
0.51729 0.024002
0.51519 0.024732
0.55451 0.029084
0.56146 0.033021
0.5111 0.024921
0.52265 0.028787
0.52936 0.036979
0.54955 0.03566
0.51225 0.027973
0.5231 0.03404
0.52623 0.038856
0.54967 0.038109
0.52215 0.034098
0.51027 0.029646
0.52392 0.038466
0.50696 0.037582
0.50484 0.027655
0.53031 0.03998
0.59622 0.021285
0.59744 0.027098
0.61545 0.0297
0.69452 0.037811
0.60152 0.036174
0.65428 0.038681
0.60221 0.040699
0.57429 0.034552
0.89999 0.039425
0.58297 0.035358
0.57912 0.039375
0.97057 0.035234
0.96972 0.028839
0.57294 0.040488
0.58712 0.040692
0.916 0.039108
0.62834 0.035894
0.5549 0.037123
0.5069 0.037578
0.63694 0.039424
0.60491 0.040577
0.62475 0.031727
0.96654 0.038195
0.66293 0.038311
0.9241 0.038536
0.96144 0.02527
0.97406 0.025797
0.9665 0.026833
0.96808 0.02752
0.86872 0.039071
0.61669 0.040999
0.63337 0.028986
0.97541 0.026255
0.65566 0.038138
0.97579 0.026296
0.97574 0.026382
0.97561 0.026129
0.63036 0.026201
0.97498 0.025766
0.77956 0.038893
0.95214 0.039033
0.97491 0.025736
0.77149 0.038119
0.96897 0.024728
0.8499 0.039563
0.96759 0.02465
0.97011 0.024811
0.96446 0.02454
0.65358 0.032511
0.95963 0.038794
0.69963 0.038164
0.95514 0.024382
0.96006 0.024424
0.95799 0.024409
0.65381 0.02852
0.93708 0.038987
0.6663 0.034487
0.89609 0.038949
0.95065 0.024525
0.67085 0.038925
0.86658 0.040133
0.72152 0.038841
0.93331 0.02552
0.93126 0.024192
0.93411 0.025583
0.67721 0.038483
0.94198 0.026697
0.67665 0.035804
0.94576 0.027779
0.94449 0.027223
0.94571 0.027752
0.67744 0.035457
0.9499 0.02958
0.69024 0.03665
0.83063 0.038085
0.94914 0.029265
0.95478 0.033042
0.69138 0.03487
0.79715 0.03914
0.68834 0.030207
0.93875 0.035976
0.94954 0.034805
0.94132 0.036504
0.6934 0.028931
0.74046 0.039217
0.69508 0.023367
0.735 0.039186
0.92586 0.035041
0.92383 0.03476
0.70334 0.02706
0.92046 0.034614
0.71258 0.026229
0.74465 0.038648
0.91826 0.034299
0.91442 0.033724
0.72799 0.037253
0.76054 0.037434
0.72375 0.024308
0.80899 0.037111
0.90896 0.032391
0.91206 0.032683
0.74094 0.034242
0.9113 0.032416
0.75554 0.034163
0.77857 0.037749
0.9115 0.032471
0.91054 0.031928
0.73895 0.026945
0.80721 0.037238
0.74979 0.025713
0.77784 0.035317
0.906 0.031845
0.76833 0.029636
0.7935 0.039826
0.75931 0.024868
0.79113 0.03913
0.8846 0.037519
0.87538 0.03925
0.77371 0.02724
0.79994 0.035184
0.78177 0.0267
0.82202 0.037409
0.87243 0.03937
0.87373 0.039574
0.78909 0.028899
0.8756 0.039186
0.81388 0.032831
0.82094 0.037291
0.87682 0.038889
0.88399 0.037363
0.81484 0.031221
0.84369 0.035939
0.82121 0.031547
0.8369 0.03045
0.88044 0.035959
0.87708 0.035165
0.81843 0.026415
0.84132 0.032186
0.82739 0.022767
0.85597 0.0312
0.87379 0.033154
0.87374 0.030574
0.84264 0.024751
0.86128 0.028754
0.85063 0.023303
0.8764 0.025097
0.8736 0.028255
0.87393 0.02702
0.86725 0.02246
0.88353 0.023538
0.94895 0.020354
0.94845 0.022188
