348
0.069736 0.020717
0.047187 0.023722
0.12876 0.020559
0.070855 0.024237
0.032044 0.023775
0.071721 0.024246
0.15246 0.020968
0.16037 0.022902
0.18477 0.021829
0.1164 0.027568
0.11171 0.026181
0.11684 0.027774
0.19997 0.024712
0.1887 0.026921
0.20408 0.027418
0.13327 0.027383
0.12428 0.028023
0.13175 0.0274
0.21072 0.030347
0.13672 0.028063
0.21614 0.029143
0.19143 0.039305
0.13542 0.028394
0.1288 0.029818
0.21292 0.03289
0.12896 0.030349
0.23572 0.025514
0.20591 0.037738
0.12657 0.030612
0.13424 0.030089
0.24475 0.028472
0.14547 0.031368
0.25351 0.026637
0.20518 0.037925
0.1453 0.031169
0.14114 0.030683
0.26066 0.02451
0.13053 0.031238
0.27269 0.026217
0.24109 0.035807
0.12771 0.032123
0.28011 0.021725
0.10734 0.029993
0.28632 0.026514
0.25565 0.035375
0.10564 0.028966
0.28795 0.030527
0.10938 0.03152
0.29983 0.023764
0.12462 0.033029
0.12188 0.03327
0.30391 0.027751
0.26333 0.036939
0.30356 0.030014
0.27659 0.038278
0.14639 0.036905
0.32071 0.028257
0.28353 0.039039
0.32508 0.0306
0.13732 0.033233
0.14283 0.034556
0.13877 0.033323
0.33212 0.031523
0.12686 0.034303
0.34891 0.025249
0.12052 0.034763
0.12682 0.0343
0.12041 0.034797
0.34048 0.030124
0.10095 0.028405
0.34266 0.032131
0.25917 0.037526
0.1102 0.034083
0.090218 0.027626
0.36597 0.026037
0.064738 0.030259
0.37125 0.026103
0.20957 0.038345
0.069713 0.0299
0.052177 0.030907
0.3741 0.026208
0.14693 0.038597
0.36357 0.036528
0.23601 0.037567
0.044781 0.029485
0.033658 0.026799
0.32684 0.038232
0.16227 0.039604
0.37278 0.035094
0.16953 0.039146
0.029103 0.027283
0.027446 0.029996
0.32152 0.037294
0.070697 0.032323
0.38738 0.028057
0.032527 0.034366
0.029636 0.033151
0.032584 0.034449
0.34789 0.03707
0.051166 0.032824
0.22133 0.03869
0.067234 0.036099
0.032752 0.03464
0.033743 0.035667
0.38415 0.035495
0.03423 0.036567
0.38085 0.036704
0.083458 0.030483
0.035035 0.037118
0.38505 0.037153
0.047007 0.034059
0.39375 0.035669
0.082438 0.03131
0.036608 0.037296
0.39367 0.037406
0.039091 0.037412
0.3565 0.036785
0.11023 0.036648
0.041896 0.037478
0.047343 0.037827
0.33645 0.037764
0.1463 0.038545
0.40123 0.026363
0.088352 0.034016
0.12649 0.038679
0.078808 0.035284
0.34445 0.037694
0.40163 0.027408
0.30463 0.038869
0.40903 0.022342
0.40837 0.026191
0.40339 0.032462
0.095024 0.034851
0.4109 0.032612
0.31101 0.037508
0.075087 0.035746
0.07359 0.035815
0.42759 0.031157
0.42281 0.0338
0.40484 0.036444
0.41024 0.034766
0.43454 0.036779
0.4342 0.036875
0.41821 0.037014
0.41043 0.035728
0.41904 0.037036
0.45351 0.038967
0.4539 0.021789
0.46269 0.024121
0.47721 0.020632
0.50341 0.021781
0.43626 0.024939
0.48319 0.022798
0.44438 0.030764
0.44527 0.032587
0.47748 0.028866
0.49777 0.022212
0.47561 0.035473
0.4805 0.035614
0.49035 0.02909
0.49453 0.023582
0.47085 0.038074
0.48543 0.036503
0.48736 0.026696
0.49269 0.02709
0.48623 0.036507
0.50011 0.038849
0.5015 0.026134
0.50049 0.031935
0.49999 0.038903
0.49761 0.026564
0.53146 0.021382
0.51967 0.021283
0.58508 0.020353
0.55055 0.022587
0.56983 0.02496
0.50879 0.021669
0.53739 0.030358
0.51832 0.024258
0.51647 0.025021
0.55713 0.029842
0.5625 0.034004
0.51255 0.025193
0.52345 0.029196
0.52826 0.03593
0.55359 0.035763
0.51372 0.028381
0.52238 0.034441
0.52413 0.03902
0.55428 0.038815
0.52145 0.03447
0.51142 0.030228
0.52194 0.039314
0.50665 0.0391
0.50678 0.028382
0.5287 0.039573
0.59811 0.021225
0.59944 0.026663
0.61995 0.028814
0.69359 0.039663
0.60441 0.034439
0.66007 0.040188
0.60525 0.038396
0.57503 0.03327
0.90152 0.038755
0.58484 0.034695
0.58084 0.037706
0.9694 0.03542
0.96989 0.02895
0.57309 0.038876
0.58957 0.039504
0.91666 0.039497
0.63702 0.036832
0.5586 0.038166
0.50659 0.039113
0.64466 0.040043
0.60692 0.038668
0.63037 0.031305
0.9634 0.038151
0.66639 0.038219
0.92327 0.038492
0.96176 0.025132
0.97416 0.0259
0.96674 0.026841
0.96828 0.027597
0.86437 0.036874
0.62365 0.037918
0.63868 0.030052
0.97549 0.026366
0.66074 0.038434
0.97586 0.026408
0.97582 0.026496
0.97569 0.026238
0.63625 0.026889
0.97507 0.025868
0.78161 0.039681
0.94798 0.039099
0.975 0.025837
0.77287 0.039459
0.96916 0.02479
0.84626 0.039276
0.9678 0.024684
0.97028 0.024886
0.96474 0.024495
0.65749 0.033432
0.95506 0.038546
0.6973 0.039016
0.95514 0.024114
0.96029 0.024272
0.95823 0.024209
0.65655 0.029181
0.93362 0.039169
0.66944 0.034115
0.89522 0.038606
0.95019 0.024163
0.67555 0.038701
0.86139 0.038056
0.72096 0.038163
0.93192 0.025596
0.92996 0.024359
0.93267 0.025628
0.68223 0.040244
0.94056 0.026379
0.68131 0.03711
0.94479 0.027197
0.94339 0.026748
0.94474 0.027175
0.68176 0.036862
0.94946 0.028874
0.69086 0.03952
0.82704 0.037968
0.94854 0.028591
0.95337 0.032127
0.69149 0.037258
0.79765 0.03785
0.68924 0.032502
0.93604 0.035227
0.94728 0.033631
0.93826 0.035491
0.69309 0.03019
0.73763 0.038883
0.69445 0.023748
0.7316 0.038798
0.92483 0.035262
0.92311 0.034853
0.7022 0.026497
0.92039 0.034653
0.714 0.025411
0.74174 0.038403
0.91827 0.034348
0.91487 0.033829
0.72732 0.037376
0.75885 0.039374
0.72559 0.024359
0.80693 0.039001
0.90911 0.032461
0.91224 0.032834
0.74135 0.032571
0.91143 0.032519
0.75562 0.035676
0.78026 0.038114
0.91164 0.032598
0.91057 0.032077
0.74147 0.02622
0.80603 0.038613
0.75286 0.026581
0.77881 0.035809
0.90599 0.031627
0.768 0.030849
0.7939 0.03807
0.75978 0.02596
0.79117 0.037721
0.88082 0.038636
0.87015 0.038812
0.77252 0.027778
0.79979 0.03451
0.78062 0.026828
0.81661 0.038446
0.86781 0.037487
0.86865 0.038692
0.78772 0.028731
0.87041 0.038675
0.81145 0.033634
0.81554 0.038114
0.87179 0.038439
0.88024 0.038116
0.81284 0.032003
0.84227 0.034744
0.81808 0.032019
0.83477 0.030051
0.87716 0.035951
0.87437 0.034617
0.8165 0.026914
0.83975 0.031601
0.82528 0.022857
0.85426 0.03117
0.87226 0.032285
0.87336 0.029945
0.8411 0.024573
0.85947 0.028435
0.84921 0.02331
0.87641 0.024957
0.87351 0.02776
0.87388 0.026626
0.86623 0.022234
0.88323 0.02372
0.94832 0.020328
0.94776 0.022021
