348
0.075345 0.020652
0.050288 0.023319
0.13911 0.020534
0.076576 0.023849
0.033376 0.023394
0.07753 0.023858
0.16388 0.020921
0.17225 0.022742
0.19789 0.021774
0.12612 0.02714
0.12113 0.0258
0.12659 0.027338
0.21338 0.024666
0.20193 0.026759
0.21752 0.027372
0.14383 0.027054
0.13441 0.027634
0.14224 0.027067
0.22419 0.030336
0.14745 0.027711
0.22961 0.029175
0.20473 0.038918
0.14609 0.028025
0.13915 0.029369
0.22639 0.0329
0.13931 0.029877
0.24896 0.025606
0.21935 0.037652
0.13681 0.030115
0.14485 0.029643
0.25782 0.028642
0.15657 0.03087
0.2664 0.026786
0.21863 0.037828
0.1564 0.030681
0.15206 0.030227
0.27338 0.024621
0.14096 0.03073
0.28511 0.026377
0.25424 0.036106
0.13801 0.031563
0.29234 0.021768
0.11644 0.029328
0.29841 0.026672
0.26849 0.035731
0.11462 0.028351
0.30001 0.030779
0.11863 0.03078
0.3116 0.02384
0.13477 0.032402
0.13189 0.032598
0.31563 0.027907
0.27599 0.037371
0.31528 0.030215
0.2889 0.038736
0.15754 0.036156
0.33207 0.028416
0.29569 0.039506
0.33639 0.030818
0.14807 0.032658
0.15382 0.033931
0.14958 0.032749
0.3433 0.031793
0.13711 0.033635
0.35967 0.025467
0.13046 0.033996
0.13707 0.033632
0.13035 0.034026
0.3514 0.030392
0.10959 0.027779
0.35354 0.032488
0.27193 0.03795
0.11951 0.033191
0.097892 0.026956
0.37571 0.026522
0.069841 0.029292
0.38065 0.026703
0.22304 0.038308
0.075319 0.028994
0.055887 0.029755
0.38318 0.02688
0.1581 0.037768
0.37344 0.037736
0.24925 0.037862
0.047587 0.02847
0.035168 0.026109
0.33813 0.038622
0.17426 0.038502
0.38199 0.036659
0.18196 0.038124
0.03011 0.026558
0.028269 0.029001
0.33287 0.03763
0.076403 0.031196
0.3949 0.02913
0.033912 0.032914
0.030702 0.031841
0.033975 0.032989
0.35867 0.037744
0.054753 0.031457
0.23476 0.038839
0.072589 0.034612
0.034162 0.033159
0.035262 0.034074
0.39191 0.037549
0.035803 0.034879
0.389 0.038915
0.090447 0.029523
0.036697 0.035367
0.39265 0.039432
0.050085 0.032538
0.40015 0.037925
0.089324 0.030274
0.038445 0.035513
0.4 0.039916
0.041205 0.035597
0.36681 0.037756
0.11954 0.035595
0.04435 0.035631
0.050462 0.035896
0.34748 0.038204
0.15744 0.037725
0.40703 0.027356
0.095837 0.032758
0.13673 0.037804
0.085326 0.033885
0.3553 0.038272
0.40737 0.028569
0.31633 0.03925
0.41376 0.022611
0.41319 0.026928
0.40853 0.034371
0.10317 0.033636
0.41482 0.033986
0.3226 0.037866
0.081235 0.034305
0.079587 0.034368
0.43125 0.030999
0.42599 0.034238
0.40928 0.038898
0.41395 0.036477
0.43773 0.036512
0.43731 0.036611
0.42062 0.038233
0.41396 0.037554
0.42148 0.038161
0.45753 0.03911
0.45839 0.021808
0.46684 0.024196
0.48113 0.020671
0.50563 0.021853
0.44048 0.024823
0.48658 0.023061
0.44861 0.030507
0.44942 0.032397
0.48138 0.029424
0.50025 0.022327
0.47926 0.036277
0.48363 0.03682
0.49309 0.029706
0.49693 0.023792
0.47454 0.038549
0.48787 0.037983
0.49036 0.027188
0.49519 0.027535
0.48858 0.037941
0.50091 0.040009
0.50382 0.026404
0.50247 0.032523
0.50078 0.040071
0.50009 0.026907
0.53281 0.021404
0.52131 0.021317
0.58872 0.020342
0.55222 0.022468
0.57347 0.024686
0.51074 0.021737
0.53887 0.030253
0.51999 0.024378
0.51815 0.025175
0.55893 0.029094
0.56469 0.032679
0.51431 0.025378
0.525 0.029394
0.52962 0.036464
0.55479 0.034992
0.51542 0.028667
0.52364 0.034755
0.52512 0.039359
0.55523 0.037804
0.52267 0.034806
0.51319 0.030608
0.52271 0.039693
0.50703 0.039972
0.50883 0.028715
0.52994 0.040155
0.60271 0.021137
0.60416 0.026185
0.62519 0.028713
0.70417 0.039656
0.60983 0.033819
0.66495 0.039538
0.61108 0.037785
0.57887 0.032839
0.90037 0.038508
0.589 0.034341
0.58479 0.037544
0.96895 0.035788
0.9701 0.029152
0.57671 0.037965
0.59411 0.039076
0.91812 0.037902
0.6429 0.035468
0.55971 0.036833
0.50697 0.039987
0.65072 0.039561
0.61279 0.037992
0.63577 0.030843
0.96235 0.038959
0.67316 0.036382
0.92569 0.037053
0.96216 0.025357
0.97429 0.026032
0.96703 0.027025
0.96854 0.027761
0.8663 0.037469
0.62875 0.037199
0.64481 0.029083
0.97559 0.026509
0.666 0.037795
0.97595 0.026552
0.97591 0.026642
0.97578 0.026378
0.64224 0.026329
0.97518 0.026
0.78512 0.039278
0.94858 0.039851
0.97511 0.025969
0.77529 0.038794
0.9694 0.024893
0.85024 0.039314
0.96807 0.024793
0.97049 0.024996
0.96507 0.024647
0.6638 0.033077
0.95408 0.039561
0.70866 0.039498
0.95577 0.02439
0.96072 0.024482
0.95866 0.024445
0.66358 0.028981
0.93769 0.039087
0.67756 0.032379
0.89431 0.038793
0.9513 0.024513
0.68443 0.037316
0.86374 0.03862
0.72858 0.040006
0.93422 0.025471
0.93209 0.02418
0.93504 0.025543
0.69194 0.039295
0.9426 0.026754
0.69095 0.03642
0.94642 0.027914
0.94516 0.027328
0.94637 0.027885
0.69143 0.036176
0.9506 0.029644
0.70058 0.039506
0.83172 0.039622
0.94981 0.029381
0.9537 0.033038
0.70136 0.037198
0.80377 0.038843
0.6985 0.03215
0.93928 0.035729
0.94831 0.035021
0.94095 0.036292
0.70285 0.030094
0.74298 0.040335
0.70439 0.02371
0.7384 0.040487
0.92711 0.034032
0.92509 0.033734
0.712 0.027
0.92197 0.033643
0.72214 0.026258
0.74629 0.040546
0.91959 0.033428
0.91528 0.033039
0.73378 0.039328
0.76101 0.038489
0.73229 0.024818
0.81332 0.04044
0.90929 0.031898
0.91258 0.032167
0.74647 0.034119
0.91174 0.031889
0.7589 0.035117
0.78397 0.038028
0.91196 0.031959
0.91087 0.031491
0.74674 0.026974
0.81215 0.040276
0.75746 0.026439
0.78296 0.035961
0.90607 0.031222
0.77351 0.030509
0.79997 0.038998
0.76506 0.025521
0.79692 0.038371
0.88102 0.039173
0.87162 0.039297
0.77833 0.027694
0.80559 0.035489
0.78646 0.026764
0.82223 0.040127
0.86947 0.038307
0.87029 0.039234
0.79347 0.028802
0.87185 0.039248
0.81685 0.035047
0.82114 0.039988
0.87307 0.03915
0.88051 0.038831
0.81781 0.033242
0.84511 0.035606
0.82242 0.033354
0.83704 0.030751
0.8778 0.036635
0.87518 0.035258
0.82058 0.027636
0.84201 0.032183
0.82828 0.023212
0.85594 0.031459
0.87328 0.032806
0.87426 0.030334
0.84285 0.02478
0.86088 0.028673
0.85094 0.023372
0.8772 0.025136
0.8744 0.028056
0.87474 0.026877
0.86741 0.0223
0.88377 0.023837
0.94961 0.020358
0.94911 0.022222
