348
0.043168 0.021322
0.03136 0.027834
0.086502 0.020598
0.04379 0.027783
0.024935 0.029212
0.044271 0.027782
0.10818 0.020942
0.11765 0.022423
0.14404 0.021973
0.074995 0.028733
0.071591 0.027395
0.075359 0.02894
0.15785 0.025607
0.14752 0.027526
0.16096 0.029388
0.090625 0.02798
0.082224 0.028854
0.089449 0.027976
0.16626 0.033493
0.093957 0.02889
0.17009 0.031846
0.14973 0.04403
0.092687 0.029189
0.086453 0.03048
0.16786 0.036864
0.086462 0.031043
0.18529 0.026623
0.16258 0.042541
0.084047 0.031276
0.091419 0.030945
0.19331 0.029334
0.10174 0.03148
0.2017 0.027632
0.16202 0.043781
0.10164 0.031296
0.098122 0.031884
0.20746 0.025616
0.087776 0.032117
0.21691 0.027218
0.19043 0.037736
0.084815 0.032705
0.22381 0.021861
0.067411 0.032188
0.22965 0.027399
0.20169 0.03763
0.066058 0.031297
0.23036 0.031581
0.069171 0.033866
0.24308 0.023616
0.081778 0.03441
0.079621 0.035007
0.24735 0.027315
0.20625 0.041069
0.24659 0.029417
0.21627 0.041864
0.10137 0.036724
0.26195 0.028953
0.22322 0.041902
0.26549 0.030867
0.09379 0.034481
0.099012 0.035787
0.095252 0.034682
0.27331 0.0304
0.083524 0.035092
0.29004 0.026249
0.078282 0.036645
0.083491 0.0351
0.078174 0.036681
0.28365 0.030434
0.062328 0.030859
0.28583 0.032737
0.20391 0.043821
0.069866 0.036798
0.05441 0.031887
0.30389 0.027562
0.040262 0.038893
0.30849 0.02746
0.16577 0.045296
0.042863 0.038038
0.034048 0.041531
0.31121 0.027319
0.101 0.041366
0.30446 0.040278
0.18654 0.043604
0.030122 0.040575
0.025503 0.036419
0.26487 0.039226
0.12372 0.036575
0.311 0.037409
0.13675 0.040268
0.023663 0.037774
0.023055 0.04469
0.25854 0.039219
0.043525 0.042213
0.32292 0.028052
0.025774 0.054986
0.024301 0.052681
0.025811 0.055156
0.29042 0.040794
0.034099 0.045546
0.17463 0.044261
0.041958 0.049735
0.025917 0.05553
0.026547 0.057418
0.31841 0.036601
0.026935 0.05913
0.31508 0.041695
0.050134 0.037216
0.027451 0.060158
0.31781 0.040683
0.032538 0.048751
0.32674 0.03476
0.049551 0.038663
0.028313 0.059893
0.32455 0.040297
0.029854 0.058578
0.2996 0.04167
0.069798 0.040646
0.031061 0.057496
0.033445 0.056421
0.27984 0.040422
0.10047 0.041936
0.33835 0.026825
0.052147 0.042158
0.082401 0.042226
0.047356 0.047936
0.28825 0.04091
0.33895 0.028087
0.24357 0.039898
0.36606 0.022276
0.36303 0.026344
0.34182 0.033903
0.056409 0.043105
0.36578 0.031722
0.24801 0.038978
0.045477 0.050239
0.044652 0.051419
0.39099 0.030548
0.38355 0.032091
0.34302 0.039609
0.35792 0.035506
0.39325 0.035686
0.39235 0.036587
0.37486 0.035284
0.35618 0.037576
0.37567 0.035878
0.4179 0.035652
0.4217 0.021431
0.43405 0.023053
0.45184 0.02065
0.47533 0.021663
0.40222 0.02458
0.45653 0.023222
0.41048 0.029652
0.41084 0.030958
0.45139 0.029103
0.46937 0.022154
0.44882 0.034904
0.4527 0.036867
0.46128 0.030224
0.46597 0.023708
0.44282 0.037798
0.45462 0.03934
0.45967 0.027634
0.4642 0.027695
0.45495 0.039204
0.46432 0.038958
0.47317 0.025806
0.46963 0.031433
0.46415 0.039213
0.46919 0.026402
0.50569 0.021195
0.49289 0.021218
0.56645 0.020293
0.52921 0.022235
0.5492 0.024509
0.48159 0.02159
0.51288 0.028458
0.49167 0.02405
0.48976 0.024788
0.53609 0.029224
0.54027 0.032865
0.48564 0.024872
0.49666 0.028641
0.49994 0.03414
0.53059 0.033933
0.48679 0.027878
0.49364 0.033472
0.4935 0.038069
0.53022 0.039046
0.49241 0.033508
0.48384 0.029629
0.48999 0.038674
0.47146 0.038695
0.47922 0.02789
0.49868 0.038986
0.58525 0.020779
0.5877 0.02426
0.61815 0.025746
0.71236 0.039557
0.59851 0.029186
0.67534 0.03719
0.60083 0.031704
0.55534 0.031753
0.92567 0.042613
0.56454 0.032149
0.55967 0.034834
0.97388 0.044735
0.97389 0.034454
0.55043 0.037691
0.57013 0.034611
0.93763 0.048227
0.64614 0.032742
0.53471 0.037574
0.47133 0.038708
0.6563 0.036162
0.60386 0.032683
0.6353 0.02778
0.96989 0.048682
0.68287 0.03723
0.94201 0.048472
0.96862 0.028167
0.97644 0.029661
0.9719 0.031046
0.97284 0.0323
0.87817 0.043912
0.62825 0.031966
0.64527 0.02799
0.97724 0.030425
0.6755 0.035415
0.97747 0.030493
0.97744 0.030637
0.97737 0.030215
0.64232 0.025339
0.97699 0.029609
0.79093 0.038578
0.95931 0.048022
0.97695 0.029559
0.78145 0.039002
0.97338 0.027739
0.85719 0.042712
0.97255 0.027592
0.97406 0.027889
0.9706 0.027207
0.67092 0.030551
0.96478 0.047932
0.71663 0.038248
0.96471 0.026323
0.96772 0.026783
0.9665 0.026586
0.66944 0.027236
0.94735 0.048896
0.68492 0.032702
0.91952 0.04061
0.96133 0.026197
0.69182 0.036679
0.87504 0.04379
0.73985 0.041125
0.94785 0.028368
0.94655 0.026595
0.94837 0.028357
0.7003 0.040159
0.95436 0.028546
0.69806 0.036254
0.95743 0.029706
0.95643 0.029013
0.9574 0.029669
0.69856 0.035984
0.96082 0.033046
0.70834 0.038283
0.84443 0.042756
0.96013 0.032414
0.96381 0.038413
0.70845 0.03636
0.81308 0.040311
0.70478 0.031855
0.95023 0.041398
0.95928 0.039264
0.95234 0.040764
0.70821 0.030037
0.75633 0.041482
0.70987 0.023782
0.7522 0.041751
0.94336 0.043729
0.94247 0.042893
0.718 0.026622
0.94055 0.041732
0.72852 0.026222
0.75815 0.040766
0.93923 0.040675
0.9372 0.039078
0.7455 0.036705
0.76554 0.041065
0.73871 0.024475
0.82225 0.040546
0.93315 0.036909
0.93553 0.037368
0.75597 0.034043
0.93497 0.036961
0.76418 0.036035
0.79058 0.035906
0.93512 0.037061
0.93435 0.036412
0.75524 0.026954
0.82141 0.040321
0.76393 0.026816
0.79033 0.033911
0.93061 0.035101
0.78057 0.029865
0.80947 0.037835
0.77238 0.025228
0.80657 0.036441
0.90374 0.041533
0.89461 0.041979
0.787 0.027451
0.81511 0.036278
0.79481 0.026284
0.83526 0.040507
0.88757 0.042102
0.89173 0.041188
0.8031 0.028165
0.89502 0.041282
0.82524 0.034014
0.83303 0.039077
0.89687 0.041246
0.90437 0.038749
0.82635 0.032611
0.85275 0.035716
0.83324 0.033224
0.84619 0.033133
0.90313 0.037189
0.90108 0.036351
0.83051 0.027713
0.85058 0.03303
0.83832 0.023393
0.86375 0.031166
0.89876 0.034212
0.90086 0.031623
0.85078 0.025069
0.86826 0.029195
0.85823 0.023521
0.90496 0.025575
0.90164 0.029076
0.90232 0.027701
0.87872 0.023114
0.91021 0.024035
0.95997 0.020471
0.95958 0.022884
