348
0.027721 0.024155
0.027265 0.0425
0.038293 0.02258
0.033682 0.0425
0.023222 0.0425
0.033918 0.0425
0.042687 0.024791
0.047921 0.031751
0.051796 0.024063
0.053414 0.0425
0.047473 0.0425
0.054662 0.0425
0.063752 0.02388
0.061351 0.031191
0.07104 0.024898
0.073343 0.0425
0.067561 0.0425
0.072528 0.0425
0.085955 0.02655
0.085161 0.0425
0.092931 0.026403
0.096791 0.034715
0.087306 0.0425
0.096103 0.0425
0.10288 0.028558
0.10853 0.0425
0.11307 0.024908
0.11718 0.031416
0.10243 0.0425
0.11401 0.042501
0.12816 0.02681
0.1278 0.042501
0.13592 0.02586
0.13861 0.034561
0.12395 0.042501
0.13419 0.042501
0.14213 0.024438
0.14299 0.042501
0.1555 0.025474
0.15493 0.032602
0.14712 0.042501
0.16404 0.02124
0.16785 0.042502
0.17337 0.024834
0.17117 0.032049
0.17391 0.042503
0.18719 0.027017
0.18764 0.042504
0.19341 0.022956
0.19564 0.042505
0.19482 0.042505
0.20831 0.026576
0.20196 0.034289
0.21706 0.028269
0.21347 0.034292
0.20796 0.042507
0.22372 0.026441
0.22546 0.033893
0.23522 0.027218
0.23464 0.042517
0.22597 0.042513
0.23264 0.042516
0.24642 0.02683
0.24578 0.042523
0.25414 0.023831
0.25248 0.042528
0.24581 0.042523
0.25262 0.042528
0.26213 0.026829
0.26668 0.042542
0.27438 0.027809
0.27584 0.0332
0.26121 0.042537
0.27165 0.042548
0.28103 0.022931
0.28583 0.042575
0.29529 0.022428
0.29161 0.033094
0.28349 0.04257
0.29556 0.042599
0.30534 0.022261
0.30851 0.03509
0.31188 0.026375
0.31646 0.031659
0.30099 0.042615
0.31664 0.04268
0.32098 0.028882
0.32659 0.033229
0.33236 0.023994
0.3341 0.032463
0.32858 0.042748
0.33639 0.042828
0.34467 0.027988
0.34168 0.035117
0.35179 0.0218
0.35652 0.043089
0.34684 0.042943
0.35752 0.043105
0.36513 0.026402
0.36501 0.035416
0.37525 0.028722
0.37338 0.033874
0.36024 0.043151
0.37335 0.043427
0.3794 0.02293
0.38189 0.043692
0.39367 0.024314
0.39433 0.032479
0.39562 0.044256
0.39846 0.024029
0.40461 0.035853
0.4074 0.022275
0.4103 0.032494
0.40756 0.044898
0.4217 0.024788
0.41686 0.045491
0.42939 0.027618
0.43179 0.033826
0.42179 0.045839
0.43088 0.045708
0.43641 0.029254
0.43963 0.034624
0.44564 0.021851
0.44642 0.042562
0.44814 0.04207
0.45105 0.081807
0.45586 0.098688
0.4531 0.023554
0.45259 0.040959
0.47038 0.026529
0.46987 0.038012
0.46442 0.038682
0.4539 0.06809
0.46878 0.059681
0.45846 0.065039
0.45133 0.07373
0.45109 0.07603
0.47126 0.073253
0.46887 0.081465
0.46099 0.090192
0.45925 0.1044
0.46851 0.093546
0.46806 0.098085
0.46336 0.1093
0.46772 0.11327
0.47072 0.11556
0.47207 0.1165
0.48281 0.026398
0.48643 0.030972
0.49232 0.02291
0.49813 0.038561
0.47796 0.038247
0.49394 0.038599
0.47916 0.056264
0.47845 0.06214
0.49066 0.053062
0.49657 0.06599
0.48321 0.076546
0.48531 0.080218
0.49082 0.070272
0.49601 0.081874
0.48063 0.091418
0.48666 0.10215
0.4923 0.088257
0.49461 0.10344
0.4868 0.10753
0.47729 0.11966
0.49648 0.10579
0.49135 0.12473
0.485 0.12302
0.49581 0.12531
0.50726 0.025471
0.50507 0.031464
0.52293 0.021203
0.51343 0.029061
0.51885 0.038241
0.50186 0.052309
0.51168 0.052872
0.50536 0.057201
0.50506 0.064713
0.51675 0.054526
0.5185 0.064499
0.50379 0.075126
0.50742 0.084023
0.51409 0.07129
0.51982 0.078387
0.5049 0.088777
0.50903 0.1017
0.51836 0.09334
0.51789 0.10273
0.50878 0.11106
0.50426 0.11713
0.51391 0.10853
0.52052 0.12079
0.50292 0.12541
0.51636 0.12257
0.52773 0.022109
0.52887 0.030273
0.54358 0.027134
0.54554 0.040625
0.53258 0.038266
0.54292 0.040056
0.53123 0.059662
0.52387 0.067684
0.54413 0.066826
0.52663 0.074162
0.52606 0.084557
0.54726 0.069877
0.54871 0.081761
0.52391 0.087462
0.52734 0.10108
0.54672 0.090696
0.5435 0.098357
0.52533 0.10714
0.52274 0.11966
0.53821 0.10662
0.53159 0.11358
0.55539 0.024669
0.55317 0.042651
0.56195 0.026329
0.56421 0.033252
0.55594 0.043537
0.56597 0.045308
0.54849 0.073704
0.54881 0.0804
0.54612 0.092381
0.54307 0.099184
0.57065 0.023146
0.57172 0.046161
0.57976 0.024252
0.579 0.045788
0.57455 0.046131
0.58191 0.045572
0.59182 0.021685
0.58906 0.045081
0.59745 0.027729
0.59914 0.032736
0.58953 0.04505
0.60759 0.027603
0.61036 0.043891
0.61466 0.028855
0.61369 0.043777
0.60747 0.044039
0.62035 0.04358
0.62895 0.023687
0.62311 0.033725
0.63628 0.02654
0.63973 0.043125
0.62958 0.043314
0.63406 0.043224
0.64965 0.022949
0.64523 0.033787
0.65444 0.025142
0.65743 0.033814
0.64661 0.043007
0.66183 0.025875
0.66854 0.032069
0.67178 0.028038
0.67736 0.042707
0.66186 0.042826
0.67796 0.042704
0.68708 0.027091
0.68351 0.042676
0.69821 0.026117
0.69199 0.042637
0.68811 0.042653
0.6918 0.042638
0.70141 0.026112
0.70308 0.042601
0.71327 0.028034
0.71528 0.03361
0.70154 0.042606
0.717 0.042566
0.72181 0.027392
0.72712 0.033442
0.73197 0.025244
0.73436 0.042539
0.72485 0.042552
0.73201 0.042542
0.74115 0.024893
0.74444 0.032371
0.7514 0.022017
0.7537 0.032087
0.74858 0.042525
0.75619 0.042521
0.76253 0.02459
0.76316 0.042517
0.77501 0.024758
0.77613 0.03234
0.76767 0.042515
0.77566 0.042512
0.78178 0.028315
0.78712 0.032609
0.79171 0.022556
0.79613 0.03499
0.78672 0.042509
0.79779 0.042506
0.80326 0.028136
0.80293 0.042505
0.8134 0.028637
0.81394 0.03234
0.80148 0.042506
0.81277 0.042504
0.82378 0.024412
0.82595 0.034813
0.83699 0.024185
0.83195 0.031578
0.82123 0.042503
0.84801 0.028271
0.84854 0.033861
0.85236 0.023484
0.85896 0.031969
0.84418 0.042502
0.85281 0.042501
0.86245 0.026493
0.86478 0.032637
0.87599 0.025061
0.87668 0.033882
0.86583 0.042501
0.87779 0.042501
0.88537 0.025555
0.88111 0.042501
0.89583 0.028934
0.89327 0.031169
0.8822 0.042501
0.89194 0.0425
0.90632 0.027934
0.90634 0.034158
0.9161 0.028641
0.91608 0.031764
0.90523 0.0425
0.91488 0.0425
0.92808 0.025515
0.92121 0.031815
0.93831 0.023453
0.93704 0.033242
0.92621 0.0425
0.93442 0.0425
0.94805 0.026734
0.94257 0.033779
0.9536 0.025475
0.95878 0.0425
0.94807 0.0425
0.95282 0.0425
0.96352 0.028468
0.96252 0.0425
0.97783 0.024425
0.975 0.0425
