348
0.066684 0.020842
0.045131 0.023772
0.11731 0.020559
0.067609 0.025029
0.030975 0.024147
0.068325 0.025085
0.13853 0.021035
0.14662 0.022771
0.17237 0.021725
0.10457 0.028169
0.10084 0.027059
0.10496 0.028345
0.1884 0.024675
0.17658 0.026413
0.19231 0.02768
0.12166 0.027822
0.11264 0.028124
0.12044 0.027721
0.19904 0.030954
0.12506 0.02889
0.2037 0.02971
0.17848 0.039546
0.12378 0.029117
0.11719 0.029801
0.20111 0.033713
0.11718 0.030331
0.22171 0.02612
0.19458 0.038333
0.11455 0.030436
0.12238 0.030775
0.22984 0.029737
0.1322 0.032427
0.23756 0.028293
0.19391 0.039255
0.13209 0.032212
0.12872 0.032335
0.24267 0.026362
0.11855 0.031454
0.25108 0.028408
0.22769 0.037598
0.11531 0.031807
0.25682 0.022303
0.096505 0.031999
0.26129 0.029007
0.23876 0.039298
0.095304 0.030994
0.26195 0.034242
0.098011 0.033525
0.27211 0.024303
0.11174 0.0332
0.10889 0.033727
0.27579 0.028481
0.24351 0.043339
0.2751 0.030961
0.25311 0.045416
0.13227 0.038144
0.28928 0.029636
0.25833 0.046259
0.29294 0.031799
0.12491 0.034469
0.12959 0.03666
0.12639 0.034848
0.30017 0.032359
0.11369 0.033952
0.31383 0.026941
0.10709 0.035338
0.11365 0.033957
0.10697 0.03538
0.30797 0.0321
0.091803 0.030165
0.30994 0.034762
0.24099 0.044222
0.098356 0.036317
0.083599 0.029625
0.32693 0.027642
0.063166 0.031427
0.33178 0.027584
0.19862 0.040235
0.067156 0.031591
0.051287 0.030966
0.33454 0.027439
0.13251 0.041186
0.32742 0.04065
0.22498 0.041467
0.042843 0.029731
0.032445 0.027405
0.29362 0.040226
0.1497 0.0388
0.33494 0.037747
0.1591 0.038245
0.028295 0.027993
0.026935 0.03097
0.2865 0.040114
0.068458 0.034519
0.34539 0.028538
0.033444 0.035517
0.029903 0.034411
0.033542 0.035597
0.31369 0.041837
0.051403 0.03286
0.21003 0.04004
0.066585 0.038198
0.033811 0.035775
0.035401 0.036706
0.34204 0.037433
0.036432 0.037562
0.33969 0.040926
0.078059 0.032884
0.037733 0.038137
0.34231 0.040471
0.0481 0.033918
0.3499 0.035149
0.077329 0.033847
0.039751 0.03816
0.34871 0.039799
0.043107 0.037881
0.32226 0.041524
0.097954 0.03934
0.045701 0.037693
0.05088 0.037864
0.306 0.042057
0.13197 0.041383
0.36067 0.026304
0.081483 0.037415
0.11157 0.0394
0.074983 0.039163
0.31181 0.042369
0.36144 0.027446
0.27205 0.042343
0.38892 0.0226
0.38657 0.027238
0.36509 0.032827
0.086677 0.039651
0.38936 0.033396
0.27621 0.041021
0.072377 0.039796
0.071317 0.040236
0.41154 0.031287
0.40487 0.033252
0.36739 0.037921
0.38439 0.037335
0.41572 0.037089
0.41516 0.037644
0.39675 0.037816
0.38339 0.039249
0.39781 0.038082
0.43788 0.038303
0.43857 0.021651
0.44918 0.023393
0.46536 0.020696
0.4873 0.021933
0.42141 0.025074
0.46999 0.023444
0.4292 0.030873
0.43 0.032425
0.46489 0.029753
0.48217 0.022403
0.46218 0.035932
0.46525 0.03795
0.47449 0.030856
0.47897 0.024048
0.45717 0.038577
0.46724 0.040077
0.47297 0.028114
0.47727 0.028317
0.46768 0.040037
0.47759 0.040444
0.48548 0.026651
0.48256 0.032785
0.47742 0.040682
0.48201 0.027132
0.51368 0.021577
0.502 0.021368
0.55749 0.020402
0.52825 0.023278
0.54403 0.025705
0.49249 0.021897
0.51836 0.032937
0.50084 0.024552
0.4992 0.0254
0.53339 0.032368
0.5371 0.036282
0.49581 0.025621
0.50589 0.029842
0.51107 0.037235
0.5284 0.039956
0.49676 0.029014
0.50452 0.035319
0.50646 0.040481
0.5279 0.044866
0.50315 0.035308
0.49444 0.031291
0.50259 0.040642
0.48492 0.041156
0.49053 0.029409
0.51183 0.042305
0.5697 0.021397
0.57103 0.027775
0.5877 0.030357
0.65844 0.04031
0.57559 0.037017
0.62619 0.041321
0.57571 0.04185
0.54953 0.034986
0.88698 0.036409
0.5572 0.036472
0.55392 0.039208
0.96683 0.032202
0.9675 0.027101
0.54701 0.0423
0.5626 0.041218
0.90413 0.038261
0.60263 0.038732
0.53219 0.042999
0.48478 0.041152
0.60886 0.041783
0.57657 0.043338
0.59746 0.032558
0.9578 0.035126
0.63149 0.040407
0.91186 0.03713
0.9568 0.02434
0.9727 0.02472
0.96342 0.025599
0.96536 0.026133
0.83065 0.040223
0.59073 0.040769
0.60405 0.031239
0.97436 0.025093
0.62666 0.039444
0.97482 0.025127
0.97477 0.025197
0.97461 0.024991
0.60215 0.027683
0.97384 0.024695
0.739 0.040458
0.93987 0.036861
0.97376 0.02467
0.73009 0.039911
0.96645 0.023825
0.80631 0.040487
0.96476 0.023805
0.96785 0.02387
0.96076 0.023728
0.62326 0.033588
0.94886 0.0357
0.66254 0.040043
0.94996 0.023527
0.95512 0.023647
0.95295 0.023596
0.6223 0.029253
0.92139 0.037038
0.63397 0.035626
0.87952 0.036103
0.94423 0.023639
0.63909 0.03961
0.82636 0.039761
0.68493 0.039184
0.92209 0.025007
0.92 0.023923
0.92294 0.02502
0.6461 0.040349
0.93253 0.025255
0.64475 0.037384
0.9374 0.025882
0.93578 0.025486
0.93733 0.025861
0.64527 0.037065
0.94336 0.027719
0.65539 0.038897
0.79077 0.040729
0.94214 0.027405
0.94813 0.030422
0.65579 0.036851
0.7603 0.03828
0.65287 0.032114
0.92584 0.033091
0.94031 0.031593
0.92919 0.032913
0.65666 0.030221
0.70299 0.039255
0.65812 0.023871
0.69783 0.039449
0.91415 0.034213
0.91257 0.033832
0.66571 0.027134
0.90922 0.033528
0.67554 0.025956
0.70589 0.039201
0.90699 0.033242
0.9037 0.032711
0.69225 0.036283
0.71448 0.040202
0.68711 0.024177
0.77113 0.038467
0.89785 0.031659
0.90116 0.031739
0.70442 0.032745
0.90037 0.031513
0.71413 0.03521
0.73876 0.038056
0.90058 0.031568
0.89953 0.031191
0.70417 0.026296
0.77009 0.038202
0.71457 0.026415
0.73866 0.035772
0.89471 0.030757
0.73045 0.030415
0.75665 0.037249
0.72243 0.025531
0.75323 0.036651
0.8617 0.038214
0.8502 0.038973
0.73588 0.02816
0.76281 0.034791
0.74345 0.026775
0.78301 0.039731
0.84168 0.039135
0.84669 0.038706
0.75076 0.028329
0.85073 0.038568
0.77493 0.033426
0.78159 0.038782
0.85309 0.038331
0.86242 0.036326
0.7762 0.032109
0.80278 0.034647
0.78236 0.033014
0.79544 0.031717
0.86096 0.034911
0.85856 0.034131
0.78031 0.027532
0.80052 0.031963
0.7879 0.023369
0.81507 0.030697
0.8558 0.032303
0.85843 0.030031
0.80151 0.024679
0.82048 0.028336
0.80977 0.023226
0.86303 0.024851
0.85936 0.027835
0.86011 0.026655
0.83259 0.022653
0.86895 0.023567
0.94184 0.020282
0.94113 0.021729
