348
0.053174 0.021136
0.037938 0.025363
0.10033 0.020509
0.053878 0.026744
0.027793 0.025833
0.054422 0.026783
0.1248 0.020974
0.13318 0.022784
0.15725 0.021761
0.086855 0.027766
0.082766 0.026822
0.08729 0.027919
0.17318 0.024618
0.16159 0.026418
0.17719 0.027334
0.10524 0.026853
0.095356 0.027496
0.10382 0.026831
0.18465 0.029091
0.10922 0.027695
0.19053 0.02777
0.16184 0.040387
0.10771 0.027931
0.10037 0.028918
0.18726 0.03113
0.10043 0.029396
0.21309 0.024785
0.17899 0.037229
0.097618 0.029555
0.10642 0.029415
0.22401 0.02691
0.11854 0.030735
0.23499 0.025936
0.17801 0.038752
0.11837 0.030544
0.11455 0.030578
0.24258 0.024767
0.10213 0.030337
0.25307 0.026706
0.21959 0.032891
0.098636 0.030777
0.26031 0.021687
0.078178 0.03169
0.26677 0.026625
0.23442 0.033445
0.076994 0.030934
0.26756 0.030347
0.079641 0.033123
0.28191 0.023413
0.095083 0.032198
0.092467 0.03276
0.2864 0.027411
0.24102 0.037605
0.28553 0.029421
0.25168 0.040363
0.11975 0.035725
0.30001 0.029224
0.25867 0.040706
0.30346 0.031005
0.11007 0.032519
0.11667 0.0343
0.11191 0.032774
0.31154 0.030407
0.097251 0.032778
0.32789 0.026278
0.09079 0.034263
0.097211 0.032785
0.090652 0.034308
0.32167 0.030716
0.073476 0.03075
0.32348 0.032965
0.23752 0.039635
0.079914 0.035821
0.065558 0.031365
0.34188 0.026966
0.049322 0.035371
0.34723 0.026419
0.18414 0.038515
0.052367 0.035363
0.041323 0.035492
0.35056 0.026235
0.12098 0.040942
0.33965 0.038742
0.21548 0.038367
0.03547 0.033641
0.028541 0.030397
0.30105 0.039806
0.13866 0.039664
0.34995 0.034858
0.14744 0.041005
0.025658 0.031256
0.0246 0.035727
0.29455 0.039952
0.052865 0.039063
0.3639 0.028013
0.028412 0.042797
0.026295 0.04121
0.028465 0.042915
0.32615 0.040987
0.04109 0.038429
0.20099 0.037353
0.050532 0.044607
0.028614 0.043172
0.029512 0.044473
0.36062 0.035645
0.030066 0.045653
0.35681 0.039611
0.060757 0.035829
0.030813 0.046397
0.36078 0.039467
0.038565 0.040159
0.36783 0.035145
0.060034 0.037065
0.032065 0.046388
0.36683 0.040536
0.034306 0.046031
0.33416 0.041493
0.079358 0.039438
0.036063 0.045801
0.03953 0.046092
0.31622 0.040722
0.12053 0.041525
0.3785 0.027133
0.062681 0.040715
0.096286 0.038697
0.057019 0.044932
0.32437 0.041426
0.37909 0.028469
0.28196 0.039453
0.40166 0.022918
0.3993 0.028185
0.38151 0.034879
0.066846 0.042579
0.40148 0.03501
0.28615 0.039463
0.054666 0.046363
0.05363 0.047066
0.41976 0.032695
0.41487 0.035627
0.38193 0.041332
0.39427 0.039764
0.42164 0.038362
0.42058 0.039617
0.40892 0.040672
0.39221 0.042079
0.40968 0.042042
0.44141 0.03996
0.44681 0.021724
0.45798 0.023281
0.47508 0.02064
0.49759 0.021823
0.43099 0.024972
0.48028 0.023182
0.4379 0.031513
0.43792 0.033095
0.47458 0.028959
0.49244 0.022387
0.47019 0.034659
0.474 0.036313
0.48519 0.030526
0.48957 0.024022
0.46366 0.038204
0.47554 0.038691
0.48364 0.02765
0.48797 0.028219
0.47602 0.038539
0.487 0.039535
0.49557 0.026439
0.49262 0.032645
0.4868 0.039741
0.4923 0.027088
0.52595 0.021443
0.51482 0.021308
0.57682 0.020433
0.54486 0.022526
0.56428 0.025248
0.5036 0.021632
0.53184 0.030464
0.51366 0.024305
0.51182 0.025048
0.55146 0.029694
0.55584 0.033241
0.5077 0.025014
0.51812 0.029605
0.52073 0.036194
0.54585 0.035632
0.50888 0.02817
0.51558 0.034614
0.51559 0.039646
0.54513 0.041641
0.51447 0.034482
0.50587 0.029837
0.51233 0.03969
0.49326 0.040406
0.50131 0.02829
0.5195 0.041898
0.58922 0.021206
0.5908 0.026713
0.60805 0.030765
0.68433 0.040885
0.59896 0.035939
0.64766 0.038614
0.60159 0.041095
0.56971 0.035124
0.90643 0.040219
0.57535 0.037827
0.57263 0.040692
0.9719 0.040145
0.97244 0.031951
0.56707 0.041186
0.57832 0.043222
0.92147 0.039922
0.62612 0.03891
0.55007 0.039095
0.49316 0.040411
0.63137 0.044424
0.60344 0.043991
0.6184 0.031226
0.96627 0.043115
0.65616 0.039501
0.92966 0.039484
0.96624 0.026729
0.97569 0.027988
0.97018 0.029133
0.97126 0.03017
0.85842 0.038535
0.61354 0.039471
0.62562 0.031783
0.97667 0.02862
0.64797 0.036491
0.97694 0.028676
0.97691 0.028795
0.97681 0.028446
0.6235 0.027599
0.97636 0.027945
0.76611 0.039292
0.95339 0.043012
0.97631 0.027904
0.75699 0.038714
0.97199 0.026399
0.83312 0.039218
0.97099 0.026277
0.97282 0.026523
0.96863 0.02596
0.64382 0.031815
0.95946 0.04275
0.68812 0.04023
0.9615 0.02517
0.96515 0.025579
0.96368 0.025404
0.64279 0.028325
0.94034 0.041642
0.6577 0.034458
0.90117 0.040192
0.95743 0.025033
0.66367 0.03846
0.85403 0.038511
0.70552 0.04098
0.94051 0.026096
0.93883 0.024725
0.94117 0.026128
0.67243 0.040501
0.94869 0.026812
0.66951 0.037025
0.95255 0.027823
0.95129 0.02725
0.9525 0.027793
0.66998 0.036652
0.95653 0.030584
0.68038 0.038531
0.81365 0.040058
0.95574 0.030057
0.95944 0.03502
0.68016 0.036568
0.78603 0.042089
0.67566 0.031898
0.94335 0.035942
0.95404 0.035571
0.94584 0.035922
0.67882 0.030107
0.72705 0.039157
0.68043 0.02384
0.72186 0.03925
0.93274 0.036073
0.93124 0.035301
0.68825 0.027394
0.92806 0.034215
0.69694 0.027074
0.72948 0.03778
0.92602 0.033557
0.92296 0.0328
0.71329 0.035471
0.7387 0.03855
0.70651 0.02434
0.79374 0.042139
0.91694 0.032312
0.92059 0.031974
0.72585 0.032469
0.91979 0.031821
0.73602 0.033466
0.76494 0.036281
0.92 0.031855
0.91893 0.031586
0.72461 0.026258
0.7929 0.041768
0.73465 0.025762
0.76414 0.034212
0.9138 0.031685
0.75372 0.029667
0.78286 0.039355
0.74492 0.024678
0.78023 0.037809
0.88825 0.041874
0.87838 0.04051
0.7596 0.02748
0.78714 0.036887
0.76763 0.02651
0.80492 0.040564
0.87088 0.039106
0.87534 0.039082
0.7754 0.028641
0.87876 0.039919
0.79657 0.034604
0.80309 0.039408
0.88073 0.040457
0.8886 0.038899
0.7975 0.033133
0.82631 0.032804
0.80362 0.033493
0.8178 0.031037
0.88722 0.037243
0.8849 0.036242
0.80129 0.027994
0.82344 0.030294
0.80877 0.023203
0.83922 0.029202
0.88219 0.033937
0.88424 0.031557
0.82366 0.024007
0.84439 0.027369
0.83306 0.022956
0.88846 0.025656
0.88507 0.029069
0.88579 0.027721
0.85882 0.022332
0.89316 0.024178
0.95574 0.020382
0.95524 0.022334
