348
0.063047 0.020846
0.042956 0.024227
0.10724 0.020621
0.063913 0.025044
0.029834 0.024578
0.064635 0.025103
0.12789 0.02102
0.13622 0.022625
0.1621 0.021946
0.094938 0.027785
0.090386 0.027266
0.095414 0.027921
0.17664 0.024149
0.16569 0.027318
0.18211 0.026104
0.11061 0.028405
0.10327 0.028651
0.10961 0.028424
0.19181 0.028605
0.11391 0.029301
0.19723 0.028401
0.17361 0.039377
0.11264 0.029641
0.10727 0.030886
0.19714 0.03172
0.10736 0.031488
0.21386 0.026608
0.1956 0.036128
0.10524 0.031383
0.11153 0.031488
0.22212 0.02942
0.12244 0.031664
0.22985 0.028589
0.19792 0.039378
0.12225 0.031494
0.11869 0.032091
0.2349 0.026867
0.10875 0.03278
0.24245 0.029326
0.21995 0.037491
0.10656 0.03303
0.24771 0.022296
0.087459 0.033394
0.25237 0.029511
0.23076 0.039425
0.086215 0.033382
0.25299 0.035035
0.089465 0.03393
0.26197 0.026252
0.10465 0.03428
0.1028 0.034348
0.26415 0.03368
0.2364 0.045575
0.26378 0.037388
0.24453 0.047667
0.1244 0.036248
0.27236 0.033016
0.24911 0.048916
0.27534 0.035174
0.11488 0.035022
0.12115 0.035596
0.11647 0.035058
0.28113 0.035122
0.10649 0.035327
0.29163 0.029051
0.1024 0.035689
0.10647 0.035329
0.10231 0.035695
0.2873 0.036807
0.083713 0.034604
0.28839 0.039975
0.23523 0.051394
0.091583 0.035575
0.078734 0.03368
0.30194 0.028783
0.059566 0.031462
0.30637 0.028453
0.20405 0.046276
0.063669 0.03131
0.047871 0.03174
0.30912 0.028745
0.1275 0.040843
0.29971 0.043539
0.21959 0.048044
0.040057 0.030734
0.030779 0.02815
0.27559 0.048504
0.15154 0.039307
0.30919 0.040546
0.1616 0.043323
0.027147 0.02892
0.02603 0.032463
0.27064 0.05105
0.067024 0.034128
0.31724 0.032433
0.032093 0.037812
0.028873 0.036784
0.032187 0.037898
0.28947 0.051452
0.048407 0.033989
0.21183 0.047797
0.067463 0.037934
0.032443 0.038086
0.033974 0.039052
0.31571 0.044575
0.03503 0.040004
0.31315 0.053973
0.077 0.036191
0.036326 0.040662
0.31547 0.053638
0.045758 0.035689
0.3199 0.042692
0.07722 0.037269
0.038273 0.0407
0.31849 0.056431
0.041659 0.040492
0.29422 0.055287
0.095352 0.038458
0.043935 0.040355
0.048627 0.040057
0.28461 0.053625
0.12729 0.042045
0.32804 0.030468
0.0822 0.046018
0.10864 0.044781
0.081279 0.050545
0.28835 0.055825
0.32885 0.032624
0.26346 0.056907
0.34221 0.023938
0.34113 0.031537
0.33318 0.042631
0.086093 0.049162
0.34502 0.038793
0.26567 0.056751
0.080047 0.049864
0.079489 0.049685
0.35976 0.032204
0.35643 0.036583
0.33748 0.053039
0.34355 0.049923
0.36335 0.036415
0.36537 0.036982
0.36018 0.040906
0.37913 0.038814
0.39691 0.039517
0.40621 0.041642
0.39624 0.021244
0.41013 0.022798
0.43114 0.020424
0.49158 0.020375
0.37063 0.023454
0.43892 0.021779
0.38627 0.026722
0.38669 0.027827
0.42728 0.026339
0.46683 0.02065
0.41506 0.035453
0.42581 0.038853
0.43542 0.026648
0.45796 0.021369
0.41895 0.041976
0.43918 0.042588
0.44167 0.023977
0.44908 0.023492
0.43944 0.041916
0.45529 0.05137
0.47966 0.021418
0.4444 0.026479
0.45832 0.054456
0.46359 0.022038
0.58678 0.020869
0.56333 0.020453
0.65751 0.020368
0.61114 0.022221
0.63539 0.02324
0.523 0.020423
0.59716 0.027726
0.55941 0.02139
0.55262 0.02151
0.61442 0.028523
0.61576 0.031245
0.53775 0.02141
0.57542 0.024357
0.59703 0.033908
0.61078 0.036756
0.54242 0.022335
0.58356 0.028723
0.58421 0.041273
0.56331 0.04439
0.57891 0.027627
0.53234 0.022711
0.57719 0.038713
0.52552 0.050114
0.51267 0.021894
0.55183 0.041535
0.66868 0.021229
0.67039 0.026756
0.68488 0.034251
0.74492 0.049876
0.67361 0.03639
0.71274 0.049087
0.66526 0.042005
0.63645 0.028779
0.92921 0.050083
0.64237 0.031016
0.63108 0.033178
0.97462 0.052473
0.97543 0.039285
0.62015 0.036585
0.62304 0.039727
0.93958 0.050958
0.69558 0.04922
0.60432 0.042646
0.52527 0.050362
0.65315 0.047233
0.62868 0.040909
0.69195 0.037243
0.96974 0.057452
0.71734 0.048196
0.94475 0.049607
0.9715 0.030587
0.97736 0.033003
0.97401 0.034493
0.9747 0.036241
0.88234 0.042106
0.68553 0.048365
0.69634 0.037412
0.97796 0.034031
0.71287 0.044701
0.97813 0.034123
0.97811 0.034317
0.97805 0.033749
0.6959 0.031146
0.97777 0.032933
0.79784 0.050457
0.96105 0.05863
0.97774 0.032866
0.79428 0.050285
0.97508 0.030289
0.8599 0.044144
0.97447 0.030004
0.97559 0.030566
0.97302 0.029416
0.71026 0.037973
0.96495 0.056651
0.74701 0.048125
0.96824 0.028144
0.97077 0.028774
0.96973 0.028508
0.70937 0.032651
0.9516 0.051409
0.71876 0.039978
0.92619 0.048416
0.9657 0.02767
0.72359 0.041552
0.87986 0.041127
0.7559 0.048591
0.95561 0.030002
0.95448 0.027472
0.95605 0.030124
0.73507 0.042955
0.95999 0.031398
0.73002 0.038703
0.96248 0.033057
0.96156 0.032272
0.96245 0.033017
0.73059 0.038264
0.96528 0.036181
0.74083 0.041172
0.84843 0.045261
0.9648 0.035602
0.96655 0.042658
0.74019 0.038807
0.81889 0.049227
0.73576 0.032975
0.95689 0.045452
0.96302 0.045598
0.9585 0.045619
0.73781 0.031298
0.77277 0.049753
0.73885 0.024363
0.7703 0.048868
0.94859 0.043739
0.94784 0.042866
0.74572 0.029705
0.94615 0.041855
0.75181 0.030028
0.77432 0.046355
0.94511 0.041326
0.94357 0.040611
0.76461 0.038393
0.78078 0.045099
0.75846 0.025486
0.82315 0.046755
0.93985 0.039531
0.94224 0.039397
0.77354 0.037975
0.94174 0.039114
0.77969 0.038018
0.79861 0.042871
0.94188 0.039181
0.94125 0.038702
0.77321 0.029004
0.82297 0.044715
0.77958 0.027813
0.79886 0.040089
0.93824 0.03816
0.79453 0.034175
0.81696 0.041122
0.7882 0.025941
0.81395 0.038663
0.91349 0.041682
0.90428 0.03927
0.7982 0.030852
0.82069 0.038946
0.80367 0.028417
0.83764 0.03939
0.89516 0.037919
0.90049 0.037455
0.81089 0.029223
0.90546 0.037909
0.8289 0.033973
0.83665 0.036564
0.90727 0.038192
0.91645 0.037646
0.83083 0.031974
0.85808 0.035106
0.8388 0.031642
0.85215 0.033416
0.91591 0.035911
0.91394 0.03423
0.83673 0.026625
0.85638 0.032526
0.8452 0.023353
0.87157 0.02924
0.9123 0.032089
0.91555 0.03088
0.85681 0.024855
0.87696 0.02783
0.86517 0.023054
0.92082 0.02647
0.91731 0.029124
0.91806 0.027987
0.88934 0.022613
0.92466 0.025342
0.96466 0.020593
0.96433 0.023669
