348
0.074235 0.020795
0.05207 0.023401
0.12569 0.020541
0.075352 0.024711
0.034694 0.023155
0.076216 0.024731
0.14924 0.020837
0.1605 0.022025
0.1882 0.021899
0.11314 0.028215
0.10936 0.027034
0.11353 0.028404
0.20375 0.024454
0.19234 0.027106
0.20834 0.026867
0.13045 0.027303
0.12105 0.028023
0.12875 0.02726
0.21525 0.029146
0.1342 0.028124
0.22172 0.028386
0.19527 0.038615
0.13281 0.028415
0.12566 0.029498
0.21663 0.031561
0.12561 0.030033
0.24318 0.025472
0.20896 0.036954
0.12307 0.030297
0.13121 0.030059
0.25157 0.028961
0.14201 0.031635
0.25992 0.02736
0.20812 0.037182
0.1419 0.031434
0.13798 0.030822
0.26567 0.024873
0.12673 0.031002
0.27783 0.025915
0.24569 0.036201
0.12355 0.031817
0.28579 0.021672
0.10563 0.031881
0.29226 0.026649
0.26005 0.037313
0.10429 0.030746
0.29399 0.030924
0.10669 0.033601
0.30474 0.024069
0.11974 0.033263
0.11647 0.034221
0.30862 0.028483
0.26676 0.038367
0.30853 0.030985
0.28163 0.037565
0.14168 0.037678
0.32319 0.028812
0.28923 0.038875
0.32775 0.031194
0.13339 0.033443
0.13863 0.035028
0.1349 0.033505
0.33524 0.031816
0.12164 0.034226
0.35043 0.025427
0.11428 0.036018
0.1216 0.034224
0.11416 0.036058
0.34298 0.030519
0.10028 0.030214
0.34479 0.032767
0.26263 0.038997
0.10636 0.036779
0.091746 0.029443
0.36685 0.026504
0.068974 0.031058
0.37162 0.026938
0.21247 0.036871
0.07433 0.030973
0.056991 0.03074
0.37426 0.026806
0.1419 0.038339
0.36398 0.037735
0.24058 0.037537
0.049211 0.028435
0.036663 0.025729
0.33034 0.039277
0.16483 0.032814
0.3728 0.037134
0.17782 0.037645
0.031106 0.025982
0.02908 0.028193
0.32506 0.038812
0.075532 0.033702
0.38673 0.028187
0.034405 0.032061
0.031279 0.030813
0.034454 0.032136
0.34858 0.038187
0.055241 0.032448
0.22452 0.037172
0.071283 0.03764
0.034608 0.032311
0.035513 0.03325
0.38246 0.036431
0.035865 0.034051
0.37923 0.038116
0.087113 0.033004
0.036615 0.034507
0.3834 0.037695
0.050099 0.03276
0.39372 0.035094
0.086424 0.033997
0.038265 0.034754
0.3936 0.036132
0.040807 0.035046
0.35741 0.037803
0.10547 0.039979
0.043539 0.035321
0.049092 0.035926
0.33933 0.038821
0.14123 0.03828
0.40154 0.026739
0.091878 0.037822
0.11919 0.038799
0.083989 0.038588
0.34562 0.038708
0.40195 0.027892
0.30948 0.040027
0.40815 0.022617
0.40761 0.02685
0.4042 0.033655
0.095942 0.038767
0.40986 0.034708
0.31587 0.040157
0.080499 0.0378
0.079003 0.037665
0.42439 0.032752
0.42008 0.036042
0.40576 0.038374
0.40946 0.037187
0.42919 0.039674
0.42889 0.039733
0.41573 0.03997
0.40965 0.03842
0.41654 0.039952
0.44451 0.037467
0.45021 0.021541
0.46004 0.02374
0.47518 0.020684
0.50145 0.021766
0.43206 0.025593
0.48072 0.022959
0.43837 0.030728
0.4384 0.032681
0.47533 0.029625
0.49546 0.022173
0.47143 0.036082
0.47621 0.037384
0.48706 0.02898
0.49183 0.023479
0.46603 0.036743
0.48119 0.037464
0.48445 0.026779
0.48984 0.026921
0.4822 0.037415
0.49973 0.038689
0.49947 0.025998
0.49873 0.031637
0.49958 0.038681
0.4953 0.02645
0.53002 0.021299
0.51724 0.021232
0.58659 0.02035
0.54964 0.022394
0.57227 0.024823
0.5064 0.021683
0.53649 0.02978
0.51587 0.024098
0.514 0.024911
0.55694 0.028513
0.56406 0.032341
0.51023 0.025242
0.5214 0.028673
0.52834 0.035376
0.55248 0.034523
0.51129 0.028432
0.52162 0.033816
0.5248 0.037983
0.55315 0.036984
0.52059 0.033963
0.50944 0.030331
0.52227 0.038072
0.5068 0.039257
0.50446 0.028461
0.52936 0.038096
0.60054 0.021167
0.60194 0.026397
0.6232 0.02808
0.70177 0.038841
0.60801 0.034033
0.66571 0.040456
0.61008 0.03795
0.57779 0.033653
0.90305 0.03946
0.58689 0.034809
0.5831 0.038452
0.97086 0.03637
0.97044 0.029479
0.57672 0.039209
0.59145 0.039768
0.91936 0.039134
0.64164 0.034502
0.55885 0.036054
0.50675 0.03926
0.65203 0.039383
0.61352 0.037592
0.63515 0.03016
0.96668 0.039417
0.67203 0.040404
0.92682 0.038815
0.96273 0.025539
0.97447 0.026233
0.96744 0.027276
0.96891 0.028041
0.87236 0.036752
0.63011 0.037474
0.64407 0.02849
0.97573 0.026725
0.66654 0.039787
0.97608 0.026769
0.97604 0.026862
0.97592 0.02659
0.64086 0.025705
0.97534 0.026199
0.78164 0.038941
0.95299 0.03986
0.97527 0.026167
0.7733 0.038874
0.96974 0.025066
0.85228 0.039435
0.96845 0.024966
0.9708 0.025163
0.96555 0.02481
0.66409 0.033673
0.95966 0.039852
0.70755 0.039483
0.95663 0.024529
0.96138 0.024632
0.95942 0.024592
0.66366 0.029334
0.93925 0.039559
0.67481 0.035837
0.89884 0.039486
0.95224 0.024644
0.67839 0.040537
0.86966 0.037381
0.72724 0.040458
0.93545 0.025721
0.93347 0.024397
0.93622 0.025783
0.68482 0.04004
0.9437 0.026902
0.68432 0.037163
0.94745 0.028001
0.94621 0.027435
0.9474 0.027973
0.68515 0.036804
0.95154 0.029851
0.69711 0.037757
0.83424 0.037927
0.95077 0.029539
0.95599 0.033475
0.69807 0.035831
0.7998 0.037857
0.69513 0.031044
0.94075 0.036306
0.95092 0.035241
0.94299 0.036808
0.69948 0.029495
0.74374 0.04057
0.70119 0.023562
0.73821 0.040053
0.92842 0.035427
0.92646 0.035032
0.70933 0.027303
0.92342 0.034781
0.71813 0.026851
0.74756 0.040391
0.92128 0.034414
0.91726 0.033759
0.73232 0.038727
0.76175 0.038767
0.72799 0.024716
0.8119 0.037595
0.91166 0.032215
0.9148 0.032698
0.74433 0.034989
0.91402 0.032365
0.75741 0.035522
0.78063 0.037734
0.91423 0.03245
0.91323 0.031848
0.7424 0.027346
0.81026 0.037306
0.75246 0.026364
0.77961 0.035408
0.90864 0.03164
0.76942 0.030154
0.79578 0.038185
0.76079 0.025307
0.79311 0.037503
0.88865 0.039184
0.88077 0.03893
0.7745 0.027494
0.80274 0.034242
0.78223 0.026664
0.82388 0.037564
0.87711 0.038233
0.87881 0.038863
0.78992 0.028473
0.88099 0.038913
0.816 0.033204
0.82252 0.037487
0.88213 0.038888
0.88811 0.038866
0.81682 0.031497
0.84697 0.03629
0.82278 0.03147
0.83955 0.030421
0.88508 0.036624
0.882 0.03516
0.81999 0.026465
0.84415 0.03234
0.82919 0.02269
0.85781 0.030875
0.87821 0.032558
0.87787 0.03006
0.84481 0.02482
0.86343 0.028065
0.85253 0.023314
0.88081 0.025026
0.87762 0.02783
0.87801 0.02669
0.87023 0.022131
0.88711 0.023803
0.95058 0.020364
0.95009 0.022254
