348
0.068823 0.020781
0.047394 0.023827
0.12004 0.020542
0.069934 0.024669
0.032367 0.023731
0.070793 0.024738
0.1439 0.02103
0.15137 0.023008
0.1744 0.021849
0.10761 0.02783
0.10374 0.026649
0.10801 0.028055
0.19013 0.024821
0.17892 0.027041
0.1943 0.027486
0.12468 0.02734
0.11587 0.028008
0.12287 0.027293
0.20057 0.03005
0.1287 0.02798
0.20657 0.02921
0.18306 0.038904
0.12726 0.028352
0.12002 0.029519
0.20199 0.032705
0.12001 0.030057
0.22524 0.025739
0.19547 0.038469
0.11777 0.030298
0.12561 0.030104
0.23412 0.028495
0.13773 0.03235
0.24338 0.027003
0.19473 0.038715
0.13752 0.032092
0.13292 0.030491
0.24914 0.024846
0.12112 0.031041
0.26127 0.025746
0.22655 0.03687
0.11843 0.031824
0.26967 0.021615
0.099831 0.03143
0.27627 0.026336
0.24299 0.036422
0.098117 0.030394
0.27797 0.030279
0.10146 0.033037
0.28981 0.023712
0.11515 0.033288
0.11188 0.034364
0.29405 0.027669
0.2497 0.038344
0.29394 0.029934
0.26449 0.036978
0.13996 0.03918
0.30973 0.02859
0.27264 0.03822
0.31436 0.031197
0.12868 0.033264
0.13499 0.034783
0.13035 0.033178
0.3217 0.031671
0.11718 0.034207
0.33793 0.02481
0.10982 0.035607
0.11715 0.034205
0.1097 0.035615
0.32947 0.029826
0.093873 0.030017
0.33158 0.03177
0.24534 0.038186
0.10154 0.036138
0.085768 0.029915
0.35624 0.025955
0.063583 0.031177
0.36139 0.026431
0.19846 0.038439
0.068938 0.030786
0.051622 0.031488
0.36424 0.026357
0.14056 0.040052
0.35306 0.036125
0.22192 0.039247
0.044787 0.02957
0.034024 0.026738
0.31757 0.039572
0.15472 0.03836
0.3625 0.035928
0.16229 0.040896
0.029348 0.027113
0.027652 0.029734
0.31254 0.038576
0.070154 0.033602
0.37736 0.027924
0.03186 0.034304
0.029364 0.03286
0.031893 0.034391
0.33599 0.036313
0.049751 0.03365
0.20924 0.039371
0.065495 0.037681
0.032006 0.034594
0.032669 0.035676
0.37266 0.035705
0.032888 0.036615
0.36932 0.037158
0.081727 0.033615
0.033454 0.037123
0.37353 0.036955
0.044987 0.034488
0.384 0.034409
0.081211 0.034648
0.034762 0.037338
0.38376 0.035417
0.036772 0.037563
0.34584 0.035926
0.1008 0.039326
0.038871 0.037757
0.043581 0.03808
0.32596 0.038026
0.13963 0.039661
0.39279 0.026141
0.086803 0.038819
0.11564 0.038799
0.079515 0.039388
0.33267 0.037134
0.39326 0.027174
0.29552 0.038125
0.40038 0.022303
0.39976 0.026041
0.39548 0.032273
0.090673 0.039247
0.402 0.033011
0.30305 0.038911
0.075662 0.038476
0.074013 0.038322
0.41842 0.031845
0.41351 0.034737
0.39678 0.036398
0.40131 0.035171
0.42322 0.038912
0.42294 0.0389
0.40846 0.038032
0.40143 0.036269
0.40935 0.038068
0.43844 0.039161
0.44383 0.021747
0.45223 0.024296
0.46546 0.020765
0.49052 0.021783
0.42641 0.02543
0.47063 0.023294
0.43307 0.031038
0.43306 0.033098
0.46538 0.03077
0.48454 0.022261
0.46039 0.038065
0.4633 0.039288
0.47636 0.02947
0.48073 0.023628
0.456 0.039307
0.46767 0.039407
0.47409 0.027236
0.47883 0.027238
0.46861 0.039327
0.48536 0.039415
0.48861 0.026079
0.48719 0.03191
0.48518 0.039431
0.48436 0.026716
0.51829 0.021318
0.50587 0.021263
0.57242 0.020334
0.53683 0.022668
0.55761 0.024895
0.49509 0.021724
0.52466 0.03004
0.50462 0.024238
0.5027 0.025154
0.54286 0.029544
0.54931 0.033173
0.49896 0.025487
0.50949 0.028835
0.51524 0.036043
0.53854 0.036097
0.50003 0.028874
0.50873 0.034136
0.51076 0.038522
0.53876 0.038617
0.50781 0.034295
0.49801 0.030765
0.50832 0.038545
0.49265 0.039639
0.4933 0.028569
0.51598 0.038617
0.58669 0.021227
0.58794 0.026785
0.60845 0.028194
0.69519 0.036999
0.59196 0.035018
0.65215 0.037337
0.59256 0.039112
0.56313 0.03333
0.90108 0.03976
0.57311 0.034112
0.56908 0.037589
0.97232 0.037677
0.97114 0.030256
0.56171 0.038855
0.5785 0.039382
0.91863 0.038595
0.62431 0.034435
0.5434 0.038036
0.4926 0.039636
0.63452 0.037787
0.59556 0.038454
0.61952 0.03044
0.96932 0.04081
0.66098 0.036618
0.92721 0.038196
0.964 0.025817
0.97488 0.026726
0.96837 0.027802
0.96972 0.028678
0.87174 0.037483
0.61171 0.037809
0.62857 0.028136
0.97604 0.027258
0.6535 0.036775
0.97637 0.027306
0.97633 0.027406
0.97622 0.027112
0.62528 0.025685
0.97568 0.02669
0.77931 0.038055
0.95664 0.039786
0.97562 0.026655
0.7717 0.038337
0.97049 0.025483
0.84981 0.037703
0.9693 0.025348
0.97147 0.025582
0.96661 0.025114
0.65086 0.03164
0.96386 0.040566
0.70053 0.037325
0.9582 0.02463
0.96281 0.024838
0.96101 0.024755
0.65092 0.027923
0.94067 0.038916
0.66464 0.033029
0.8975 0.039731
0.95372 0.024628
0.6698 0.036838
0.86929 0.038437
0.72339 0.03853
0.93636 0.02549
0.93429 0.024167
0.93716 0.025555
0.67687 0.03684
0.94505 0.026685
0.67623 0.034369
0.94882 0.027777
0.94756 0.027217
0.94877 0.02775
0.67712 0.034095
0.95297 0.029747
0.69071 0.035899
0.83059 0.0397
0.9522 0.029374
0.95843 0.033777
0.69189 0.034197
0.8011 0.038655
0.68871 0.029689
0.94219 0.03593
0.95328 0.035067
0.94491 0.036475
0.69401 0.028525
0.74219 0.039583
0.69577 0.023213
0.73682 0.039411
0.92895 0.034787
0.92688 0.034476
0.70442 0.02673
0.92343 0.034275
0.71413 0.025983
0.74619 0.039108
0.92121 0.03393
0.91704 0.033307
0.72984 0.037256
0.76141 0.03795
0.72562 0.024262
0.8117 0.038464
0.91135 0.031933
0.91458 0.032257
0.74267 0.034523
0.9138 0.031987
0.75674 0.03459
0.77843 0.037078
0.91401 0.032044
0.91303 0.031503
0.74076 0.027063
0.81012 0.038423
0.75128 0.025889
0.778 0.034794
0.90826 0.031586
0.76928 0.029913
0.79662 0.038567
0.76051 0.025013
0.79362 0.037452
0.88796 0.038493
0.87944 0.038668
0.77451 0.027185
0.80343 0.035173
0.78278 0.026262
0.82321 0.038919
0.87604 0.03822
0.87755 0.038663
0.79103 0.027937
0.87969 0.038647
0.81591 0.033881
0.82227 0.03878
0.88104 0.038589
0.88745 0.03823
0.81675 0.032146
0.84295 0.035356
0.82257 0.032542
0.83689 0.03068
0.88438 0.036233
0.88106 0.034931
0.82001 0.026958
0.84083 0.031973
0.82824 0.023015
0.85746 0.030133
0.87724 0.032518
0.87703 0.030048
0.84269 0.02459
0.86331 0.027961
0.85158 0.022973
0.87994 0.024971
0.87686 0.027833
0.87723 0.026683
0.86989 0.02225
0.88688 0.023685
0.95202 0.020357
0.95152 0.022204
