348
0.027721 0.024156
0.027264 0.042503
0.038291 0.022581
0.03368 0.042503
0.023222 0.042503
0.033917 0.042503
0.042684 0.024792
0.047918 0.031753
0.051792 0.024064
0.05341 0.042504
0.04747 0.042503
0.054657 0.042504
0.063745 0.02388
0.061345 0.031193
0.071032 0.024899
0.073335 0.042506
0.067555 0.042505
0.07252 0.042506
0.085943 0.026552
0.08515 0.042508
0.092915 0.026405
0.096775 0.034723
0.087294 0.042509
0.096088 0.042511
0.10286 0.028563
0.10851 0.042515
0.11304 0.024911
0.11715 0.031426
0.10241 0.042513
0.11399 0.042518
0.12811 0.026817
0.12776 0.042525
0.13587 0.025868
0.13856 0.034583
0.12391 0.042523
0.13414 0.04253
0.14207 0.024445
0.14294 0.042537
0.15542 0.025487
0.15485 0.03263
0.14706 0.04254
0.16394 0.021243
0.16775 0.042571
0.17323 0.024852
0.17105 0.03209
0.17379 0.042586
0.18699 0.027055
0.18746 0.042626
0.19318 0.022975
0.19542 0.042652
0.1946 0.042649
0.20796 0.026631
0.20168 0.034397
0.21664 0.028363
0.2131 0.034435
0.20766 0.042694
0.22322 0.026531
0.22494 0.034098
0.23453 0.027361
0.23403 0.042943
0.22548 0.042844
0.23205 0.042915
0.24547 0.027012
0.24495 0.043096
0.25297 0.023955
0.25149 0.043206
0.24498 0.043097
0.25163 0.043209
0.26071 0.027103
0.26525 0.04352
0.27239 0.028235
0.27385 0.033956
0.26 0.043399
0.27001 0.043647
0.27873 0.023126
0.2835 0.044224
0.29188 0.022656
0.2886 0.034221
0.28131 0.044129
0.29258 0.044686
0.30101 0.022523
0.30404 0.036951
0.30679 0.027214
0.31093 0.033434
0.29765 0.044991
0.31157 0.046156
0.31482 0.030444
0.31971 0.035949
0.32415 0.024941
0.32574 0.035589
0.32178 0.047593
0.32821 0.048874
0.33388 0.030847
0.33204 0.040078
0.33893 0.022585
0.34376 0.053718
0.33659 0.051296
0.34449 0.053993
0.3477 0.030161
0.34887 0.044442
0.35416 0.034825
0.35401 0.043305
0.34646 0.054779
0.35486 0.059335
0.35631 0.025157
0.35919 0.063609
0.3639 0.028664
0.36524 0.045427
0.36447 0.070303
0.36622 0.02844
0.36997 0.055866
0.3703 0.02508
0.3723 0.048804
0.36822 0.075433
0.37645 0.03116
0.37134 0.078494
0.37977 0.037293
0.3805 0.051737
0.37318 0.079627
0.3767 0.079146
0.38262 0.0393
0.38327 0.049423
0.38739 0.022962
0.38494 0.059747
0.38625 0.055303
0.3887 0.07499
0.40236 0.062296
0.393 0.023912
0.39021 0.045651
0.41886 0.023033
0.4181 0.028493
0.40748 0.031404
0.39057 0.068564
0.41969 0.037632
0.39668 0.053196
0.38804 0.074375
0.38798 0.074943
0.43068 0.040744
0.42696 0.044209
0.40997 0.053064
0.41325 0.057407
0.43037 0.048419
0.43108 0.050186
0.42561 0.055661
0.43713 0.056555
0.44413 0.057831
0.44709 0.058449
0.45085 0.022321
0.46099 0.023933
0.47756 0.021046
0.4939 0.026482
0.4383 0.026931
0.48251 0.026678
0.44588 0.033351
0.44595 0.03556
0.47571 0.031937
0.49246 0.036934
0.46215 0.041177
0.4677 0.042825
0.47886 0.038676
0.49183 0.043864
0.45896 0.047541
0.47346 0.053045
0.48397 0.046716
0.48942 0.054124
0.47432 0.055729
0.45767 0.060946
0.49316 0.05532
0.48392 0.065244
0.47209 0.063756
0.4921 0.065672
0.52113 0.021733
0.5143 0.023726
0.56913 0.020495
0.54114 0.022861
0.55662 0.026175
0.5051 0.031129
0.53064 0.030739
0.5138 0.032712
0.51258 0.035873
0.54367 0.031203
0.54504 0.03484
0.50912 0.040654
0.51634 0.044603
0.5325 0.038016
0.54456 0.040629
0.51076 0.047076
0.51845 0.052881
0.53902 0.047627
0.53668 0.052122
0.51718 0.057611
0.50802 0.061188
0.52764 0.055489
0.53867 0.060957
0.5051 0.065673
0.53018 0.062406
0.57963 0.021062
0.58189 0.02541
0.60363 0.026902
0.60788 0.043627
0.58807 0.030961
0.60463 0.039679
0.58073 0.039351
0.55788 0.036775
0.6066 0.062686
0.56207 0.040193
0.55737 0.043816
0.61008 0.071735
0.61004 0.074382
0.5519 0.044697
0.55672 0.051246
0.60435 0.067896
0.59442 0.060372
0.55134 0.054015
0.54334 0.060218
0.57979 0.057108
0.56328 0.05752
0.61285 0.028106
0.61481 0.061652
0.61599 0.033269
0.61743 0.05014
0.61684 0.068295
0.62201 0.079351
0.6111 0.074381
0.61046 0.074796
0.60254 0.066057
0.59314 0.05984
0.61957 0.027358
0.62439 0.081485
0.62341 0.030065
0.62713 0.080735
0.6255 0.081635
0.62821 0.079875
0.6286 0.02377
0.63061 0.077258
0.6308 0.036635
0.63075 0.047146
0.63076 0.077042
0.63579 0.035143
0.63713 0.066518
0.63925 0.03672
0.63849 0.065055
0.63607 0.067903
0.64157 0.061886
0.6477 0.026094
0.64327 0.044018
0.65231 0.030122
0.65326 0.054322
0.64666 0.057898
0.64945 0.056274
0.66147 0.024053
0.65795 0.039688
0.66499 0.026821
0.66694 0.037941
0.65819 0.052223
0.67088 0.027358
0.6762 0.034584
0.67906 0.029622
0.68282 0.046705
0.66993 0.048673
0.68334 0.046653
0.69216 0.028145
0.68832 0.046173
0.70189 0.026803
0.69594 0.045509
0.69245 0.045792
0.69577 0.045522
0.70483 0.026733
0.70606 0.044728
0.71583 0.028603
0.71761 0.034532
0.70462 0.044837
0.71903 0.04401
0.72383 0.027815
0.72885 0.034097
0.73355 0.025468
0.73568 0.043428
0.72653 0.04371
0.73342 0.043481
0.74236 0.025057
0.74554 0.032746
0.75235 0.022066
0.75459 0.03237
0.7495 0.043109
0.75693 0.043014
0.76323 0.024679
0.76378 0.042937
0.77552 0.024825
0.77661 0.032509
0.76823 0.042888
0.7761 0.042817
0.7822 0.028412
0.78749 0.032732
0.79204 0.022578
0.79641 0.035106
0.78705 0.042727
0.79804 0.042672
0.8035 0.02819
0.80314 0.042652
0.81359 0.028681
0.81412 0.032402
0.8017 0.042658
0.81294 0.042618
0.82392 0.024429
0.82608 0.034866
0.83709 0.024196
0.83206 0.031612
0.82136 0.042595
0.84808 0.028287
0.84861 0.033887
0.85243 0.02349
0.85901 0.031986
0.84425 0.04255
0.85286 0.042539
0.8625 0.026502
0.86483 0.032653
0.87603 0.025066
0.87671 0.033895
0.86587 0.042528
0.87781 0.042521
0.8854 0.025559
0.88113 0.042519
0.89585 0.028939
0.89329 0.031176
0.88222 0.042519
0.89196 0.042514
0.90634 0.027937
0.90635 0.034163
0.91611 0.028644
0.91609 0.031768
0.90525 0.04251
0.91489 0.042508
0.92809 0.025516
0.92122 0.031818
0.93831 0.023454
0.93705 0.033245
0.92622 0.042506
0.93443 0.042505
0.94805 0.026735
0.94258 0.033782
0.95361 0.025476
0.95879 0.042503
0.94807 0.042504
0.95282 0.042503
0.96352 0.028469
0.96252 0.042503
0.97783 0.024426
0.975 0.042503
