348
0.067207 0.020788
0.04619 0.023914
0.12055 0.020588
0.068219 0.024665
0.031665 0.023905
0.069004 0.024686
0.14354 0.020986
0.15134 0.022929
0.17581 0.021807
0.10897 0.028152
0.10462 0.026742
0.10937 0.028365
0.19123 0.024647
0.17981 0.026828
0.1954 0.027318
0.12489 0.02769
0.11629 0.028505
0.12343 0.027728
0.20214 0.030212
0.12823 0.028355
0.20762 0.029015
0.18257 0.039027
0.12697 0.028715
0.12059 0.030313
0.20436 0.03272
0.12074 0.030868
0.22755 0.025405
0.19726 0.037501
0.11845 0.031198
0.12584 0.030493
0.23676 0.028226
0.13667 0.031666
0.24587 0.02638
0.19652 0.037684
0.13651 0.031464
0.13248 0.031014
0.25332 0.024281
0.12225 0.031764
0.26619 0.025751
0.23303 0.035413
0.11954 0.032763
0.27425 0.021595
0.10058 0.031034
0.28091 0.026023
0.2481 0.034747
0.099025 0.029948
0.28268 0.029732
0.10247 0.032647
0.29556 0.023705
0.11661 0.033803
0.11404 0.034135
0.29993 0.02798
0.25612 0.035989
0.29964 0.030272
0.27058 0.0369
0.13757 0.037331
0.31462 0.029204
0.27823 0.037595
0.31842 0.031642
0.1288 0.033701
0.13412 0.03498
0.1302 0.033771
0.32503 0.032378
0.11872 0.035084
0.34094 0.025597
0.11278 0.035769
0.11868 0.035082
0.11268 0.035808
0.33294 0.030791
0.094863 0.029448
0.33497 0.032929
0.25178 0.036692
0.10323 0.035425
0.085502 0.028693
0.35609 0.026968
0.062684 0.031152
0.36054 0.027119
0.20098 0.038105
0.067186 0.030874
0.050914 0.031542
0.36308 0.027184
0.1381 0.039055
0.35555 0.038743
0.22785 0.037215
0.043911 0.02995
0.033228 0.027046
0.31938 0.03987
0.15321 0.039751
0.36313 0.037433
0.16045 0.039154
0.028817 0.02752
0.027212 0.03032
0.31486 0.039208
0.068077 0.033565
0.37498 0.028832
0.032133 0.034868
0.029333 0.033578
0.032188 0.034956
0.34039 0.038201
0.049957 0.033542
0.21287 0.038391
0.064942 0.037592
0.032351 0.035156
0.033311 0.036236
0.37296 0.037064
0.033783 0.037179
0.37032 0.038522
0.079605 0.031813
0.034562 0.037766
0.37398 0.038921
0.046019 0.034783
0.38164 0.036829
0.078695 0.032723
0.036086 0.037981
0.38178 0.038791
0.038491 0.038152
0.34891 0.038788
0.10326 0.038233
0.04118 0.038276
0.046337 0.038752
0.32894 0.038878
0.13748 0.039014
0.38787 0.026789
0.083875 0.035927
0.11837 0.039714
0.075417 0.037084
0.33692 0.038858
0.38825 0.027909
0.30157 0.039619
0.39542 0.022544
0.39477 0.026715
0.39025 0.033361
0.089692 0.036966
0.39733 0.033757
0.30655 0.039361
0.072049 0.037486
0.070694 0.037516
0.4121 0.032506
0.40786 0.03541
0.39196 0.037693
0.3969 0.036082
0.41847 0.038831
0.41819 0.038944
0.40395 0.038833
0.39713 0.037136
0.40467 0.038894
0.43682 0.039612
0.43615 0.021867
0.4446 0.02449
0.45724 0.020686
0.48297 0.021755
0.41968 0.025534
0.46304 0.022948
0.42688 0.031571
0.42781 0.033356
0.45748 0.02962
0.47724 0.022181
0.45608 0.036922
0.46039 0.03664
0.46987 0.029227
0.47399 0.023601
0.4524 0.040421
0.46531 0.037107
0.46696 0.026886
0.47218 0.027171
0.46606 0.037033
0.48016 0.038541
0.48101 0.026053
0.48008 0.031772
0.48004 0.038596
0.47707 0.02647
0.51056 0.021459
0.49941 0.021321
0.56494 0.020357
0.52991 0.022493
0.54929 0.024785
0.48862 0.021646
0.51594 0.03051
0.49811 0.024366
0.49628 0.025133
0.53636 0.029713
0.5416 0.033684
0.49233 0.025171
0.50303 0.029625
0.50835 0.036934
0.53217 0.035335
0.49351 0.02838
0.50277 0.035071
0.50511 0.040141
0.53256 0.038522
0.50191 0.035035
0.49125 0.030149
0.5032 0.040278
0.48748 0.038682
0.48669 0.028246
0.50923 0.040923
0.57827 0.021185
0.57981 0.026458
0.60231 0.027102
0.68605 0.038622
0.58456 0.033428
0.64857 0.039911
0.58453 0.037028
0.55543 0.032865
0.89996 0.037945
0.56502 0.03483
0.56146 0.037484
0.96931 0.035293
0.96981 0.028877
0.55353 0.038233
0.56998 0.039015
0.9156 0.038918
0.62366 0.034162
0.53734 0.038023
0.48741 0.038692
0.6319 0.037473
0.58558 0.037209
0.61593 0.029161
0.96326 0.037972
0.65452 0.037926
0.92241 0.037986
0.96161 0.025079
0.97411 0.025852
0.96663 0.02678
0.96819 0.027532
0.8612 0.036592
0.60552 0.033963
0.62568 0.028543
0.97545 0.026315
0.64932 0.038319
0.97583 0.026356
0.97578 0.026443
0.97565 0.026187
0.62299 0.025775
0.97503 0.025821
0.77532 0.038924
0.94765 0.03882
0.97496 0.02579
0.76686 0.039336
0.96907 0.02475
0.84299 0.039337
0.9677 0.024644
0.9702 0.024846
0.96461 0.024453
0.64651 0.033052
0.95483 0.038323
0.69033 0.038523
0.95492 0.024065
0.96013 0.024227
0.95805 0.024162
0.64577 0.028851
0.93303 0.038729
0.65794 0.033564
0.89331 0.037658
0.9499 0.024108
0.6642 0.036941
0.85817 0.037815
0.71057 0.03755
0.93127 0.025462
0.92927 0.02425
0.93205 0.025496
0.67226 0.037797
0.94013 0.026259
0.67127 0.034964
0.94442 0.027079
0.94301 0.026631
0.94437 0.027056
0.67185 0.034764
0.94916 0.028752
0.68292 0.037746
0.82399 0.038174
0.94822 0.028468
0.95312 0.031976
0.68356 0.035831
0.79373 0.03686
0.68091 0.031143
0.93551 0.034899
0.94694 0.033426
0.93778 0.035177
0.68501 0.029539
0.72907 0.03704
0.68653 0.023578
0.72235 0.037209
0.92401 0.034852
0.92224 0.034445
0.69441 0.026568
0.91945 0.034237
0.70558 0.025544
0.73355 0.036664
0.91727 0.03393
0.91375 0.033409
0.71766 0.036186
0.75277 0.038247
0.71732 0.02411
0.80355 0.038573
0.9078 0.032038
0.91104 0.032433
0.73413 0.031423
0.9102 0.032124
0.74967 0.034542
0.77419 0.037517
0.91041 0.032202
0.90931 0.031689
0.73471 0.025662
0.80263 0.038134
0.74733 0.026012
0.77314 0.035376
0.90458 0.031188
0.7632 0.030677
0.78951 0.036825
0.75486 0.025651
0.78649 0.036355
0.87808 0.037902
0.86713 0.038376
0.76781 0.027751
0.79634 0.033824
0.77584 0.026585
0.81354 0.038425
0.86473 0.037127
0.86559 0.03829
0.78354 0.028159
0.8674 0.038236
0.80835 0.033531
0.81244 0.03807
0.86882 0.037971
0.87748 0.037419
0.8098 0.031936
0.83899 0.034847
0.81511 0.032027
0.83162 0.030192
0.87432 0.035413
0.87146 0.034187
0.81353 0.026906
0.83652 0.03171
0.82227 0.022883
0.85102 0.03111
0.8693 0.031964
0.87043 0.029668
0.83785 0.02461
0.85624 0.02834
0.84595 0.023311
0.87356 0.024795
0.87058 0.027543
0.87096 0.026437
0.86311 0.022192
0.88061 0.02356
0.948 0.020323
0.94744 0.021991
