348
0.046053 0.021331
0.034317 0.027204
0.076058 0.021144
0.046588 0.027874
0.02635 0.027123
0.047041 0.027911
0.085535 0.022586
0.088567 0.02718
0.098535 0.023747
0.068801 0.031915
0.065574 0.030607
0.069166 0.032196
0.10825 0.025827
0.10091 0.032623
0.11239 0.028601
0.07906 0.03644
0.074636 0.034988
0.078482 0.036222
0.11915 0.032903
0.081441 0.039223
0.12268 0.032844
0.10976 0.04846
0.080903 0.039554
0.078295 0.040346
0.12332 0.037892
0.07865 0.041518
0.13332 0.029831
0.12333 0.044746
0.077205 0.040567
0.081238 0.042937
0.13907 0.033314
0.087537 0.047483
0.14459 0.031404
0.12541 0.050713
0.087331 0.047011
0.08577 0.046925
0.14847 0.028725
0.080191 0.044461
0.15466 0.031143
0.13826 0.045369
0.078886 0.044074
0.15919 0.022657
0.064998 0.039113
0.16334 0.030802
0.14559 0.045786
0.063977 0.038898
0.16417 0.037043
0.066776 0.040254
0.17185 0.026977
0.07818 0.045506
0.076896 0.044842
0.17401 0.035233
0.14968 0.052307
0.17384 0.039372
0.15667 0.052284
0.091693 0.059098
0.18132 0.034359
0.16106 0.052872
0.18409 0.0367
0.085271 0.051378
0.089484 0.055764
0.086304 0.052208
0.18936 0.036611
0.079949 0.048155
0.19875 0.029992
0.077186 0.046838
0.079934 0.048148
0.077123 0.046809
0.19499 0.038501
0.062189 0.04027
0.19603 0.042056
0.14792 0.061038
0.069002 0.043025
0.057903 0.038788
0.20805 0.029791
0.044697 0.038575
0.21202 0.029448
0.13041 0.06286
0.047073 0.03764
0.037968 0.040477
0.21447 0.029778
0.095911 0.07452
0.20594 0.046399
0.13861 0.06228
0.03329 0.037972
0.026997 0.032815
0.18459 0.051548
0.10336 0.071939
0.21428 0.042958
0.10707 0.072398
0.024658 0.033813
0.024102 0.039301
0.17992 0.054581
0.049617 0.041297
0.22168 0.033845
0.029029 0.04794
0.026473 0.045755
0.029114 0.048082
0.19682 0.055175
0.03882 0.044371
0.13473 0.06434
0.050486 0.046758
0.029339 0.048402
0.030694 0.050051
0.22008 0.04719
0.031708 0.051622
0.21562 0.05765
0.056995 0.042281
0.032889 0.052941
0.21794 0.056976
0.037658 0.046829
0.22402 0.044968
0.057353 0.043604
0.034344 0.053525
0.22012 0.059609
0.03633 0.053987
0.20031 0.059866
0.072987 0.04803
0.037618 0.05428
0.040262 0.054761
0.19254 0.057348
0.096159 0.078012
0.23152 0.031553
0.063735 0.053648
0.088121 0.068444
0.064754 0.058673
0.19571 0.060067
0.23231 0.033931
0.17334 0.061433
0.24429 0.024436
0.24346 0.032963
0.23664 0.044833
0.069713 0.058412
0.24735 0.041337
0.17516 0.06119
0.063142 0.057979
0.062501 0.057869
0.25971 0.034314
0.25717 0.039337
0.2406 0.056134
0.24646 0.053497
0.26294 0.03936
0.26463 0.040079
0.26058 0.044764
0.27534 0.042542
0.28791 0.040532
0.29503 0.040033
0.2909 0.021251
0.30738 0.021998
0.33956 0.020197
0.48459 0.020256
0.2687 0.024095
0.36281 0.020495
0.28194 0.027667
0.28231 0.028902
0.33247 0.023724
0.43881 0.020442
0.31164 0.030516
0.32274 0.032514
0.35069 0.022198
0.4234 0.020669
0.31199 0.035216
0.33094 0.032649
0.37298 0.021073
0.4003 0.021118
0.33291 0.031488
0.33013 0.043849
0.4556 0.020976
0.38326 0.021771
0.33611 0.041008
0.43362 0.021247
0.67919 0.020791
0.6514 0.020387
0.75104 0.020445
0.7063 0.022029
0.73184 0.023406
0.53096 0.02027
0.69061 0.026889
0.64657 0.021223
0.63296 0.02123
0.70983 0.027879
0.71131 0.030417
0.58065 0.02081
0.66655 0.023634
0.69242 0.032463
0.70672 0.035275
0.60272 0.021334
0.67577 0.027842
0.6903 0.042806
0.68109 0.045965
0.67064 0.026589
0.56076 0.021467
0.68106 0.035873
0.67083 0.052583
0.51549 0.021248
0.67571 0.045263
0.76013 0.02152
0.76152 0.028375
0.77334 0.038328
0.81447 0.061965
0.76424 0.040395
0.79377 0.060588
0.75714 0.046864
0.73283 0.02933
0.92906 0.062949
0.7383 0.032347
0.7281 0.033272
0.97436 0.051142
0.97524 0.038517
0.71669 0.035449
0.72028 0.038713
0.93698 0.058628
0.78384 0.060145
0.70235 0.043366
0.67082 0.053524
0.74734 0.053507
0.72679 0.041318
0.77878 0.042736
0.96909 0.055976
0.79672 0.059191
0.94284 0.054348
0.97115 0.030165
0.97725 0.032485
0.97375 0.033916
0.97448 0.035594
0.90325 0.068649
0.77637 0.056855
0.78198 0.04333
0.97788 0.033473
0.79364 0.054365
0.97805 0.033561
0.97803 0.033746
0.97797 0.033201
0.78159 0.034848
0.97768 0.032418
0.8547 0.062396
0.95968 0.058719
0.97764 0.032354
0.85239 0.062045
0.97488 0.029879
0.8948 0.067841
0.97424 0.029606
0.97541 0.030145
0.97273 0.029041
0.7918 0.044852
0.96399 0.056089
0.81618 0.059144
0.96775 0.027951
0.97039 0.028425
0.96931 0.028204
0.79132 0.037319
0.95009 0.053332
0.79782 0.047842
0.92718 0.061893
0.9651 0.027647
0.80127 0.050043
0.90249 0.06613
0.82167 0.05941
0.95534 0.030807
0.95436 0.028143
0.95573 0.030902
0.80931 0.051905
0.95922 0.03191
0.80598 0.046035
0.96175 0.033367
0.96079 0.032659
0.96171 0.03333
0.8064 0.045401
0.96466 0.036184
0.81351 0.049235
0.88988 0.064491
0.96415 0.035668
0.96596 0.04236
0.81318 0.045866
0.87005 0.061109
0.81026 0.037766
0.95601 0.046636
0.96226 0.045775
0.95761 0.046541
0.81181 0.035418
0.83565 0.059749
0.81273 0.025944
0.83353 0.0586
0.94783 0.046544
0.94716 0.045897
0.81768 0.033106
0.94556 0.045387
0.82212 0.033516
0.83734 0.055294
0.94458 0.045149
0.94312 0.044848
0.83069 0.044772
0.84277 0.05409
0.82727 0.027401
0.87334 0.058383
0.9396 0.044763
0.94196 0.043885
0.83753 0.044289
0.94151 0.043709
0.84224 0.044584
0.85544 0.051721
0.94163 0.043746
0.94108 0.043379
0.8381 0.03226
0.87323 0.055604
0.84289 0.030717
0.85581 0.047836
0.93859 0.043558
0.8532 0.039526
0.86893 0.050083
0.84912 0.028176
0.8669 0.04651
0.91963 0.05771
0.91474 0.057854
0.85612 0.034981
0.87178 0.047573
0.86031 0.031682
0.8836 0.05027
0.91003 0.057554
0.91311 0.055762
0.86545 0.033048
0.91588 0.054891
0.87771 0.041155
0.88292 0.045686
0.91689 0.054581
0.92257 0.050024
0.87902 0.038212
0.89499 0.046814
0.88425 0.038149
0.89221 0.042428
0.92262 0.047408
0.92184 0.045187
0.8829 0.030253
0.89448 0.041483
0.88835 0.025372
0.90262 0.037801
0.92151 0.041808
0.92371 0.038847
0.89538 0.028354
0.90562 0.035752
0.9001 0.025596
0.92828 0.030439
0.92529 0.035449
0.9261 0.033384
0.9121 0.025547
0.93091 0.028172
0.96402 0.020596
0.96368 0.0237
