348
0.076622 0.02074
0.053109 0.023261
0.13007 0.020555
0.077819 0.024384
0.035116 0.02306
0.078744 0.024402
0.15264 0.020884
0.16329 0.022144
0.18956 0.021983
0.11769 0.028171
0.11383 0.026928
0.11809 0.028368
0.20453 0.024596
0.19353 0.027395
0.20899 0.027062
0.13469 0.027555
0.12557 0.028143
0.13304 0.027494
0.21572 0.029391
0.13832 0.028443
0.22201 0.028605
0.19633 0.03933
0.13697 0.02873
0.13004 0.029754
0.21706 0.031869
0.12999 0.030302
0.24304 0.025502
0.20959 0.037427
0.12753 0.030505
0.13542 0.030415
0.25148 0.028892
0.1458 0.032209
0.25987 0.027187
0.20878 0.037673
0.14569 0.031996
0.14198 0.0313
0.26586 0.024705
0.13107 0.031323
0.27855 0.025576
0.24556 0.03623
0.12799 0.03207
0.28712 0.021551
0.11003 0.031574
0.29415 0.026152
0.26 0.036902
0.10866 0.030429
0.29603 0.030126
0.11111 0.033292
0.30754 0.023812
0.1243 0.033418
0.12108 0.034267
0.31168 0.027988
0.26701 0.037695
0.31162 0.030341
0.28266 0.036432
0.14549 0.038542
0.32667 0.028889
0.29106 0.037422
0.3313 0.031485
0.13754 0.033957
0.1426 0.035703
0.139 0.034047
0.33867 0.032215
0.12614 0.034461
0.35286 0.025776
0.11886 0.035979
0.1261 0.034458
0.11873 0.036014
0.34597 0.031039
0.10457 0.0298
0.34786 0.03344
0.26269 0.038452
0.11077 0.036381
0.095501 0.028839
0.36853 0.026702
0.070985 0.030321
0.37319 0.027254
0.21301 0.037329
0.076724 0.030216
0.05822 0.030219
0.37578 0.0273
0.1457 0.039241
0.36519 0.038393
0.24043 0.037701
0.050141 0.028124
0.037141 0.025551
0.33502 0.03974
0.16737 0.033576
0.37417 0.038053
0.17962 0.038576
0.031425 0.025812
0.02934 0.027964
0.32985 0.039184
0.078011 0.03275
0.38674 0.029843
0.034819 0.031699
0.031603 0.030505
0.034868 0.031772
0.35152 0.03933
0.056402 0.031876
0.22475 0.037614
0.073459 0.036444
0.035027 0.031941
0.035958 0.032846
0.38331 0.038969
0.03632 0.033621
0.38074 0.040376
0.090498 0.032045
0.037091 0.034058
0.38397 0.040628
0.051063 0.032275
0.39148 0.038445
0.089754 0.032967
0.038789 0.034285
0.39126 0.039761
0.041415 0.03455
0.35894 0.038698
0.10986 0.039455
0.044252 0.034797
0.050018 0.03534
0.34379 0.039617
0.14506 0.039163
0.39858 0.027398
0.095643 0.036688
0.12377 0.038992
0.087126 0.037238
0.34907 0.039778
0.39894 0.028614
0.31374 0.03894
0.40535 0.022603
0.40477 0.026871
0.40017 0.034479
0.10003 0.037783
0.40636 0.034315
0.32106 0.039664
0.083357 0.03653
0.081742 0.036415
0.42242 0.032211
0.41756 0.035255
0.40078 0.03912
0.40541 0.036869
0.42719 0.038974
0.42687 0.039022
0.41218 0.038853
0.40539 0.038046
0.41312 0.03886
0.44345 0.037484
0.44875 0.021564
0.45843 0.024028
0.47163 0.020793
0.49513 0.021798
0.43046 0.02543
0.47641 0.023384
0.43699 0.030579
0.43704 0.032506
0.47174 0.031159
0.4896 0.022298
0.46882 0.038651
0.47276 0.040047
0.48186 0.03011
0.48626 0.023848
0.46446 0.038756
0.4767 0.0399
0.47947 0.027685
0.48443 0.027734
0.47738 0.039811
0.49221 0.039253
0.49328 0.026183
0.4923 0.032055
0.49207 0.039263
0.48944 0.026832
0.52501 0.021258
0.51169 0.021173
0.58157 0.020348
0.54483 0.022418
0.56723 0.024834
0.50028 0.021657
0.53165 0.029623
0.51024 0.023893
0.50828 0.024651
0.55202 0.028622
0.55903 0.032442
0.50431 0.02503
0.51607 0.028303
0.52316 0.034856
0.54761 0.034728
0.50543 0.028036
0.51614 0.033227
0.51941 0.037289
0.54828 0.03723
0.51502 0.033348
0.50345 0.029966
0.51668 0.037313
0.49943 0.038936
0.49821 0.02844
0.52415 0.037506
0.59566 0.021151
0.59709 0.026307
0.61878 0.027833
0.70294 0.038195
0.60332 0.033808
0.66151 0.038161
0.60551 0.03765
0.57274 0.033633
0.90347 0.038472
0.58188 0.03471
0.57805 0.038369
0.97054 0.03592
0.97017 0.029218
0.57167 0.039194
0.58649 0.03958
0.92041 0.039584
0.63819 0.034592
0.5539 0.03624
0.49938 0.038945
0.6475 0.039811
0.60904 0.037236
0.6312 0.029982
0.96617 0.038945
0.6703 0.037324
0.92695 0.039985
0.96224 0.025424
0.97432 0.026061
0.96709 0.027094
0.9686 0.02783
0.87212 0.038306
0.62649 0.036827
0.64013 0.028611
0.97561 0.026541
0.6627 0.037368
0.97597 0.026583
0.97593 0.026674
0.9758 0.026409
0.63705 0.025722
0.9752 0.026029
0.78804 0.038948
0.95179 0.039623
0.97514 0.025997
0.77904 0.039078
0.96945 0.024929
0.85417 0.038521
0.96813 0.024837
0.97054 0.025022
0.96514 0.024697
0.65989 0.032322
0.95885 0.039495
0.70869 0.039237
0.95604 0.024459
0.96086 0.024542
0.95886 0.02451
0.65969 0.028437
0.93767 0.04047
0.67361 0.033608
0.89884 0.03831
0.95161 0.024591
0.67935 0.037969
0.87004 0.039424
0.72892 0.038597
0.93511 0.026065
0.93328 0.024702
0.93581 0.02611
0.68608 0.037981
0.94298 0.027052
0.68505 0.035362
0.94677 0.028036
0.94552 0.02751
0.94672 0.02801
0.68586 0.035093
0.9509 0.029745
0.6984 0.036869
0.83336 0.038973
0.95012 0.029442
0.95524 0.033276
0.69923 0.035088
0.80564 0.040394
0.69568 0.030404
0.93929 0.036919
0.94992 0.035087
0.94151 0.037263
0.70025 0.029096
0.74737 0.038001
0.70196 0.023434
0.74102 0.037644
0.92845 0.036545
0.92672 0.035965
0.71017 0.027237
0.924 0.035462
0.71906 0.026509
0.75172 0.03776
0.92209 0.034921
0.91816 0.033957
0.73453 0.036699
0.76727 0.038396
0.72988 0.024267
0.81423 0.041534
0.91236 0.032038
0.91561 0.03272
0.74823 0.033021
0.9148 0.032338
0.76301 0.034672
0.7869 0.037764
0.91501 0.032435
0.91398 0.031773
0.74612 0.02641
0.81309 0.041325
0.75775 0.025759
0.78566 0.035459
0.90924 0.031229
0.77506 0.030308
0.80252 0.040057
0.76667 0.025173
0.7998 0.03884
0.88754 0.03805
0.87878 0.039234
0.78002 0.027569
0.80749 0.036672
0.78784 0.026674
0.82356 0.039995
0.87584 0.039114
0.87713 0.039501
0.79548 0.028862
0.879 0.039173
0.81753 0.035675
0.82229 0.040064
0.88024 0.038926
0.88695 0.037807
0.81835 0.03358
0.8473 0.035207
0.82339 0.033122
0.83891 0.03051
0.8837 0.036165
0.88036 0.035205
0.82114 0.027508
0.84387 0.031887
0.82951 0.02297
0.85897 0.030927
0.87694 0.03306
0.87675 0.030502
0.84457 0.024619
0.86398 0.028569
0.85299 0.02314
0.87945 0.025104
0.87655 0.028194
0.8769 0.026975
0.87 0.022388
0.88629 0.023622
0.94993 0.020361
0.94943 0.022237
