348
0.067482 0.020763
0.046124 0.023902
0.12303 0.020579
0.068532 0.024508
0.031609 0.023921
0.069346 0.024522
0.14612 0.020988
0.15389 0.022946
0.17814 0.021823
0.11117 0.027936
0.10671 0.026517
0.11158 0.028148
0.19347 0.024665
0.1821 0.026878
0.19762 0.027338
0.1274 0.027607
0.11868 0.028341
0.12593 0.027633
0.20434 0.030224
0.13076 0.028291
0.20983 0.029013
0.18485 0.03915
0.1295 0.028637
0.12306 0.030158
0.20657 0.032729
0.12322 0.030706
0.22981 0.025375
0.19947 0.037542
0.1209 0.031006
0.12835 0.030388
0.23908 0.028207
0.13926 0.031638
0.24818 0.026392
0.19874 0.037729
0.1391 0.031436
0.13505 0.030961
0.2556 0.024324
0.12474 0.031606
0.26821 0.025919
0.23532 0.035351
0.12201 0.032558
0.27602 0.021664
0.10256 0.030594
0.2824 0.026367
0.2504 0.03479
0.10095 0.029526
0.28405 0.030323
0.1045 0.032181
0.29603 0.023793
0.11901 0.033543
0.11637 0.033833
0.30013 0.027896
0.25838 0.036216
0.29978 0.030191
0.27231 0.037499
0.14017 0.0373
0.31621 0.028457
0.27959 0.0385
0.32051 0.030742
0.13134 0.033603
0.1367 0.034922
0.13275 0.033686
0.32761 0.031494
0.12118 0.03483
0.3447 0.025047
0.11508 0.035412
0.12114 0.034828
0.11498 0.03545
0.33599 0.029922
0.096535 0.028985
0.33825 0.031829
0.25406 0.036821
0.10527 0.034876
0.086601 0.028229
0.3618 0.026539
0.062788 0.030873
0.36643 0.0269
0.20318 0.038131
0.06746 0.030525
0.050873 0.031468
0.36892 0.027087
0.1407 0.039026
0.36121 0.037518
0.23011 0.037119
0.043834 0.02993
0.033165 0.027069
0.32237 0.038395
0.15575 0.039876
0.36897 0.037203
0.16294 0.039317
0.028775 0.027556
0.027177 0.03037
0.317 0.03768
0.068384 0.033111
0.38059 0.029128
0.032075 0.034925
0.029288 0.033644
0.032129 0.035012
0.34424 0.03643
0.04991 0.033474
0.21508 0.038364
0.065132 0.03709
0.032291 0.035212
0.033246 0.036289
0.37861 0.037576
0.033716 0.03723
0.37602 0.038992
0.080348 0.031259
0.034492 0.037812
0.37961 0.039521
0.045952 0.034737
0.38697 0.037587
0.079402 0.032138
0.036009 0.038015
0.38711 0.039642
0.038402 0.038164
0.35379 0.036742
0.1053 0.037584
0.041089 0.038264
0.046272 0.038692
0.33218 0.037556
0.14008 0.038979
0.39288 0.027162
0.084875 0.035105
0.12083 0.039376
0.076001 0.03636
0.3405 0.037169
0.39324 0.028347
0.30081 0.039255
0.40004 0.022695
0.39942 0.027111
0.39513 0.034119
0.091048 0.035996
0.40183 0.034586
0.30693 0.038161
0.072506 0.03681
0.0711 0.036865
0.41565 0.033267
0.41164 0.036401
0.39675 0.038712
0.40142 0.037047
0.42139 0.039904
0.42112 0.040027
0.40797 0.040027
0.40164 0.038166
0.40863 0.040098
0.4381 0.039139
0.43853 0.021819
0.4478 0.023972
0.46275 0.020605
0.49042 0.021661
0.42287 0.025844
0.46911 0.022673
0.42959 0.032166
0.43034 0.034036
0.46303 0.028489
0.48437 0.022051
0.46167 0.034839
0.46667 0.034916
0.47649 0.028603
0.48092 0.023374
0.45703 0.037551
0.47189 0.035703
0.47335 0.026363
0.47897 0.026704
0.47267 0.03569
0.48735 0.037493
0.48835 0.025717
0.48735 0.031106
0.48723 0.037543
0.4842 0.026083
0.52018 0.021325
0.50781 0.021218
0.57128 0.020365
0.54008 0.022757
0.55659 0.025405
0.49637 0.021559
0.52641 0.02993
0.50639 0.024038
0.50443 0.02477
0.5457 0.031113
0.55026 0.036108
0.50028 0.024856
0.51183 0.028763
0.51767 0.035219
0.54338 0.037284
0.50152 0.027844
0.51127 0.033749
0.51376 0.038127
0.54424 0.040834
0.51028 0.033769
0.49915 0.029556
0.51145 0.038457
0.49483 0.037723
0.49434 0.027825
0.51867 0.038852
0.58401 0.021318
0.58533 0.02725
0.60461 0.028169
0.68595 0.038729
0.5898 0.035552
0.64696 0.038431
0.5901 0.039736
0.56149 0.033994
0.90034 0.038257
0.57133 0.035182
0.56743 0.038267
0.96932 0.0353
0.96981 0.028881
0.55918 0.040103
0.57683 0.040008
0.91582 0.039097
0.62318 0.035931
0.54743 0.040769
0.49475 0.037734
0.63014 0.039344
0.59099 0.040052
0.61657 0.030375
0.96327 0.037988
0.65423 0.036554
0.92256 0.038128
0.96161 0.025084
0.97412 0.025854
0.96663 0.026785
0.96819 0.027536
0.86225 0.036671
0.60753 0.035992
0.62522 0.02959
0.97545 0.026317
0.64793 0.036803
0.97583 0.026359
0.97578 0.026446
0.97565 0.02619
0.62281 0.026499
0.97503 0.025823
0.77545 0.038764
0.94768 0.038864
0.97497 0.025793
0.76692 0.039177
0.96908 0.024752
0.84401 0.039191
0.96771 0.024646
0.9702 0.024848
0.96462 0.024456
0.64483 0.032354
0.95484 0.03835
0.69015 0.038589
0.95493 0.024071
0.96014 0.024232
0.95806 0.024167
0.64418 0.028438
0.93311 0.038833
0.65798 0.032792
0.89384 0.038044
0.94992 0.024116
0.66477 0.036616
0.85923 0.037865
0.71024 0.037535
0.93137 0.025495
0.92938 0.024277
0.93214 0.025528
0.67257 0.038027
0.94018 0.026284
0.67144 0.035166
0.94446 0.0271
0.94304 0.026654
0.9444 0.027078
0.67199 0.034959
0.94918 0.028769
0.68284 0.037877
0.82473 0.037873
0.94825 0.028487
0.95314 0.031995
0.68342 0.035943
0.79403 0.03668
0.68066 0.031238
0.93558 0.034973
0.94697 0.03346
0.93783 0.035246
0.68472 0.0296
0.72881 0.036922
0.68624 0.023598
0.72204 0.037127
0.92415 0.034964
0.9224 0.03456
0.69408 0.026585
0.91962 0.03436
0.70524 0.025546
0.73332 0.036536
0.91746 0.034057
0.91398 0.033542
0.71733 0.036135
0.75271 0.038078
0.71699 0.024098
0.80397 0.038329
0.9081 0.032185
0.9113 0.032564
0.7339 0.031335
0.91047 0.032254
0.74958 0.034405
0.77431 0.037371
0.91069 0.032332
0.90959 0.031819
0.73448 0.025618
0.80304 0.0379
0.74722 0.025957
0.77326 0.03525
0.90491 0.031348
0.76324 0.030586
0.78977 0.036662
0.75481 0.0256
0.78673 0.036201
0.87896 0.03819
0.86812 0.038533
0.76788 0.027688
0.79667 0.033668
0.77598 0.026529
0.81411 0.038146
0.86574 0.037247
0.8666 0.038429
0.78374 0.028084
0.86838 0.038395
0.80884 0.033338
0.81299 0.037799
0.86979 0.038144
0.87837 0.037693
0.81031 0.031761
0.83999 0.034691
0.8157 0.031842
0.83249 0.030029
0.87524 0.035621
0.87241 0.03435
0.8141 0.026801
0.83747 0.031565
0.82298 0.022836
0.85206 0.03109
0.87027 0.032083
0.87138 0.029772
0.83882 0.024558
0.85729 0.028353
0.84697 0.023293
0.87448 0.024857
0.87153 0.027625
0.87191 0.026508
0.86414 0.022205
0.88145 0.023623
0.94803 0.020324
0.94747 0.021996
