348
0.065346 0.020827
0.044503 0.024008
0.11569 0.020587
0.06629 0.024917
0.030841 0.024213
0.067022 0.024953
0.13648 0.021113
0.1435 0.02308
0.16928 0.021663
0.10378 0.028246
0.099769 0.027023
0.10415 0.028437
0.18483 0.025218
0.17363 0.026436
0.1882 0.028574
0.12004 0.028057
0.11133 0.028513
0.11865 0.027993
0.19387 0.031887
0.12326 0.029012
0.19855 0.030156
0.17617 0.039038
0.12202 0.029297
0.11564 0.03029
0.19561 0.03469
0.11577 0.030857
0.21659 0.026371
0.18993 0.040209
0.11339 0.031076
0.12093 0.031073
0.22413 0.030206
0.13046 0.033127
0.23144 0.027614
0.18941 0.040808
0.13035 0.032905
0.1271 0.032317
0.23779 0.025146
0.11736 0.031997
0.24848 0.026553
0.22194 0.038996
0.11446 0.032554
0.25602 0.021693
0.095508 0.031748
0.26233 0.026512
0.23199 0.03755
0.094222 0.030702
0.26341 0.030438
0.097116 0.033346
0.276 0.023921
0.11135 0.033814
0.10864 0.03409
0.27993 0.028249
0.23753 0.038977
0.27925 0.030594
0.24853 0.039898
0.13056 0.039278
0.29372 0.029609
0.2555 0.039536
0.29721 0.032098
0.12385 0.034757
0.12822 0.036832
0.12521 0.035027
0.3038 0.032463
0.11349 0.034915
0.31915 0.026051
0.10717 0.035647
0.11345 0.034918
0.10706 0.035685
0.3119 0.031127
0.090568 0.030155
0.31369 0.033374
0.23416 0.04055
0.097585 0.036171
0.082209 0.029642
0.33347 0.027096
0.0617 0.03146
0.33828 0.026789
0.19289 0.04106
0.065772 0.031375
0.049966 0.031637
0.34118 0.026672
0.13076 0.041972
0.33226 0.039166
0.21862 0.041191
0.04234 0.030269
0.032294 0.027558
0.29626 0.04033
0.14161 0.040913
0.34131 0.036075
0.15046 0.038772
0.028194 0.028091
0.026783 0.031105
0.29025 0.039725
0.067144 0.034169
0.35408 0.028851
0.032326 0.035924
0.029249 0.034598
0.032401 0.036012
0.31752 0.0394
0.049707 0.033675
0.20342 0.039835
0.065229 0.038025
0.032612 0.036211
0.03386 0.037268
0.35195 0.036888
0.034595 0.038225
0.34911 0.037559
0.077161 0.03295
0.035599 0.038872
0.35305 0.03866
0.046244 0.034965
0.35889 0.037286
0.076439 0.03393
0.037322 0.039023
0.35863 0.040154
0.040107 0.038985
0.32629 0.039991
0.097298 0.039197
0.042823 0.038931
0.048063 0.039339
0.307 0.040362
0.13034 0.042079
0.36575 0.026963
0.080587 0.037584
0.11289 0.04034
0.074182 0.039101
0.3147 0.039884
0.36612 0.02808
0.27649 0.040384
0.37381 0.022402
0.37311 0.026305
0.36728 0.033346
0.085466 0.039573
0.37494 0.032872
0.28119 0.040523
0.071423 0.03935
0.070291 0.03941
0.39053 0.033264
0.38617 0.035639
0.36805 0.037697
0.37398 0.034938
0.39504 0.040216
0.39479 0.040623
0.38193 0.039211
0.37401 0.035868
0.38279 0.039584
0.41046 0.038843
0.41341 0.02173
0.42327 0.023617
0.43977 0.020589
0.46888 0.021456
0.39759 0.025959
0.44564 0.022684
0.40367 0.032212
0.40416 0.033952
0.44001 0.02828
0.46216 0.021801
0.43638 0.034243
0.44064 0.034817
0.45284 0.028299
0.45783 0.02304
0.4309 0.036906
0.4436 0.035441
0.44968 0.026187
0.45561 0.026273
0.44426 0.035328
0.45971 0.034902
0.4665 0.024997
0.46432 0.029644
0.45947 0.034982
0.46195 0.025345
0.5038 0.021149
0.48802 0.021031
0.55763 0.02035
0.52342 0.022606
0.54215 0.024923
0.47566 0.021435
0.51012 0.029417
0.48645 0.023443
0.48429 0.024103
0.52968 0.030222
0.53402 0.033895
0.47995 0.02432
0.49299 0.027346
0.49899 0.032755
0.5236 0.036048
0.48123 0.026905
0.49061 0.031472
0.49218 0.035079
0.52294 0.039474
0.48922 0.031503
0.47851 0.028606
0.48856 0.035344
0.4689 0.035489
0.47333 0.027128
0.49916 0.035816
0.57153 0.021193
0.57304 0.026557
0.59413 0.027805
0.67478 0.040111
0.57775 0.033938
0.64256 0.039187
0.57756 0.037654
0.54787 0.033183
0.90276 0.037704
0.55679 0.034452
0.55263 0.036899
0.96879 0.033971
0.96893 0.028116
0.5443 0.038621
0.56198 0.038411
0.91728 0.040372
0.61445 0.034245
0.52803 0.038954
0.46878 0.035481
0.62326 0.036817
0.57864 0.037933
0.60677 0.029501
0.9624 0.037424
0.64829 0.038448
0.92283 0.039358
0.95981 0.024965
0.97354 0.025332
0.96532 0.026399
0.96704 0.02701
0.84811 0.041915
0.59685 0.035233
0.61625 0.028528
0.97501 0.025753
0.64296 0.037777
0.97542 0.025791
0.97537 0.02587
0.97523 0.025637
0.61364 0.025829
0.97455 0.025303
0.76082 0.036558
0.94744 0.040286
0.97447 0.025276
0.75079 0.037699
0.96801 0.024372
0.82822 0.041054
0.9665 0.024349
0.96924 0.024423
0.96311 0.024262
0.63895 0.032445
0.95452 0.038641
0.6784 0.039751
0.95361 0.02414
0.95829 0.024174
0.95632 0.024165
0.63767 0.028436
0.93219 0.040093
0.65082 0.034066
0.89588 0.037525
0.94871 0.024315
0.65684 0.038172
0.84335 0.042556
0.69781 0.039268
0.9309 0.025825
0.92902 0.024556
0.93163 0.025849
0.66392 0.039905
0.93919 0.026518
0.66276 0.036845
0.94337 0.027282
0.94199 0.026851
0.94332 0.02726
0.6632 0.036587
0.94803 0.029196
0.67212 0.039212
0.81015 0.041177
0.94709 0.028881
0.95233 0.032248
0.67266 0.037105
0.78306 0.038514
0.6703 0.032313
0.93476 0.03566
0.94625 0.034051
0.93716 0.035829
0.67406 0.030343
0.71539 0.038856
0.67549 0.023897
0.70901 0.039238
0.92427 0.036037
0.92266 0.035459
0.68309 0.027036
0.9201 0.034996
0.69326 0.026088
0.7197 0.038187
0.91823 0.034606
0.91519 0.033965
0.70448 0.03801
0.73671 0.038763
0.70397 0.024572
0.79215 0.040097
0.90947 0.032383
0.91264 0.032874
0.71938 0.03246
0.91182 0.03253
0.73386 0.035397
0.75952 0.035379
0.91204 0.032616
0.91091 0.032042
0.71952 0.026169
0.79129 0.039795
0.73136 0.026402
0.75832 0.033553
0.90606 0.031116
0.74681 0.029948
0.77929 0.036957
0.7384 0.025711
0.77545 0.03546
0.8805 0.038402
0.86835 0.039215
0.75224 0.027069
0.78418 0.035175
0.76112 0.025832
0.80201 0.041035
0.85951 0.039689
0.86447 0.039613
0.76993 0.02731
0.86869 0.039008
0.79468 0.034758
0.80056 0.040429
0.87061 0.038633
0.87981 0.037556
0.79553 0.033238
0.82193 0.035282
0.8009 0.034171
0.8135 0.032106
0.87638 0.035811
0.87318 0.03469
0.79844 0.028132
0.81835 0.032354
0.80576 0.023518
0.832 0.03203
0.87001 0.03268
0.87123 0.030276
0.81866 0.024835
0.83649 0.029703
0.82697 0.023448
0.87524 0.025063
0.87167 0.028026
0.87232 0.026826
0.84661 0.022922
0.88175 0.023774
0.94686 0.020338
0.94631 0.022084
