348
0.079544 0.020511
0.048928 0.023067
0.15226 0.020544
0.081026 0.02302
0.032086 0.023727
0.082247 0.023031
0.17544 0.021192
0.18157 0.02375
0.20179 0.021903
0.139 0.026774
0.13395 0.025329
0.13951 0.026981
0.21629 0.024794
0.20571 0.027028
0.2205 0.027494
0.15674 0.027216
0.14777 0.027636
0.15544 0.027281
0.22827 0.029265
0.16045 0.02791
0.23386 0.028189
0.20841 0.041554
0.15903 0.028185
0.1523 0.029544
0.23174 0.031586
0.15242 0.030067
0.25411 0.025239
0.2256 0.036957
0.14988 0.03002
0.15783 0.029798
0.26436 0.027666
0.17013 0.031593
0.27384 0.027132
0.2253 0.039077
0.16993 0.031355
0.16598 0.030952
0.27986 0.025649
0.15418 0.031104
0.28925 0.027178
0.26053 0.03406
0.15112 0.03145
0.29638 0.021761
0.12948 0.028366
0.30227 0.027039
0.27403 0.036133
0.1272 0.027648
0.30307 0.031023
0.1326 0.029711
0.3164 0.023848
0.14852 0.032528
0.14656 0.032698
0.32039 0.028613
0.27928 0.04113
0.31961 0.030907
0.28867 0.041889
0.17198 0.037366
0.33199 0.030407
0.29569 0.041603
0.33513 0.032337
0.16156 0.032856
0.16879 0.035082
0.16341 0.033116
0.3424 0.031029
0.15037 0.033443
0.35977 0.025668
0.14579 0.033961
0.15034 0.033445
0.14569 0.033982
0.3525 0.030133
0.12162 0.026948
0.35448 0.031912
0.27701 0.044813
0.13517 0.032022
0.10819 0.025813
0.37423 0.026874
0.073538 0.02716
0.37966 0.026547
0.23202 0.040301
0.080543 0.026793
0.05601 0.028157
0.38315 0.026667
0.17371 0.044312
0.37196 0.038102
0.25663 0.040368
0.044663 0.028007
0.033247 0.026583
0.33176 0.042364
0.18455 0.046502
0.38254 0.035674
0.19295 0.044585
0.028783 0.027258
0.02732 0.030141
0.32604 0.04294
0.085527 0.028175
0.3942 0.029042
0.034111 0.034315
0.030439 0.033657
0.034211 0.034374
0.35717 0.038999
0.056659 0.029622
0.24456 0.039657
0.085456 0.030394
0.034488 0.034498
0.03615 0.035101
0.39089 0.037899
0.037245 0.035739
0.38779 0.042838
0.10218 0.027276
0.038635 0.036104
0.39041 0.042655
0.052443 0.031155
0.3958 0.036622
0.10205 0.027755
0.040837 0.035892
0.39328 0.044478
0.045222 0.035273
0.36688 0.041523
0.13831 0.036238
0.048937 0.034809
0.056588 0.033782
0.34472 0.041355
0.17346 0.045262
0.40938 0.026988
0.11338 0.03052
0.1516 0.040827
0.10758 0.031853
0.35486 0.040258
0.41003 0.028393
0.31591 0.042179
0.43216 0.022624
0.42943 0.027581
0.41176 0.035129
0.12476 0.034679
0.43075 0.033512
0.31934 0.042953
0.10306 0.032073
0.10096 0.03225
0.4507 0.032709
0.4458 0.035293
0.41124 0.043086
0.41967 0.041286
0.45267 0.038373
0.45144 0.040001
0.44004 0.041016
0.41715 0.047968
0.44106 0.044531
0.47307 0.048233
0.47518 0.022534
0.4824 0.02508
0.49343 0.021019
0.50738 0.022512
0.46282 0.025298
0.49668 0.025139
0.46951 0.034311
0.46974 0.036286
0.4931 0.034248
0.50398 0.023555
0.49041 0.042884
0.49301 0.045887
0.49956 0.037073
0.50221 0.026251
0.48612 0.048679
0.49413 0.049713
0.49868 0.032395
0.50126 0.033035
0.49443 0.049512
0.50041 0.051978
0.50598 0.029152
0.50388 0.038855
0.50029 0.05245
0.5039 0.030579
0.5296 0.022152
0.52193 0.021712
0.56463 0.020529
0.54175 0.024063
0.5542 0.027022
0.51244 0.022029
0.53338 0.036173
0.52096 0.025551
0.5194 0.026357
0.54564 0.035694
0.5478 0.040267
0.51591 0.025999
0.52442 0.03311
0.52669 0.04298
0.54164 0.045134
0.51691 0.029909
0.52306 0.039475
0.52362 0.046704
0.54067 0.055786
0.52206 0.039003
0.51434 0.031848
0.52047 0.045435
0.50371 0.051505
0.5105 0.0307
0.52644 0.05227
0.57501 0.021303
0.5766 0.027064
0.59361 0.031222
0.66672 0.045507
0.58591 0.036441
0.63107 0.041613
0.58974 0.042861
0.55839 0.038484
0.85534 0.039864
0.56331 0.041877
0.56075 0.045518
0.96492 0.032316
0.96791 0.02747
0.55532 0.047632
0.56611 0.049226
0.87058 0.035145
0.61397 0.039512
0.54361 0.051233
0.50365 0.051557
0.62269 0.051398
0.59118 0.048048
0.60376 0.031206
0.95079 0.033785
0.63761 0.040017
0.88158 0.032676
0.95809 0.024073
0.97318 0.025052
0.96447 0.025596
0.96618 0.026274
0.81361 0.042122
0.59885 0.040477
0.61164 0.031646
0.97473 0.025451
0.63121 0.038738
0.97516 0.025487
0.97511 0.025562
0.97496 0.025341
0.60899 0.027317
0.97425 0.025025
0.72918 0.044495
0.9233 0.032129
0.97417 0.024998
0.7238 0.043719
0.96734 0.023979
0.79574 0.043088
0.96576 0.023864
0.96865 0.0241
0.96202 0.023635
0.62804 0.033718
0.93717 0.032552
0.66983 0.044909
0.9495 0.023063
0.95614 0.023364
0.95334 0.023237
0.62691 0.029651
0.89622 0.031819
0.63991 0.034419
0.85093 0.040559
0.94301 0.022842
0.64706 0.03737
0.81018 0.042781
0.68333 0.049016
0.91142 0.023229
0.90809 0.022486
0.91277 0.023243
0.65832 0.042916
0.92682 0.023686
0.65404 0.03746
0.9344 0.024395
0.93184 0.024052
0.9343 0.024377
0.65456 0.037204
0.94153 0.025954
0.66364 0.041153
0.7787 0.041202
0.94034 0.025655
0.94374 0.028435
0.66331 0.038806
0.74517 0.042593
0.65948 0.033086
0.91207 0.028184
0.9335 0.028595
0.91737 0.028159
0.66168 0.031364
0.6979 0.047395
0.66277 0.024368
0.69499 0.047857
0.89074 0.029468
0.88918 0.029232
0.66953 0.028917
0.88552 0.029097
0.67674 0.028983
0.6994 0.044787
0.88326 0.029075
0.87979 0.029116
0.68892 0.041455
0.70678 0.043165
0.68381 0.025897
0.7555 0.040365
0.8717 0.029666
0.87694 0.028914
0.69738 0.037665
0.87587 0.028926
0.70447 0.037441
0.72849 0.040206
0.87616 0.028919
0.87482 0.028867
0.69672 0.028912
0.75435 0.039732
0.70363 0.027604
0.72797 0.037661
0.86839 0.02945
0.72017 0.031846
0.74227 0.039692
0.7123 0.025453
0.7401 0.038751
0.83946 0.044735
0.83233 0.042715
0.72457 0.029313
0.74765 0.036211
0.73074 0.02796
0.77002 0.040561
0.82513 0.040801
0.82936 0.041031
0.73751 0.029686
0.83275 0.041791
0.75957 0.033237
0.76809 0.038538
0.83414 0.042264
0.84052 0.040081
0.76067 0.031948
0.7896 0.034266
0.7678 0.032874
0.78105 0.031569
0.83966 0.03825
0.83785 0.037132
0.7649 0.027379
0.78641 0.031286
0.77249 0.023243
0.79993 0.031463
0.836 0.034756
0.83812 0.03224
0.78652 0.024398
0.80408 0.029268
0.79492 0.023454
0.8427 0.025941
0.83932 0.029636
0.84001 0.028204
0.81557 0.022754
0.84736 0.024186
0.94033 0.020215
0.93947 0.021314
