348
0.043957 0.02131
0.031827 0.027551
0.088 0.020573
0.044575 0.027724
0.025138 0.028848
0.045053 0.027731
0.11056 0.020911
0.12036 0.022535
0.14452 0.021906
0.076062 0.028474
0.072573 0.027201
0.076435 0.028672
0.15969 0.025017
0.14834 0.026964
0.16321 0.028348
0.092312 0.027639
0.083526 0.028529
0.091081 0.027631
0.16922 0.031873
0.095796 0.028524
0.1736 0.030503
0.14938 0.041474
0.094468 0.028806
0.087947 0.030052
0.17101 0.034825
0.087955 0.030592
0.1901 0.026351
0.1649 0.039945
0.085424 0.030842
0.093146 0.030481
0.19837 0.029347
0.10395 0.031052
0.20657 0.028007
0.16424 0.040994
0.10384 0.030875
0.10018 0.03142
0.21187 0.026064
0.089332 0.031606
0.22058 0.027718
0.19563 0.037484
0.086223 0.032207
0.2271 0.021965
0.068295 0.031933
0.23269 0.027769
0.20701 0.038521
0.066908 0.031084
0.23369 0.032235
0.070096 0.033539
0.24503 0.024185
0.083015 0.033888
0.080742 0.034494
0.24854 0.02872
0.21156 0.042572
0.248 0.031169
0.22116 0.043181
0.10381 0.036099
0.26065 0.0304
0.2281 0.042872
0.26381 0.03243
0.095667 0.033884
0.1012 0.035177
0.09721 0.034087
0.27072 0.031558
0.084849 0.034519
0.28728 0.025751
0.079353 0.036098
0.084814 0.034527
0.079244 0.036135
0.28014 0.030365
0.063087 0.030716
0.28215 0.032359
0.2095 0.045108
0.070804 0.036385
0.05518 0.031875
0.30261 0.026879
0.041559 0.03861
0.30764 0.026812
0.16853 0.042202
0.044056 0.037872
0.035102 0.040854
0.31062 0.026715
0.1036 0.040459
0.30345 0.038456
0.19163 0.042633
0.03085 0.039764
0.025831 0.03577
0.26296 0.041862
0.12645 0.038294
0.31093 0.035985
0.1358 0.041359
0.023897 0.037072
0.023311 0.04348
0.25801 0.042311
0.044904 0.042076
0.32302 0.028078
0.026588 0.052826
0.024821 0.050734
0.02664 0.052981
0.28628 0.039198
0.035326 0.04463
0.1787 0.041961
0.043766 0.049482
0.02678 0.05332
0.027612 0.055034
0.3194 0.036164
0.028169 0.056589
0.31615 0.04043
0.051135 0.037308
0.028847 0.057521
0.3193 0.040042
0.033747 0.047478
0.32708 0.035261
0.050616 0.038767
0.02985 0.057281
0.32564 0.040656
0.031561 0.056209
0.29767 0.039566
0.070735 0.040155
0.032876 0.05542
0.035538 0.054818
0.27494 0.041255
0.10301 0.040937
0.3376 0.027355
0.053256 0.042301
0.083599 0.041388
0.048849 0.048238
0.28352 0.039835
0.33816 0.028726
0.24734 0.042652
0.36291 0.022489
0.36016 0.02694
0.34073 0.0351
0.057401 0.043129
0.36305 0.032828
0.25044 0.042314
0.047187 0.050403
0.046551 0.051515
0.38629 0.030676
0.379 0.032662
0.34204 0.041043
0.35643 0.037012
0.38869 0.035759
0.38782 0.036703
0.37151 0.036625
0.35508 0.039297
0.37227 0.037208
0.41328 0.0355
0.41712 0.021417
0.4296 0.023024
0.44747 0.02065
0.47091 0.021663
0.39747 0.02457
0.45215 0.023226
0.40579 0.029577
0.40615 0.03087
0.44701 0.029106
0.46496 0.022159
0.44444 0.03489
0.44832 0.036879
0.4569 0.03024
0.46157 0.023716
0.43845 0.037721
0.45024 0.039359
0.45529 0.027644
0.4598 0.027709
0.45057 0.039223
0.45993 0.038992
0.46875 0.025815
0.46522 0.03146
0.45976 0.039248
0.46479 0.026416
0.50161 0.021169
0.48859 0.021202
0.56458 0.020278
0.52579 0.022168
0.54651 0.024326
0.47716 0.021583
0.50898 0.028236
0.48736 0.024001
0.48542 0.024736
0.53289 0.028915
0.53721 0.032405
0.48125 0.024835
0.49241 0.028507
0.49573 0.033888
0.52722 0.033505
0.48241 0.027811
0.48935 0.03329
0.48921 0.037827
0.52684 0.038462
0.48811 0.033338
0.47943 0.029568
0.48565 0.03847
0.46705 0.038736
0.47479 0.027867
0.49446 0.038664
0.58441 0.02074
0.587 0.024046
0.61897 0.025585
0.70504 0.039634
0.59837 0.028742
0.67075 0.040976
0.60081 0.031143
0.55292 0.031234
0.92545 0.042227
0.56256 0.031549
0.55743 0.034142
0.97389 0.044704
0.97389 0.034421
0.54779 0.036961
0.56846 0.033842
0.93759 0.047977
0.64661 0.033389
0.53147 0.036999
0.46692 0.03875
0.65583 0.037975
0.60398 0.032082
0.63624 0.027902
0.96991 0.048664
0.67636 0.040639
0.942 0.048267
0.96859 0.028147
0.97643 0.029639
0.97188 0.031021
0.97283 0.032272
0.87602 0.04252
0.62916 0.031893
0.64588 0.028374
0.97724 0.030401
0.67118 0.038838
0.97747 0.030469
0.97744 0.030612
0.97736 0.030191
0.6431 0.025544
0.97698 0.029587
0.7917 0.04122
0.95936 0.04795
0.97694 0.029537
0.78415 0.039839
0.97337 0.027721
0.85313 0.04151
0.97253 0.027575
0.97405 0.027871
0.97058 0.027191
0.66838 0.032928
0.96482 0.047887
0.70901 0.03836
0.96467 0.026305
0.9677 0.026766
0.96647 0.026568
0.66742 0.02879
0.94736 0.048748
0.67911 0.035084
0.91919 0.040101
0.96129 0.026177
0.68471 0.039317
0.87266 0.042394
0.73475 0.038395
0.94775 0.028324
0.94645 0.026557
0.94828 0.028314
0.69259 0.041095
0.95429 0.028512
0.69087 0.037613
0.95738 0.029671
0.95637 0.028979
0.95734 0.029634
0.69137 0.037274
0.96079 0.033003
0.70145 0.038679
0.83853 0.042589
0.9601 0.032372
0.96381 0.038358
0.70158 0.036693
0.81086 0.041226
0.69804 0.032352
0.95021 0.041305
0.95928 0.039198
0.95232 0.040678
0.70147 0.030239
0.75412 0.038682
0.7031 0.02382
0.74933 0.038915
0.94332 0.043568
0.94243 0.04273
0.71111 0.026563
0.94049 0.04156
0.72209 0.025647
0.75624 0.038105
0.93916 0.040501
0.93709 0.038903
0.74157 0.034571
0.76541 0.038376
0.73385 0.023897
0.81939 0.041643
0.93298 0.036728
0.93539 0.037197
0.75365 0.03225
0.93482 0.036791
0.76338 0.034034
0.79108 0.038365
0.93497 0.036891
0.93419 0.036243
0.75278 0.026065
0.81867 0.041427
0.76274 0.025964
0.7906 0.036034
0.93039 0.034924
0.7815 0.030046
0.80743 0.038748
0.77238 0.024735
0.80469 0.037548
0.90288 0.040607
0.89333 0.040818
0.78703 0.028226
0.81275 0.037097
0.7938 0.027105
0.83061 0.041608
0.88593 0.040833
0.89029 0.039991
0.80121 0.028853
0.89375 0.040159
0.82216 0.034914
0.82879 0.040448
0.89569 0.040168
0.9035 0.037948
0.82322 0.033439
0.84855 0.035166
0.82946 0.03416
0.84175 0.033155
0.9022 0.03643
0.90007 0.035592
0.8272 0.028265
0.84643 0.032732
0.83449 0.023537
0.86041 0.030625
0.89759 0.033515
0.89978 0.03108
0.8469 0.024941
0.86518 0.028707
0.85463 0.023371
0.90402 0.02534
0.90058 0.02866
0.90128 0.027354
0.87627 0.022935
0.90947 0.023889
0.95993 0.02047
0.95953 0.022874
