348
0.062166 0.020917
0.044171 0.024476
0.11218 0.020583
0.063091 0.025416
0.031033 0.024179
0.063807 0.025428
0.13425 0.020848
0.14517 0.022188
0.17418 0.021693
0.099846 0.028075
0.095607 0.02694
0.10026 0.02826
0.18944 0.024725
0.17852 0.026786
0.19367 0.02745
0.11626 0.027905
0.10767 0.028319
0.11487 0.027848
0.20042 0.029847
0.11961 0.028798
0.20616 0.028997
0.18436 0.038485
0.11835 0.029118
0.11223 0.030239
0.20258 0.032395
0.11233 0.030815
0.22566 0.026079
0.19706 0.038158
0.10992 0.030941
0.11702 0.030894
0.23331 0.029765
0.12696 0.031796
0.24111 0.0277
0.19633 0.038429
0.12684 0.031601
0.12318 0.031539
0.24668 0.024991
0.11364 0.031874
0.25881 0.026017
0.22912 0.037987
0.11086 0.03262
0.26654 0.021736
0.092012 0.031707
0.2726 0.026783
0.2424 0.037882
0.090532 0.030629
0.27429 0.0308
0.093401 0.033353
0.28608 0.023375
0.10748 0.033621
0.10453 0.034036
0.29116 0.026581
0.24884 0.038459
0.29093 0.028537
0.26353 0.038123
0.12675 0.037675
0.31003 0.027392
0.27053 0.040082
0.31539 0.029787
0.11944 0.034553
0.12399 0.035626
0.12065 0.03459
0.32394 0.030503
0.10968 0.034861
0.34023 0.025591
0.10282 0.035541
0.10965 0.034855
0.1027 0.035574
0.33256 0.029881
0.086568 0.030281
0.33557 0.032236
0.24487 0.039616
0.093638 0.036383
0.078096 0.029756
0.35514 0.026652
0.057804 0.033062
0.3599 0.026991
0.20032 0.038027
0.062195 0.032656
0.047877 0.033687
0.36269 0.026992
0.12693 0.038598
0.35384 0.038502
0.22498 0.039775
0.042115 0.031224
0.032511 0.027593
0.32008 0.037013
0.14935 0.034029
0.36152 0.037294
0.16037 0.036405
0.028339 0.027954
0.026801 0.030912
0.31324 0.03588
0.063116 0.035743
0.37419 0.029575
0.030843 0.035935
0.028476 0.034375
0.03088 0.036033
0.34218 0.038433
0.046631 0.036037
0.21134 0.038977
0.059694 0.0406
0.030999 0.036262
0.031699 0.037496
0.37081 0.038064
0.031978 0.038546
0.36808 0.03928
0.073432 0.033621
0.032556 0.039145
0.37155 0.03984
0.042896 0.036876
0.37985 0.038162
0.072795 0.034701
0.033819 0.039472
0.37972 0.039455
0.035795 0.039862
0.34899 0.039021
0.093262 0.039481
0.03795 0.040231
0.042259 0.041076
0.33179 0.03723
0.12634 0.038512
0.38622 0.027449
0.078248 0.038237
0.10867 0.03925
0.070527 0.039877
0.33939 0.038235
0.38659 0.028682
0.29306 0.035467
0.3928 0.022662
0.39222 0.027019
0.38837 0.034653
0.082842 0.038917
0.39423 0.034686
0.30119 0.03562
0.067343 0.039992
0.066009 0.040107
0.40928 0.032825
0.40467 0.036047
0.38967 0.039366
0.39364 0.037279
0.41543 0.039322
0.41507 0.039412
0.4 0.03963
0.39376 0.038489
0.40082 0.039655
0.43291 0.040584
0.43326 0.02193
0.44098 0.024673
0.45353 0.020753
0.48043 0.021477
0.41669 0.025511
0.4584 0.023174
0.42405 0.031455
0.42498 0.033526
0.45373 0.03056
0.47344 0.021939
0.4514 0.038457
0.45467 0.038717
0.46494 0.028897
0.46946 0.023251
0.44748 0.040401
0.45804 0.038616
0.46203 0.026996
0.4674 0.02663
0.45873 0.038416
0.47443 0.036368
0.4781 0.025156
0.47648 0.030168
0.47425 0.036413
0.47325 0.025765
0.51467 0.021085
0.49998 0.021047
0.5748 0.02033
0.53899 0.022268
0.55973 0.024863
0.48673 0.021376
0.52261 0.027991
0.49835 0.023456
0.49608 0.024077
0.54574 0.028957
0.55163 0.03308
0.49134 0.024294
0.50479 0.027434
0.51207 0.032806
0.54193 0.034189
0.49274 0.026913
0.50408 0.031779
0.50716 0.035446
0.54258 0.036915
0.50282 0.031844
0.49013 0.02846
0.50398 0.035663
0.48358 0.035769
0.4842 0.026925
0.51313 0.035491
0.58977 0.0211
0.59125 0.026074
0.61043 0.029789
0.69028 0.038218
0.5977 0.034893
0.65076 0.03812
0.59993 0.039482
0.56498 0.033146
0.90245 0.039752
0.57468 0.033919
0.57004 0.037685
0.97009 0.035589
0.96994 0.029027
0.56271 0.038735
0.57958 0.038485
0.91609 0.039319
0.62571 0.034478
0.54706 0.036815
0.48351 0.035777
0.63418 0.037844
0.60174 0.039813
0.61981 0.031053
0.96533 0.03871
0.66023 0.03759
0.92338 0.037425
0.96187 0.025269
0.9742 0.025935
0.96682 0.026926
0.96836 0.027658
0.86598 0.035723
0.61324 0.03963
0.62964 0.02822
0.97552 0.026405
0.65221 0.037076
0.97588 0.026447
0.97584 0.026535
0.97571 0.026276
0.62663 0.025828
0.9751 0.025903
0.77461 0.038976
0.95057 0.039315
0.97503 0.025873
0.76471 0.038291
0.96922 0.024828
0.84578 0.036617
0.96788 0.024728
0.97034 0.024917
0.96483 0.024577
0.65017 0.032252
0.95763 0.039325
0.69531 0.039082
0.95545 0.024305
0.96045 0.024405
0.95841 0.024365
0.65044 0.028396
0.93618 0.03834
0.66414 0.034105
0.89714 0.038829
0.95082 0.024411
0.66878 0.039269
0.86326 0.036639
0.71434 0.039785
0.93295 0.025227
0.93073 0.023993
0.93381 0.025296
0.67473 0.039671
0.94183 0.026458
0.67416 0.036898
0.94578 0.027569
0.94447 0.027008
0.94573 0.027542
0.67487 0.036482
0.9501 0.029355
0.68593 0.037367
0.82442 0.037464
0.94928 0.029053
0.95441 0.032817
0.68714 0.035491
0.79259 0.037384
0.68425 0.030785
0.93812 0.035098
0.94893 0.034482
0.94043 0.035662
0.68937 0.02928
0.73212 0.039176
0.69113 0.023462
0.72671 0.038621
0.92517 0.034135
0.92303 0.034063
0.69915 0.027171
0.91968 0.034334
0.70832 0.026584
0.73565 0.039673
0.91758 0.034334
0.91405 0.034331
0.72028 0.037436
0.75056 0.038931
0.71864 0.024415
0.80446 0.038283
0.90897 0.033429
0.91177 0.03363
0.73473 0.033582
0.91105 0.033398
0.74793 0.035376
0.77362 0.037749
0.91124 0.033457
0.9103 0.032959
0.73444 0.026697
0.80309 0.037695
0.74542 0.026372
0.77257 0.035596
0.90624 0.032305
0.76166 0.030007
0.78846 0.038019
0.75301 0.025467
0.78567 0.037426
0.88332 0.037877
0.87265 0.037917
0.76683 0.027296
0.79532 0.033933
0.775 0.026661
0.81429 0.038303
0.86988 0.037022
0.87106 0.037872
0.78214 0.028692
0.87291 0.037883
0.80829 0.033722
0.81325 0.038255
0.87433 0.037824
0.88268 0.037564
0.80929 0.032013
0.83935 0.033856
0.81439 0.032013
0.83096 0.029521
0.87924 0.035478
0.87563 0.034168
0.81232 0.026854
0.83594 0.0308
0.82071 0.022836
0.85256 0.029723
0.87278 0.031845
0.87327 0.029535
0.83697 0.024223
0.85844 0.027519
0.84647 0.02286
0.87632 0.024743
0.87327 0.027432
0.87364 0.026345
0.8657 0.022056
0.88346 0.023551
0.94907 0.020346
0.94856 0.022136
