348
0.069898 0.020805
0.049152 0.023817
0.1227 0.020523
0.071 0.024786
0.033488 0.023457
0.071853 0.024821
0.14605 0.020842
0.15722 0.022011
0.18543 0.021889
0.1089 0.027167
0.10452 0.026266
0.10935 0.027351
0.2009 0.024575
0.18957 0.027106
0.20528 0.02713
0.12741 0.027331
0.11808 0.027478
0.12573 0.027191
0.21189 0.029709
0.13112 0.028197
0.21804 0.029116
0.19249 0.038745
0.12974 0.028493
0.12267 0.029181
0.21314 0.032335
0.12262 0.029695
0.237 0.025821
0.20574 0.037625
0.12012 0.029753
0.12817 0.03015
0.24542 0.029001
0.13892 0.031728
0.25399 0.027221
0.20495 0.037828
0.1388 0.031526
0.1349 0.030915
0.25985 0.024825
0.12381 0.030729
0.27199 0.025867
0.23783 0.037152
0.12075 0.031245
0.28006 0.021649
0.10009 0.0311
0.28666 0.026456
0.25275 0.036965
0.098622 0.030204
0.28834 0.030469
0.10128 0.032548
0.29985 0.023793
0.1169 0.032247
0.11306 0.032766
0.30404 0.027821
0.25971 0.03821
0.30393 0.030131
0.27491 0.037381
0.13877 0.037823
0.31944 0.028761
0.28291 0.038592
0.32397 0.03141
0.13054 0.033567
0.13571 0.035156
0.13201 0.033627
0.3312 0.03188
0.11912 0.033354
0.34711 0.02489
0.1105 0.034109
0.11909 0.033349
0.11035 0.034129
0.33883 0.030014
0.094562 0.030171
0.34089 0.031988
0.25504 0.038542
0.10076 0.035571
0.08673 0.030104
0.36521 0.025967
0.064575 0.031515
0.37038 0.02641
0.20904 0.037718
0.06996 0.03111
0.053384 0.031823
0.37326 0.026309
0.13901 0.038489
0.36203 0.036208
0.23336 0.039176
0.046602 0.029424
0.035295 0.026294
0.32712 0.039933
0.16164 0.032635
0.3715 0.035855
0.17494 0.037343
0.030195 0.026522
0.028334 0.028926
0.32218 0.038935
0.071125 0.033928
0.38659 0.027708
0.033148 0.033209
0.030321 0.031792
0.03319 0.033292
0.34519 0.036595
0.051669 0.033818
0.22 0.038842
0.066494 0.038188
0.033326 0.033486
0.034124 0.034533
0.38174 0.035389
0.034421 0.035419
0.37837 0.036899
0.082658 0.033748
0.035088 0.035935
0.38263 0.036592
0.047124 0.034272
0.39347 0.033759
0.082096 0.034768
0.036577 0.036242
0.39323 0.034734
0.038868 0.036621
0.35491 0.036127
0.099523 0.038795
0.041249 0.036986
0.046022 0.037787
0.33538 0.038373
0.13835 0.038431
0.40277 0.025697
0.087009 0.039083
0.11685 0.037328
0.080169 0.03947
0.34196 0.037446
0.40329 0.026645
0.30549 0.038471
0.4111 0.022076
0.41041 0.025462
0.40574 0.031283
0.090482 0.039729
0.41294 0.031657
0.3129 0.039261
0.076406 0.038414
0.074792 0.038176
0.4318 0.030067
0.42632 0.03266
0.40723 0.035007
0.41223 0.033626
0.4387 0.036415
0.43831 0.036379
0.42042 0.035791
0.41239 0.034605
0.42152 0.03577
0.4552 0.03816
0.45973 0.021654
0.46868 0.023991
0.48318 0.020707
0.50873 0.021861
0.44132 0.024829
0.48856 0.023034
0.44858 0.030183
0.44888 0.032079
0.48332 0.029948
0.50304 0.022256
0.4797 0.036715
0.48415 0.037944
0.49482 0.029166
0.49953 0.023581
0.47462 0.03769
0.48891 0.037897
0.49224 0.026924
0.49757 0.027088
0.48989 0.03782
0.50655 0.039604
0.50687 0.026289
0.50605 0.032181
0.50641 0.039589
0.50288 0.026696
0.53609 0.021436
0.52383 0.02128
0.58501 0.020331
0.55216 0.023052
0.5711 0.025366
0.51338 0.021765
0.54215 0.031539
0.52247 0.024262
0.52058 0.025115
0.55779 0.030421
0.56333 0.034521
0.51699 0.025476
0.52784 0.028986
0.53472 0.036688
0.55392 0.038292
0.51798 0.028801
0.5279 0.034319
0.53107 0.038752
0.55419 0.041291
0.52686 0.034483
0.51618 0.030799
0.52842 0.038727
0.5129 0.040214
0.51157 0.028909
0.53591 0.039858
0.60015 0.021186
0.60141 0.026591
0.62037 0.029031
0.6992 0.037535
0.60734 0.035343
0.66032 0.039536
0.60945 0.039795
0.57502 0.034404
0.90106 0.039456
0.58489 0.033963
0.5794 0.038361
0.97117 0.036519
0.97052 0.029566
0.57282 0.04062
0.59057 0.038281
0.91875 0.039568
0.63649 0.035348
0.55825 0.039556
0.51286 0.040218
0.64621 0.039688
0.61227 0.039669
0.63109 0.030991
0.96729 0.039298
0.6682 0.039091
0.92569 0.039893
0.96289 0.025399
0.97452 0.02629
0.96756 0.027257
0.96901 0.028077
0.87214 0.03691
0.62602 0.039535
0.63949 0.028881
0.97577 0.026787
0.66141 0.038855
0.97612 0.026831
0.97608 0.026925
0.97596 0.02665
0.63631 0.026042
0.97538 0.026256
0.78484 0.039644
0.95274 0.038438
0.97531 0.026223
0.777 0.039564
0.96983 0.025109
0.85293 0.039889
0.96856 0.024977
0.97088 0.025211
0.96568 0.024753
0.65913 0.033155
0.96059 0.039093
0.70506 0.0376
0.95652 0.024282
0.96155 0.024486
0.95957 0.024404
0.65905 0.028985
0.93688 0.039634
0.67134 0.034951
0.89692 0.03953
0.95172 0.024294
0.67614 0.03942
0.86964 0.03758
0.72723 0.037121
0.93416 0.025888
0.93231 0.024594
0.93487 0.025917
0.68279 0.039079
0.94239 0.026652
0.6819 0.036303
0.94649 0.027475
0.94513 0.027018
0.94644 0.027452
0.6827 0.035963
0.95096 0.029076
0.69497 0.03667
0.835 0.039117
0.95012 0.028754
0.95599 0.032706
0.69583 0.034832
0.80251 0.038924
0.69244 0.030411
0.93859 0.036152
0.95029 0.033997
0.94109 0.036336
0.69707 0.028861
0.74752 0.039502
0.69873 0.023314
0.74162 0.037874
0.92731 0.03643
0.92554 0.035876
0.70768 0.026665
0.92277 0.035411
0.71751 0.025922
0.7513 0.039743
0.92082 0.034892
0.91679 0.033959
0.73407 0.03557
0.76596 0.038701
0.72926 0.023929
0.8138 0.039038
0.91107 0.032083
0.91429 0.032741
0.7481 0.034255
0.91351 0.032364
0.7615 0.035273
0.78391 0.038445
0.91371 0.03246
0.91272 0.031806
0.74614 0.026832
0.81227 0.038744
0.75639 0.02617
0.78303 0.036025
0.908 0.031481
0.77349 0.030515
0.79858 0.03908
0.76517 0.025256
0.79603 0.038234
0.88751 0.039116
0.88004 0.038982
0.7785 0.027787
0.80538 0.035188
0.78585 0.026937
0.82512 0.038846
0.87665 0.038336
0.87822 0.038944
0.79326 0.028744
0.88025 0.038962
0.81771 0.034244
0.82382 0.038787
0.88134 0.038919
0.88702 0.038807
0.8185 0.032394
0.84729 0.037005
0.8241 0.032323
0.8398 0.030988
0.88423 0.036612
0.8813 0.035186
0.8215 0.026956
0.84426 0.032919
0.83009 0.02288
0.8575 0.031082
0.87763 0.032617
0.87728 0.03011
0.8448 0.025033
0.863 0.028182
0.85229 0.02339
0.88019 0.025039
0.87703 0.027871
0.87742 0.026722
0.86972 0.022151
0.88653 0.023794
0.94991 0.020334
0.94937 0.022064
