348
0.076645 0.020637
0.050997 0.023239
0.14157 0.020527
0.077905 0.023765
0.03368 0.023318
0.078881 0.023773
0.16664 0.020908
0.17513 0.022701
0.20117 0.021756
0.1284 0.02704
0.12334 0.025711
0.12887 0.027235
0.21674 0.024652
0.20524 0.026703
0.2209 0.027361
0.14634 0.026972
0.13681 0.027536
0.14473 0.026983
0.22756 0.030346
0.15 0.027625
0.23297 0.02921
0.20805 0.038792
0.14862 0.027934
0.14161 0.029254
0.22976 0.032923
0.14177 0.029756
0.2521 0.025712
0.22273 0.037639
0.13924 0.029988
0.14738 0.029531
0.26081 0.028905
0.15923 0.030733
0.26904 0.027068
0.22201 0.037811
0.15905 0.030547
0.15466 0.030107
0.27573 0.024867
0.14344 0.030601
0.28674 0.026852
0.25729 0.03652
0.14046 0.03142
0.29343 0.021869
0.11858 0.029175
0.29907 0.026852
0.27093 0.03643
0.11672 0.02821
0.3006 0.030983
0.12081 0.030609
0.31256 0.02381
0.13717 0.032244
0.13425 0.032433
0.31667 0.027974
0.27799 0.038376
0.31634 0.030287
0.28947 0.040173
0.1602 0.035951
0.33236 0.028944
0.29543 0.040342
0.33642 0.031528
0.15063 0.032516
0.15645 0.033764
0.15216 0.032605
0.34288 0.032622
0.13954 0.033465
0.35814 0.025999
0.1328 0.03381
0.1395 0.033462
0.13269 0.03384
0.35043 0.031201
0.1116 0.027639
0.35237 0.033521
0.27413 0.038856
0.1217 0.032985
0.099682 0.026819
0.37244 0.027073
0.071015 0.029083
0.37685 0.027075
0.22641 0.038319
0.076618 0.028796
0.056735 0.029525
0.37948 0.027158
0.16078 0.03754
0.37053 0.039523
0.25238 0.038207
0.04823 0.028268
0.035513 0.02597
0.33803 0.039808
0.17717 0.038224
0.37849 0.037533
0.18499 0.037845
0.03034 0.026412
0.028457 0.0288
0.33321 0.038755
0.077728 0.03095
0.39113 0.029427
0.034229 0.032622
0.030945 0.031576
0.034293 0.032695
0.35697 0.039427
0.055572 0.031187
0.2381 0.038982
0.073826 0.034287
0.034484 0.032861
0.03561 0.033754
0.3886 0.037861
0.036164 0.03454
0.38579 0.03907
0.092078 0.029324
0.037077 0.035016
0.38944 0.039926
0.05079 0.032237
0.39658 0.038681
0.090931 0.030059
0.038865 0.035156
0.39652 0.040721
0.041691 0.035234
0.36441 0.039725
0.12173 0.03535
0.044913 0.035263
0.051176 0.035516
0.34666 0.039535
0.16011 0.0375
0.40268 0.027684
0.097583 0.032502
0.13916 0.037581
0.086847 0.033589
0.35385 0.039856
0.40301 0.028954
0.31778 0.039483
0.40921 0.022745
0.40866 0.02728
0.40419 0.035058
0.10507 0.033377
0.41026 0.034744
0.32377 0.038526
0.082668 0.033996
0.080985 0.034055
0.42559 0.031949
0.42062 0.035318
0.40498 0.039835
0.40943 0.037359
0.43175 0.037294
0.43136 0.037422
0.41589 0.03941
0.40946 0.0385
0.41661 0.039363
0.4508 0.039545
0.45212 0.02185
0.46019 0.02434
0.47403 0.020673
0.50026 0.021751
0.43407 0.024969
0.47942 0.022996
0.44235 0.030531
0.44315 0.032414
0.47425 0.029454
0.49404 0.022153
0.47092 0.036595
0.47479 0.03684
0.48636 0.029054
0.49049 0.023468
0.46616 0.039056
0.47885 0.03767
0.48345 0.026904
0.48862 0.026922
0.47968 0.037562
0.49444 0.038488
0.49819 0.02601
0.49657 0.031685
0.49428 0.038518
0.49387 0.026387
0.52793 0.021359
0.51598 0.021291
0.58013 0.020349
0.5466 0.022717
0.56603 0.025143
0.50539 0.021672
0.53428 0.0304
0.51466 0.024306
0.51282 0.02511
0.55265 0.029964
0.55794 0.033843
0.50896 0.025322
0.51978 0.029138
0.5252 0.035835
0.5491 0.036466
0.51008 0.02861
0.51864 0.034394
0.52056 0.038814
0.54957 0.039554
0.51762 0.034475
0.50785 0.030425
0.51797 0.039249
0.50232 0.039038
0.50347 0.028326
0.52592 0.039356
0.59428 0.021156
0.59567 0.026329
0.61562 0.029507
0.6892 0.038529
0.60084 0.034489
0.65374 0.039781
0.60175 0.038703
0.57052 0.033915
0.90353 0.039163
0.57955 0.034692
0.57485 0.038513
0.9685 0.035126
0.96961 0.028728
0.56799 0.039738
0.58409 0.03934
0.91755 0.039587
0.63082 0.036444
0.55335 0.038433
0.50226 0.039049
0.63818 0.039951
0.60337 0.03894
0.62503 0.031824
0.96174 0.038646
0.66182 0.0373
0.92519 0.037675
0.96127 0.025273
0.97401 0.025746
0.96638 0.026782
0.96797 0.027448
0.86492 0.036279
0.61825 0.038959
0.63341 0.029508
0.97537 0.0262
0.65485 0.03815
0.97575 0.02624
0.9757 0.026326
0.97557 0.026075
0.63091 0.026718
0.97494 0.025715
0.78261 0.039686
0.9488 0.040371
0.97487 0.025685
0.77245 0.03828
0.96887 0.02468
0.8487 0.039756
0.96748 0.024608
0.97002 0.024759
0.96433 0.024521
0.65248 0.033215
0.95389 0.039859
0.6943 0.038201
0.95496 0.02443
0.95978 0.024437
0.95777 0.024436
0.65225 0.029071
0.93827 0.039354
0.66564 0.033486
0.89722 0.03771
0.9506 0.024633
0.67118 0.038916
0.86214 0.037618
0.71893 0.035915
0.93384 0.025508
0.93171 0.024198
0.93466 0.025587
0.67679 0.040289
0.94214 0.026873
0.67644 0.037249
0.94586 0.028093
0.94463 0.027482
0.94581 0.028063
0.67694 0.036937
0.94993 0.029913
0.68567 0.038781
0.83069 0.039404
0.94915 0.029636
0.95313 0.033258
0.68698 0.036469
0.79924 0.038355
0.68508 0.031808
0.93959 0.03597
0.94814 0.035417
0.94132 0.036582
0.68993 0.029546
0.74026 0.037528
0.69154 0.023495
0.73406 0.036664
0.92671 0.034398
0.9246 0.034303
0.69988 0.026405
0.92133 0.03454
0.7112 0.025275
0.74347 0.03823
0.91902 0.034554
0.91543 0.034543
0.72681 0.034825
0.75718 0.037828
0.72407 0.023714
0.81073 0.038965
0.91042 0.03364
0.91319 0.033818
0.7426 0.032518
0.91248 0.033579
0.75523 0.034535
0.78158 0.038338
0.91267 0.033638
0.91175 0.033193
0.74214 0.026159
0.80932 0.038737
0.75344 0.026178
0.78052 0.036133
0.90771 0.032384
0.7701 0.030036
0.79545 0.038934
0.76124 0.025314
0.79281 0.038614
0.88143 0.036951
0.87094 0.037406
0.77511 0.02756
0.80172 0.034875
0.78324 0.026912
0.82132 0.039172
0.86848 0.036729
0.86945 0.03742
0.7899 0.029148
0.87119 0.03736
0.8145 0.034096
0.8201 0.038982
0.87254 0.037241
0.88079 0.036673
0.81541 0.03243
0.84344 0.035848
0.82059 0.032691
0.83527 0.030744
0.87762 0.034828
0.87463 0.03369
0.81818 0.027214
0.84019 0.032297
0.82622 0.023094
0.85383 0.03135
0.87237 0.031546
0.8733 0.029297
0.84085 0.02483
0.85859 0.028359
0.84881 0.023439
0.8765 0.024587
0.87341 0.027246
0.87379 0.02618
0.86572 0.022133
0.88391 0.023371
0.94896 0.020368
0.94847 0.02228
