348
0.028172 0.023926
0.02578 0.042837
0.039361 0.022714
0.030917 0.042878
0.022564 0.042837
0.03113 0.042895
0.043554 0.025355
0.046442 0.033758
0.05079 0.025087
0.045935 0.050199
0.04288 0.047723
0.046491 0.050737
0.06002 0.025243
0.055939 0.034818
0.065348 0.02688
0.054336 0.054552
0.051683 0.05421
0.053974 0.054494
0.07544 0.030081
0.056921 0.057533
0.079946 0.030253
0.073611 0.043871
0.056863 0.058478
0.056144 0.061849
0.083799 0.034475
0.056686 0.063583
0.091665 0.028622
0.087758 0.040424
0.055791 0.063155
0.058209 0.063733
0.099515 0.032324
0.062149 0.064327
0.1043 0.030813
0.093651 0.046878
0.06193 0.063895
0.061161 0.065368
0.10782 0.028338
0.058086 0.066977
0.1147 0.030588
0.10457 0.044279
0.057434 0.067492
0.11915 0.02252
0.050678 0.069799
0.12367 0.03028
0.1122 0.045054
0.050168 0.070093
0.12679 0.03627
0.051491 0.070585
0.13244 0.026858
0.057267 0.070547
0.05657 0.070566
0.1362 0.035299
0.12064 0.052164
0.13726 0.039521
0.12628 0.052382
0.069067 0.069805
0.14291 0.035306
0.13021 0.053339
0.1458 0.03813
0.061352 0.072614
0.065217 0.07166
0.062152 0.07242
0.1501 0.038129
0.05769 0.073555
0.15769 0.030264
0.056009 0.073938
0.057681 0.073557
0.055972 0.073945
0.15495 0.039545
0.048135 0.073637
0.1562 0.043394
0.12701 0.064199
0.051713 0.073935
0.04575 0.073547
0.16727 0.029313
0.034678 0.079124
0.17151 0.028916
0.12139 0.067759
0.037193 0.076878
0.029097 0.084318
0.17417 0.029201
0.094299 0.073325
0.16631 0.045415
0.1254 0.068825
0.027546 0.080513
0.025077 0.072093
0.14927 0.057438
0.10367 0.073399
0.1749 0.041735
0.10653 0.073796
0.023213 0.074141
0.022147 0.083302
0.14675 0.060584
0.036617 0.081645
0.18201 0.033144
0.02197 0.11005
0.021769 0.099457
0.021995 0.11075
0.15759 0.058394
0.026898 0.092559
0.12576 0.074796
0.032165 0.091388
0.022063 0.11231
0.022578 0.12
0.18106 0.045852
0.023097 0.12577
0.1769 0.055927
0.042279 0.079931
0.023644 0.12999
0.17884 0.055259
0.024701 0.10045
0.18495 0.044178
0.041479 0.081863
0.024124 0.13124
0.18001 0.059669
0.024715 0.13147
0.16115 0.061524
0.051916 0.079939
0.025093 0.13145
0.025836 0.13075
0.15457 0.063293
0.092618 0.07916
0.19211 0.031708
0.03417 0.096673
0.064746 0.081881
0.03059 0.11342
0.15674 0.066253
0.19301 0.034177
0.14415 0.068395
0.20404 0.024701
0.2032 0.03375
0.19731 0.04639
0.033962 0.10181
0.20639 0.042608
0.14537 0.068998
0.030196 0.11378
0.030091 0.11451
0.2189 0.033563
0.21551 0.038724
0.19935 0.060931
0.20408 0.058268
0.22212 0.038009
0.22405 0.038584
0.21865 0.044172
0.23663 0.042469
0.24844 0.043144
0.25348 0.043674
0.25099 0.021379
0.26593 0.02201
0.32382 0.020112
0.483 0.020607
0.22917 0.023835
0.36566 0.02055
0.24266 0.027973
0.24302 0.029287
0.30871 0.021697
0.4592 0.021054
0.26947 0.029622
0.28281 0.026899
0.33981 0.02175
0.45143 0.021498
0.2656 0.034573
0.303 0.025538
0.39136 0.021696
0.43417 0.022307
0.30864 0.025221
0.2682 0.042104
0.47308 0.022475
0.39906 0.023008
0.29917 0.028321
0.45691 0.022923
0.67175 0.020205
0.61136 0.020443
0.78786 0.020496
0.74774 0.021673
0.77145 0.024047
0.51748 0.020808
0.71763 0.022188
0.60723 0.021523
0.59738 0.021896
0.7516 0.027339
0.75326 0.030047
0.56728 0.022084
0.62745 0.022705
0.72482 0.024601
0.7511 0.03358
0.58162 0.022999
0.64608 0.023061
0.74077 0.032515
0.73495 0.031543
0.6333 0.023995
0.55396 0.023691
0.68982 0.023921
0.73632 0.036699
0.51188 0.02337
0.70708 0.02628
0.79627 0.021647
0.7976 0.029073
0.80751 0.039959
0.84625 0.06995
0.79848 0.041926
0.82834 0.05988
0.79018 0.049177
0.77227 0.031103
0.93185 0.083282
0.77658 0.034582
0.76848 0.035589
0.9766 0.097051
0.97721 0.078603
0.75979 0.036516
0.76309 0.041138
0.93903 0.085252
0.81821 0.061084
0.75299 0.043827
0.74201 0.04362
0.78172 0.061065
0.76788 0.046473
0.8124 0.044557
0.97488 0.10587
0.83104 0.058278
0.94759 0.088202
0.97719 0.05846
0.97898 0.066035
0.97743 0.069532
0.97738 0.073126
0.90399 0.085511
0.8107 0.058922
0.81537 0.044799
0.97916 0.068505
0.82715 0.054069
0.97922 0.068711
0.9792 0.069146
0.97921 0.067865
0.81562 0.035918
0.97915 0.065851
0.87255 0.078668
0.97047 0.1064
0.97914 0.065675
0.87172 0.077525
0.9784 0.057418
0.89207 0.081113
0.97823 0.056431
0.97854 0.058386
0.97784 0.05445
0.825 0.045416
0.97201 0.10384
0.84744 0.062394
0.97652 0.050926
0.97722 0.052362
0.97694 0.051661
0.82486 0.038022
0.95641 0.091358
0.83127 0.047613
0.93107 0.080119
0.97581 0.049982
0.83503 0.049989
0.90205 0.080106
0.85182 0.061969
0.97217 0.05849
0.97282 0.049531
0.97222 0.059026
0.84338 0.053099
0.97272 0.063722
0.84007 0.046453
0.97281 0.068162
0.97286 0.066212
0.97282 0.068068
0.84046 0.045807
0.9723 0.074526
0.84652 0.050517
0.88768 0.073598
0.9724 0.073463
0.97064 0.084547
0.84635 0.046676
0.87885 0.070255
0.84397 0.037871
0.96343 0.087427
0.96776 0.088313
0.96462 0.087879
0.8454 0.035493
0.86618 0.061278
0.84638 0.025969
0.8648 0.058072
0.95637 0.083863
0.95598 0.082925
0.85107 0.033054
0.95467 0.081716
0.85542 0.033064
0.86838 0.055165
0.95383 0.081027
0.95258 0.079917
0.8631 0.043378
0.872 0.055245
0.86104 0.026934
0.88418 0.062475
0.94921 0.077728
0.952 0.078065
0.87019 0.043029
0.95167 0.077552
0.87425 0.043966
0.88018 0.053398
0.95177 0.077695
0.9515 0.07674
0.87281 0.031274
0.88817 0.056805
0.87804 0.029954
0.88385 0.048447
0.94899 0.075151
0.88551 0.038505
0.89225 0.050117
0.88485 0.027639
0.89456 0.04593
0.92935 0.069372
0.92645 0.068001
0.8902 0.033982
0.89797 0.046716
0.89592 0.03072
0.90567 0.048632
0.92374 0.065583
0.92654 0.063953
0.90055 0.031803
0.92862 0.063862
0.9087 0.038855
0.91053 0.043377
0.92936 0.063845
0.93455 0.062915
0.9122 0.035632
0.92056 0.046573
0.91783 0.035867
0.92217 0.041187
0.93604 0.059343
0.93715 0.055344
0.92211 0.029182
0.92491 0.04042
0.9285 0.024968
0.93478 0.03761
0.94017 0.050056
0.94581 0.046852
0.9359 0.02818
0.93907 0.036505
0.94083 0.025819
0.96205 0.036525
0.95405 0.040702
0.95742 0.038572
0.95128 0.026513
0.96508 0.035406
0.97602 0.022409
0.97587 0.034945
