348
0.074445 0.020706
0.050965 0.023417
0.12898 0.020575
0.075668 0.024166
0.034055 0.023278
0.076615 0.024169
0.15174 0.020941
0.1608 0.022458
0.18722 0.021847
0.11718 0.028334
0.11318 0.027031
0.11758 0.02854
0.20178 0.025132
0.19143 0.027387
0.20557 0.028174
0.13339 0.027671
0.12471 0.028381
0.13179 0.027663
0.21151 0.030869
0.13711 0.028437
0.21682 0.029783
0.19618 0.039938
0.13576 0.028774
0.12903 0.030097
0.21294 0.033648
0.12909 0.030664
0.23577 0.025881
0.20728 0.040136
0.12681 0.030879
0.13433 0.030533
0.24383 0.02935
0.14527 0.032072
0.25196 0.02744
0.20668 0.040389
0.14511 0.031835
0.14115 0.031098
0.25764 0.024823
0.13034 0.031658
0.27024 0.025696
0.23812 0.037184
0.12763 0.032513
0.27853 0.021637
0.10976 0.031678
0.28505 0.026626
0.25221 0.037334
0.10818 0.030521
0.2867 0.030748
0.11123 0.033417
0.29783 0.02374
0.12445 0.033741
0.12163 0.034553
0.30234 0.027473
0.2589 0.03797
0.30211 0.029692
0.27455 0.037046
0.14651 0.038451
0.31884 0.028368
0.2824 0.039113
0.32342 0.031014
0.13737 0.033932
0.1428 0.035296
0.13875 0.033937
0.33099 0.031708
0.12646 0.034805
0.34622 0.025467
0.11999 0.03622
0.12642 0.034801
0.11988 0.036252
0.33893 0.030411
0.10406 0.029803
0.34112 0.032618
0.25459 0.039032
0.11159 0.036497
0.09492 0.02842
0.36305 0.026016
0.068681 0.030053
0.36835 0.026446
0.20992 0.040094
0.074549 0.029746
0.055786 0.030488
0.37129 0.026517
0.14696 0.039406
0.36087 0.036558
0.23328 0.039306
0.048165 0.028605
0.035938 0.025939
0.32649 0.039107
0.16466 0.035555
0.37035 0.036084
0.17469 0.037815
0.030623 0.026244
0.028685 0.028565
0.32074 0.037957
0.075943 0.032106
0.38335 0.028993
0.033779 0.032537
0.030789 0.031284
0.033825 0.032615
0.34581 0.038204
0.054073 0.032279
0.21913 0.04023
0.071379 0.035867
0.033973 0.032794
0.034838 0.033755
0.38001 0.037177
0.035175 0.034581
0.37723 0.038395
0.08963 0.031161
0.035892 0.03504
0.38083 0.038808
0.049037 0.032964
0.38942 0.036747
0.088927 0.031965
0.037471 0.035265
0.38931 0.037946
0.039933 0.035519
0.35446 0.037235
0.11138 0.039562
0.042611 0.035749
0.048052 0.036255
0.33667 0.038585
0.14625 0.039091
0.39645 0.026742
0.096303 0.035921
0.1254 0.039285
0.086478 0.035802
0.34298 0.03851
0.39687 0.027851
0.30318 0.037629
0.40378 0.022381
0.40314 0.026282
0.39881 0.033185
0.10116 0.037384
0.40523 0.033109
0.31017 0.037916
0.082086 0.035376
0.080229 0.035363
0.42233 0.031646
0.41693 0.034195
0.40021 0.037394
0.40454 0.035437
0.4284 0.038544
0.42804 0.038571
0.41141 0.037384
0.40464 0.036515
0.41235 0.037389
0.44495 0.040282
0.44697 0.021898
0.45477 0.024628
0.46748 0.020777
0.49256 0.021652
0.43039 0.025358
0.47241 0.023238
0.43743 0.031408
0.43803 0.033499
0.46758 0.030923
0.48647 0.022107
0.46436 0.038857
0.46818 0.039535
0.47806 0.029517
0.48279 0.023569
0.45999 0.04019
0.47209 0.038962
0.47558 0.027294
0.48068 0.027221
0.47277 0.038828
0.48872 0.037669
0.49052 0.025655
0.48939 0.031052
0.48856 0.037689
0.4863 0.026268
0.52213 0.021405
0.5096 0.021206
0.57293 0.020376
0.53926 0.022753
0.55977 0.025136
0.49823 0.021578
0.52784 0.030989
0.50822 0.023968
0.50633 0.024679
0.54553 0.029729
0.55125 0.033095
0.50242 0.024925
0.5138 0.028947
0.52144 0.0364
0.54052 0.036717
0.50359 0.02793
0.51424 0.034239
0.51805 0.039017
0.54056 0.039697
0.51313 0.0342
0.50153 0.029698
0.51521 0.038842
0.49691 0.038066
0.49596 0.027918
0.52275 0.039843
0.58706 0.021074
0.58865 0.025833
0.60882 0.029806
0.68372 0.037997
0.59609 0.034045
0.64439 0.039872
0.59947 0.038679
0.56476 0.034504
0.9018 0.039216
0.57264 0.03592
0.56893 0.040218
0.97015 0.035671
0.97 0.029075
0.56325 0.040147
0.57617 0.040202
0.91573 0.03894
0.6233 0.036823
0.54569 0.038202
0.49685 0.038072
0.63033 0.04121
0.60187 0.039152
0.6182 0.032315
0.96541 0.038775
0.65321 0.038102
0.92316 0.037113
0.96196 0.02528
0.97423 0.025967
0.96689 0.026954
0.96842 0.027693
0.86402 0.035134
0.61373 0.040518
0.62609 0.029694
0.97554 0.026438
0.64575 0.038603
0.97591 0.026481
0.97586 0.026569
0.97574 0.026309
0.62352 0.026752
0.97513 0.025935
0.77386 0.038231
0.95065 0.039273
0.97506 0.025904
0.76272 0.037175
0.96928 0.024852
0.84284 0.035855
0.96794 0.024749
0.97039 0.024943
0.96491 0.024592
0.64391 0.033439
0.95773 0.039335
0.6889 0.038546
0.95554 0.024303
0.96055 0.024412
0.95851 0.024369
0.64421 0.029186
0.93618 0.038119
0.65702 0.034317
0.89632 0.038238
0.95091 0.024402
0.66202 0.039253
0.86121 0.035976
0.7089 0.03894
0.93289 0.025152
0.93064 0.023929
0.93377 0.025223
0.66812 0.039398
0.94189 0.026406
0.6675 0.036601
0.94585 0.027529
0.94454 0.026964
0.9458 0.027502
0.66823 0.036289
0.95018 0.029334
0.67927 0.037224
0.82066 0.037286
0.94936 0.029027
0.9545 0.032808
0.68048 0.035349
0.79095 0.038881
0.67763 0.030707
0.93814 0.034937
0.94901 0.034437
0.94048 0.035519
0.6827 0.029185
0.72772 0.03818
0.68449 0.023423
0.72192 0.03773
0.92498 0.033888
0.92281 0.03381
0.69268 0.026908
0.9194 0.034065
0.70234 0.026274
0.73149 0.038706
0.91725 0.034058
0.91364 0.034043
0.71514 0.036667
0.74742 0.037799
0.71317 0.024223
0.80141 0.039248
0.90846 0.033135
0.91132 0.03335
0.73024 0.032925
0.91059 0.033121
0.74434 0.034497
0.77256 0.036908
0.91078 0.033179
0.90982 0.032688
0.72972 0.026369
0.80017 0.038709
0.74132 0.026015
0.77106 0.034622
0.90567 0.032009
0.7586 0.029404
0.78743 0.039099
0.74937 0.025133
0.78493 0.03813
0.88198 0.037243
0.87093 0.03731
0.76408 0.026838
0.79302 0.035089
0.7728 0.026345
0.81084 0.038677
0.86806 0.036443
0.86929 0.037271
0.78041 0.02873
0.8712 0.037276
0.80493 0.034274
0.80984 0.038696
0.87267 0.037215
0.88131 0.036943
0.80585 0.032456
0.83613 0.033296
0.81081 0.032257
0.82742 0.029237
0.87775 0.034939
0.87401 0.033681
0.80876 0.027039
0.83259 0.030396
0.81695 0.02284
0.84999 0.029243
0.87106 0.031443
0.87157 0.029211
0.83366 0.024061
0.85619 0.027187
0.84357 0.022728
0.87473 0.024579
0.87157 0.02718
0.87196 0.026129
0.86373 0.021978
0.88213 0.023425
0.94915 0.020344
0.94863 0.022129
