348
0.074732 0.020659
0.04995 0.023358
0.13797 0.020537
0.075951 0.023889
0.03323 0.023432
0.076895 0.023898
0.16262 0.020927
0.17092 0.022761
0.19639 0.021784
0.12506 0.027186
0.1201 0.02584
0.12553 0.027384
0.21182 0.02468
0.20041 0.026791
0.21595 0.027391
0.14267 0.027091
0.13331 0.027677
0.14109 0.027105
0.22261 0.030359
0.14627 0.02775
0.22802 0.029191
0.2032 0.039
0.14492 0.028067
0.13802 0.02942
0.2248 0.032926
0.13818 0.02993
0.24734 0.025607
0.21778 0.037697
0.13569 0.030171
0.14369 0.029693
0.25621 0.028636
0.15535 0.03093
0.2648 0.026776
0.21705 0.037874
0.15518 0.030739
0.15086 0.030278
0.2718 0.024611
0.13982 0.030787
0.28355 0.026353
0.25262 0.036099
0.13688 0.031627
0.29082 0.021759
0.11545 0.029397
0.29692 0.026633
0.26689 0.035705
0.11364 0.028415
0.29852 0.030713
0.11762 0.030858
0.31021 0.023807
0.13366 0.032472
0.1308 0.032671
0.31426 0.027829
0.27441 0.037327
0.31391 0.030115
0.28736 0.038658
0.15631 0.036247
0.33092 0.028285
0.29418 0.039403
0.33531 0.030629
0.14689 0.032721
0.15262 0.034004
0.14839 0.032812
0.34235 0.031552
0.13599 0.033711
0.35911 0.025301
0.12938 0.034078
0.13595 0.033708
0.12927 0.034109
0.35064 0.030141
0.10865 0.027843
0.35283 0.032166
0.27034 0.037913
0.11849 0.033285
0.097052 0.027021
0.37578 0.026279
0.069286 0.02939
0.38091 0.026457
0.22146 0.038349
0.074706 0.029088
0.055484 0.029867
0.38353 0.02663
0.15688 0.037868
0.37342 0.03707
0.24764 0.037863
0.047281 0.028569
0.035003 0.026177
0.33707 0.038282
0.17293 0.038629
0.3823 0.03605
0.18058 0.03825
0.03 0.02663
0.028179 0.029099
0.33173 0.037349
0.075779 0.031312
0.39568 0.028886
0.033761 0.033058
0.030585 0.031971
0.033823 0.033134
0.35809 0.037219
0.054363 0.03159
0.23315 0.038865
0.072006 0.034766
0.034008 0.033306
0.035096 0.034232
0.39258 0.036991
0.035632 0.035047
0.38957 0.038238
0.089681 0.029618
0.036516 0.03554
0.39335 0.038839
0.04975 0.032687
0.4011 0.037612
0.08857 0.030378
0.038244 0.035689
0.40095 0.039563
0.040974 0.035776
0.36652 0.037125
0.11852 0.035705
0.044082 0.035813
0.050122 0.036085
0.34663 0.037799
0.15622 0.037824
0.40799 0.027316
0.095018 0.03288
0.13561 0.037903
0.084612 0.034026
0.35463 0.037777
0.40834 0.028527
0.31497 0.039055
0.41473 0.022624
0.41416 0.026957
0.40949 0.03433
0.10229 0.033756
0.41579 0.034076
0.32131 0.037647
0.080561 0.034452
0.07893 0.034516
0.43191 0.031293
0.4268 0.034558
0.41025 0.038869
0.41492 0.036563
0.43822 0.036895
0.43781 0.037
0.42156 0.038503
0.41493 0.037647
0.42241 0.038453
0.45768 0.039207
0.45852 0.021815
0.46704 0.024159
0.48156 0.020652
0.50738 0.021706
0.4409 0.024928
0.48722 0.022955
0.4489 0.030688
0.4497 0.032605
0.48181 0.029161
0.50149 0.022174
0.47962 0.035865
0.48416 0.036301
0.49399 0.029245
0.49799 0.023574
0.47483 0.038192
0.48858 0.037329
0.49115 0.026897
0.49617 0.027136
0.48931 0.037273
0.5023 0.03866
0.5054 0.025926
0.50395 0.03163
0.50216 0.038725
0.50132 0.026456
0.53877 0.021235
0.52493 0.021126
0.59109 0.020344
0.55851 0.022696
0.57668 0.025339
0.51298 0.021568
0.54571 0.029696
0.52334 0.023771
0.52114 0.024501
0.56456 0.030365
0.56953 0.034975
0.51689 0.024769
0.52937 0.027882
0.53576 0.033955
0.56204 0.036713
0.51812 0.027642
0.52812 0.032459
0.5305 0.036196
0.56284 0.039937
0.52694 0.032566
0.51567 0.029459
0.5275 0.036694
0.50919 0.038312
0.51089 0.027944
0.53677 0.037159
0.60494 0.021148
0.60638 0.026248
0.62706 0.029112
0.70549 0.040358
0.61162 0.033882
0.66628 0.038377
0.61245 0.037882
0.58074 0.034032
0.90335 0.039185
0.59049 0.034394
0.58582 0.038282
0.97023 0.036948
0.97081 0.029851
0.57845 0.040049
0.59458 0.039046
0.92039 0.038864
0.64431 0.036289
0.56605 0.039332
0.50912 0.038329
0.65184 0.040155
0.61423 0.038176
0.63714 0.031454
0.96469 0.039761
0.6748 0.035474
0.92765 0.038011
0.96342 0.025582
0.9747 0.026493
0.96795 0.027477
0.96936 0.028314
0.87034 0.038774
0.63068 0.038165
0.64563 0.029555
0.9759 0.027006
0.66728 0.036653
0.97624 0.027052
0.9762 0.027149
0.97608 0.026865
0.64318 0.026666
0.97552 0.026458
0.78904 0.039818
0.95074 0.039511
0.97546 0.026425
0.7798 0.039792
0.97015 0.025262
0.85602 0.039696
0.96892 0.025124
0.97117 0.025377
0.96613 0.024904
0.66458 0.032466
0.95662 0.039642
0.70948 0.040355
0.95719 0.024447
0.96209 0.024641
0.96013 0.024562
0.66408 0.028602
0.93924 0.039532
0.67928 0.031867
0.89731 0.039277
0.95264 0.024479
0.68641 0.036985
0.86807 0.039835
0.72946 0.038842
0.9356 0.025672
0.93359 0.024367
0.93638 0.02573
0.69401 0.039548
0.9438 0.026793
0.6929 0.036561
0.94768 0.027849
0.9464 0.027302
0.94763 0.027822
0.69337 0.036329
0.95193 0.02954
0.70231 0.040043
0.83724 0.038769
0.95112 0.029248
0.95543 0.033078
0.70298 0.037699
0.80679 0.038748
0.70029 0.03244
0.94067 0.036008
0.95002 0.034783
0.94245 0.036476
0.70434 0.030427
0.74635 0.037759
0.70579 0.023844
0.74073 0.038347
0.92895 0.034827
0.92702 0.034503
0.71308 0.027215
0.92404 0.034393
0.72307 0.026109
0.75047 0.037646
0.92177 0.034156
0.91767 0.033729
0.73542 0.037718
0.7671 0.038655
0.73387 0.024454
0.81665 0.039733
0.91195 0.032503
0.91509 0.032799
0.75013 0.03212
0.91429 0.032504
0.76471 0.034842
0.7879 0.038534
0.9145 0.032578
0.91347 0.032082
0.75012 0.025986
0.81545 0.039601
0.76254 0.026175
0.78686 0.036457
0.90889 0.031746
0.77762 0.031139
0.80297 0.039054
0.76973 0.02578
0.80022 0.038537
0.88369 0.039814
0.87493 0.040501
0.78207 0.028045
0.8088 0.035354
0.79005 0.026907
0.82675 0.039097
0.8731 0.03954
0.87377 0.040509
0.79694 0.028937
0.87513 0.040431
0.82042 0.034401
0.82554 0.038938
0.8762 0.040246
0.88319 0.039489
0.82144 0.03265
0.85064 0.035405
0.82664 0.032634
0.8421 0.030404
0.88061 0.037347
0.87836 0.036022
0.82453 0.027254
0.84723 0.031936
0.83268 0.023013
0.86107 0.031898
0.87683 0.033511
0.87793 0.030869
0.84785 0.024695
0.86552 0.029161
0.85596 0.023437
0.88072 0.025357
0.8781 0.028469
0.87842 0.027222
0.8716 0.022471
0.8872 0.023928
0.95092 0.020353
0.95041 0.022186
