348
0.064744 0.020884
0.04504 0.024137
0.11574 0.020596
0.065667 0.025249
0.031296 0.024072
0.066381 0.025282
0.13773 0.020908
0.14711 0.022699
0.17057 0.021963
0.1037 0.02799
0.099383 0.026743
0.1041 0.028187
0.18427 0.025011
0.17429 0.027674
0.18838 0.027557
0.11972 0.028025
0.11134 0.028518
0.11837 0.027987
0.19495 0.029396
0.12294 0.028881
0.20135 0.028168
0.17826 0.040311
0.12173 0.029224
0.11578 0.030468
0.19681 0.031608
0.11585 0.031055
0.22292 0.025958
0.19021 0.037774
0.11351 0.031231
0.12039 0.031046
0.2304 0.029868
0.13034 0.031757
0.23806 0.02753
0.18945 0.038154
0.13023 0.031564
0.12648 0.031576
0.244 0.024764
0.11706 0.032111
0.25692 0.025768
0.2261 0.038113
0.11436 0.032935
0.26484 0.021699
0.095622 0.031198
0.27096 0.02675
0.23848 0.037416
0.093996 0.0301
0.27266 0.030811
0.097186 0.032853
0.28424 0.02352
0.11111 0.033918
0.10831 0.034157
0.28902 0.02698
0.24556 0.037474
0.28881 0.029049
0.26154 0.037586
0.13001 0.037631
0.30665 0.027985
0.26868 0.039857
0.3116 0.03055
0.12235 0.034696
0.12712 0.035658
0.12364 0.034703
0.31953 0.031228
0.11317 0.035279
0.3349 0.025806
0.10671 0.035561
0.11313 0.035274
0.1066 0.035587
0.32766 0.030466
0.089756 0.029646
0.33051 0.032873
0.24105 0.038903
0.097584 0.03579
0.080634 0.029426
0.34964 0.026621
0.060413 0.032282
0.35438 0.026896
0.19336 0.037193
0.064937 0.032206
0.048985 0.032466
0.35722 0.026859
0.13019 0.038547
0.34835 0.038474
0.22235 0.039356
0.042617 0.030465
0.032809 0.027357
0.31593 0.038256
0.15061 0.038175
0.35604 0.037004
0.15872 0.040268
0.028538 0.027769
0.026912 0.030658
0.30961 0.037153
0.066047 0.035267
0.36913 0.029189
0.030675 0.035548
0.028427 0.03404
0.030706 0.035642
0.33676 0.039039
0.047402 0.034689
0.20689 0.036587
0.0631 0.039613
0.030807 0.03586
0.031407 0.037018
0.36578 0.037437
0.031603 0.038022
0.36292 0.038712
0.075993 0.033359
0.032119 0.038564
0.3666 0.039122
0.042869 0.035699
0.37529 0.03729
0.075379 0.034445
0.033316 0.038788
0.37521 0.038523
0.035192 0.039026
0.3435 0.039268
0.097324 0.038786
0.037235 0.039248
0.041548 0.039797
0.32694 0.038272
0.12955 0.038479
0.38177 0.027031
0.080676 0.037595
0.11213 0.039785
0.073277 0.039659
0.33411 0.038981
0.38216 0.02819
0.2908 0.036448
0.38878 0.022527
0.38817 0.026644
0.38437 0.033786
0.085881 0.037953
0.39074 0.034041
0.29847 0.036737
0.070291 0.039892
0.069043 0.039846
0.40557 0.033063
0.40142 0.036043
0.38613 0.038183
0.39033 0.036483
0.41103 0.039264
0.41071 0.039398
0.39756 0.039267
0.39058 0.03765
0.39827 0.039356
0.42929 0.038857
0.43044 0.021768
0.43889 0.024353
0.4521 0.020719
0.47989 0.021444
0.41277 0.025448
0.45721 0.023047
0.42019 0.030864
0.42099 0.032766
0.45229 0.030082
0.47272 0.021889
0.4497 0.037573
0.45317 0.037889
0.46397 0.028605
0.46862 0.023161
0.44546 0.039281
0.45678 0.037863
0.46099 0.026744
0.4665 0.026431
0.45751 0.037685
0.47373 0.035959
0.4775 0.025036
0.47583 0.029923
0.47354 0.036002
0.47252 0.025618
0.51473 0.021066
0.4998 0.021029
0.57605 0.020324
0.53955 0.022223
0.56068 0.024771
0.48631 0.021349
0.52282 0.027837
0.49814 0.023396
0.49583 0.024005
0.54643 0.028787
0.55243 0.032837
0.491 0.024217
0.50469 0.02731
0.51209 0.032593
0.54255 0.033912
0.49243 0.026789
0.50397 0.031582
0.50711 0.035193
0.54321 0.036587
0.50269 0.031644
0.48977 0.028306
0.50387 0.035402
0.4831 0.035437
0.48374 0.026782
0.51317 0.03523
0.59126 0.021084
0.59277 0.025987
0.61216 0.029712
0.692 0.038193
0.59932 0.034711
0.65254 0.038179
0.60157 0.039258
0.56604 0.032895
0.90273 0.039684
0.57593 0.033668
0.57119 0.037348
0.96988 0.035264
0.96973 0.02884
0.56372 0.038379
0.58092 0.03817
0.91629 0.039589
0.62752 0.034456
0.54777 0.036499
0.48303 0.035445
0.63599 0.037858
0.60341 0.039597
0.62162 0.031009
0.96502 0.038404
0.66197 0.037636
0.92344 0.037833
0.96148 0.0252
0.97407 0.025811
0.96654 0.026803
0.96811 0.02751
0.86594 0.035935
0.615 0.039498
0.63145 0.02822
0.97542 0.026271
0.65397 0.03713
0.9758 0.026312
0.97575 0.026398
0.97562 0.026145
0.62844 0.025822
0.975 0.02578
0.77699 0.038836
0.95012 0.039272
0.97493 0.02575
0.76699 0.038106
0.969 0.024731
0.84647 0.037473
0.96762 0.024639
0.97013 0.024815
0.9645 0.024504
0.65194 0.032293
0.95721 0.039151
0.69703 0.039034
0.95502 0.024275
0.96003 0.024354
0.95799 0.024323
0.65221 0.028423
0.93585 0.038741
0.66587 0.034137
0.89738 0.038637
0.95038 0.0244
0.6705 0.039307
0.86323 0.03697
0.71615 0.039658
0.93272 0.025369
0.93057 0.024117
0.93355 0.025433
0.67644 0.039692
0.94137 0.026537
0.67588 0.036918
0.94533 0.027612
0.94402 0.027063
0.94528 0.027585
0.67659 0.0365
0.94966 0.02934
0.68764 0.037356
0.82613 0.038229
0.94883 0.029051
0.95398 0.032741
0.68886 0.035478
0.79502 0.037452
0.68596 0.030781
0.93772 0.035379
0.94849 0.034486
0.93997 0.035891
0.69109 0.029269
0.73407 0.039006
0.69285 0.023456
0.72861 0.038467
0.92518 0.0345
0.92311 0.034387
0.70088 0.027147
0.91985 0.034602
0.7101 0.026548
0.73763 0.039491
0.91776 0.034562
0.91425 0.034493
0.72213 0.037309
0.7527 0.038733
0.72048 0.024384
0.80677 0.038621
0.90921 0.033494
0.91199 0.033745
0.73671 0.033458
0.91128 0.033498
0.75003 0.035216
0.77599 0.03761
0.91147 0.033561
0.91053 0.033043
0.73641 0.026636
0.80543 0.037993
0.7475 0.026307
0.77493 0.035467
0.90649 0.032322
0.76391 0.029905
0.79089 0.038002
0.75517 0.02541
0.7881 0.037385
0.88329 0.03767
0.87259 0.037935
0.76913 0.027222
0.79776 0.034034
0.77739 0.026613
0.81637 0.038869
0.86982 0.037096
0.871 0.037923
0.78457 0.028657
0.87284 0.037895
0.81051 0.034041
0.81535 0.038795
0.87426 0.037806
0.88263 0.037374
0.81149 0.032308
0.84035 0.034561
0.81647 0.032386
0.83235 0.029998
0.87915 0.035374
0.87555 0.034132
0.81445 0.027048
0.8371 0.031346
0.82259 0.022947
0.85291 0.030161
0.87271 0.031855
0.87319 0.029538
0.83808 0.024436
0.8585 0.027754
0.84712 0.023008
0.87624 0.024727
0.8732 0.027434
0.87357 0.026344
0.86566 0.022085
0.88343 0.023509
0.94863 0.020346
0.94811 0.022138
