348
0.064785 0.020826
0.043792 0.024012
0.11514 0.020583
0.065783 0.024899
0.03042 0.024378
0.066555 0.024927
0.13635 0.020953
0.14527 0.022825
0.16999 0.021755
0.10232 0.028004
0.097879 0.027081
0.10275 0.028164
0.18459 0.024965
0.17419 0.027065
0.18861 0.027709
0.11922 0.028039
0.11045 0.028116
0.11793 0.027937
0.19502 0.029722
0.12228 0.02906
0.20126 0.028599
0.17838 0.039558
0.12112 0.029346
0.11521 0.030242
0.19691 0.032069
0.11538 0.030822
0.22143 0.026182
0.1904 0.038175
0.11287 0.030842
0.12001 0.031109
0.22879 0.030006
0.12934 0.032318
0.23632 0.027896
0.18964 0.038576
0.12923 0.032121
0.12577 0.032059
0.24189 0.025116
0.1169 0.031945
0.25359 0.026193
0.22504 0.038539
0.11405 0.032554
0.26113 0.021764
0.09455 0.032212
0.26715 0.026928
0.23669 0.038319
0.093175 0.031196
0.2688 0.03133
0.095841 0.033794
0.2793 0.023995
0.11056 0.033246
0.10745 0.033426
0.28344 0.028156
0.24296 0.038925
0.28313 0.030565
0.2578 0.038471
0.12932 0.03844
0.2993 0.028336
0.26514 0.040204
0.30398 0.030657
0.12239 0.034967
0.12671 0.036408
0.12354 0.035087
0.31191 0.031193
0.11305 0.034726
0.32727 0.025952
0.10574 0.035008
0.11301 0.034718
0.10561 0.035051
0.32038 0.030719
0.089552 0.031124
0.32267 0.033263
0.23889 0.040172
0.09609 0.036869
0.081677 0.029899
0.34201 0.026458
0.06007 0.031489
0.34685 0.026765
0.19359 0.037697
0.064984 0.031394
0.048115 0.031768
0.34974 0.026986
0.1295 0.039681
0.33964 0.038097
0.22158 0.040106
0.041215 0.030337
0.031816 0.027822
0.30699 0.03798
0.14718 0.039157
0.34792 0.037008
0.15416 0.039515
0.027875 0.028423
0.026331 0.031554
0.30046 0.037422
0.066235 0.034246
0.36096 0.029601
0.029776 0.036735
0.02771 0.035221
0.029804 0.036831
0.32748 0.039261
0.046485 0.03391
0.20676 0.037711
0.063007 0.038322
0.029898 0.03705
0.030454 0.038194
0.35728 0.038056
0.030637 0.039223
0.355 0.039221
0.077123 0.03327
0.031117 0.039712
0.35776 0.039834
0.041621 0.035368
0.36597 0.037672
0.076503 0.034237
0.032234 0.039759
0.36571 0.038971
0.033993 0.039709
0.33382 0.039235
0.095788 0.040112
0.035924 0.039611
0.040315 0.039465
0.31824 0.038494
0.12896 0.039717
0.37349 0.026747
0.082301 0.038461
0.11247 0.038967
0.074391 0.038844
0.32503 0.039427
0.37388 0.027851
0.28369 0.03983
0.38123 0.022379
0.38057 0.026265
0.37554 0.033107
0.086594 0.039944
0.38288 0.033127
0.28975 0.038402
0.071016 0.038383
0.069622 0.038349
0.39892 0.032427
0.39428 0.03521
0.37682 0.037167
0.38214 0.035415
0.4045 0.038405
0.40415 0.038524
0.38983 0.038188
0.38227 0.036487
0.39061 0.038302
0.42387 0.037422
0.42514 0.021627
0.43447 0.023942
0.44912 0.020644
0.4793 0.021365
0.40649 0.025229
0.45483 0.02276
0.41422 0.030327
0.41504 0.032105
0.44934 0.029036
0.47162 0.021769
0.44643 0.035784
0.45032 0.036056
0.46226 0.027915
0.46724 0.022938
0.4417 0.037374
0.45435 0.036165
0.45905 0.026162
0.46497 0.025949
0.45517 0.036031
0.4727 0.034963
0.47675 0.024745
0.47496 0.029329
0.4725 0.034999
0.47141 0.025258
0.51547 0.021036
0.5001 0.020993
0.57968 0.020294
0.54106 0.022147
0.56309 0.024485
0.48602 0.021286
0.52379 0.027605
0.49837 0.023273
0.49596 0.023853
0.5482 0.028469
0.55443 0.032272
0.49092 0.024042
0.50513 0.02708
0.51275 0.03224
0.54417 0.033426
0.49241 0.026514
0.5044 0.031211
0.50762 0.034741
0.54486 0.036004
0.50308 0.031261
0.48963 0.027952
0.50429 0.034907
0.48267 0.034651
0.48333 0.026442
0.51386 0.0348
0.59678 0.020957
0.59847 0.025282
0.62048 0.029509
0.69713 0.037936
0.60621 0.032952
0.65682 0.03898
0.60909 0.036938
0.56887 0.031989
0.90072 0.038612
0.57956 0.032416
0.57445 0.035926
0.97155 0.037731
0.97117 0.030266
0.56637 0.037169
0.58521 0.036321
0.9183 0.037529
0.63422 0.036573
0.54959 0.035895
0.4826 0.034657
0.64076 0.039854
0.61124 0.037259
0.62933 0.032155
0.96761 0.040524
0.66626 0.037749
0.92584 0.036988
0.96407 0.025603
0.9749 0.026757
0.96842 0.027697
0.96977 0.028627
0.86689 0.037189
0.62428 0.039929
0.6378 0.029299
0.97606 0.027291
0.65826 0.037786
0.97638 0.027339
0.97635 0.02744
0.97624 0.027144
0.63518 0.026657
0.9757 0.026721
0.77965 0.040328
0.95254 0.038385
0.97564 0.026686
0.77119 0.03987
0.97054 0.025475
0.84991 0.039954
0.96935 0.025304
0.97151 0.025597
0.96667 0.024997
0.65651 0.032858
0.96065 0.039713
0.70224 0.039037
0.95778 0.024308
0.96281 0.024625
0.96089 0.024497
0.65688 0.0288
0.93728 0.038506
0.6703 0.03401
0.89552 0.039025
0.95289 0.024224
0.67497 0.038996
0.86413 0.038458
0.72095 0.039692
0.93469 0.025358
0.93256 0.024135
0.93552 0.025408
0.68107 0.039257
0.94337 0.026357
0.68048 0.036554
0.94755 0.027312
0.94617 0.026812
0.9475 0.027287
0.68122 0.036133
0.95213 0.028935
0.69262 0.036902
0.83033 0.036866
0.95125 0.028633
0.95677 0.032684
0.69388 0.035123
0.79662 0.037346
0.69089 0.030457
0.93924 0.035103
0.95078 0.033786
0.94136 0.035498
0.69619 0.029114
0.73934 0.038849
0.69801 0.023416
0.73373 0.038212
0.92736 0.034003
0.92539 0.033654
0.70599 0.027225
0.92229 0.033485
0.715 0.026641
0.74304 0.039402
0.91984 0.033189
0.9155 0.032694
0.72708 0.037124
0.75865 0.039485
0.72534 0.024352
0.80911 0.037399
0.90932 0.031573
0.91272 0.031779
0.74192 0.033383
0.91186 0.031491
0.75557 0.035622
0.77887 0.038986
0.91208 0.031563
0.91095 0.03108
0.74153 0.026597
0.8077 0.037
0.75258 0.026392
0.77804 0.036706
0.90602 0.031027
0.76818 0.030813
0.79264 0.03828
0.76023 0.025683
0.79004 0.03794
0.88313 0.039313
0.87308 0.039238
0.77292 0.027894
0.79963 0.033798
0.78044 0.027107
0.81935 0.037536
0.87052 0.038225
0.87157 0.039146
0.78727 0.029166
0.87333 0.039203
0.81334 0.03308
0.81826 0.037452
0.87469 0.039153
0.88257 0.038968
0.81447 0.031461
0.84504 0.035621
0.81973 0.031498
0.83707 0.029823
0.87952 0.036687
0.87622 0.035246
0.81771 0.026553
0.84213 0.031773
0.82659 0.022725
0.85569 0.031543
0.87376 0.032732
0.87437 0.030256
0.84299 0.024659
0.86071 0.02864
0.85084 0.023468
0.87723 0.025109
0.87438 0.027994
0.87473 0.026826
0.86735 0.022261
0.88386 0.023839
0.95104 0.020329
0.95049 0.022037
