348
0.064499 0.020822
0.044376 0.024134
0.11557 0.020601
0.06553 0.024855
0.030846 0.024217
0.066327 0.024866
0.13568 0.020929
0.14605 0.022214
0.17614 0.021628
0.1033 0.028233
0.099201 0.027116
0.10371 0.028416
0.19173 0.02469
0.18069 0.026585
0.19599 0.027459
0.11962 0.028353
0.11108 0.028402
0.11825 0.028226
0.20274 0.029997
0.12278 0.02948
0.2083 0.02924
0.18661 0.038156
0.12164 0.029755
0.11569 0.030569
0.2048 0.032639
0.11587 0.031173
0.22728 0.026187
0.1994 0.038308
0.11347 0.031144
0.12058 0.031572
0.23483 0.029791
0.12954 0.033253
0.24265 0.027612
0.19866 0.038553
0.12942 0.033024
0.1262 0.032694
0.24836 0.024884
0.11734 0.03237
0.26075 0.02573
0.22992 0.038238
0.11464 0.032937
0.26907 0.021614
0.095939 0.032062
0.27567 0.026363
0.24285 0.03769
0.094401 0.030974
0.27757 0.030245
0.097435 0.033732
0.28944 0.023446
0.11136 0.033767
0.10843 0.034218
0.29433 0.026821
0.24982 0.038036
0.29411 0.02885
0.26591 0.03702
0.13002 0.039883
0.31273 0.027517
0.2741 0.038609
0.318 0.029978
0.12336 0.035707
0.12742 0.0373
0.12441 0.035852
0.32635 0.030751
0.11375 0.035147
0.34212 0.025961
0.10686 0.035778
0.11371 0.035137
0.10674 0.035815
0.33476 0.030276
0.090528 0.030485
0.33758 0.032849
0.24532 0.039315
0.097957 0.03684
0.082184 0.029389
0.35574 0.02704
0.059592 0.031695
0.36016 0.027217
0.2026 0.038297
0.064571 0.031342
0.048241 0.032329
0.36302 0.027108
0.13028 0.040903
0.35343 0.03979
0.2259 0.040131
0.041979 0.030521
0.032299 0.027589
0.32254 0.037384
0.15044 0.033756
0.36069 0.037759
0.16164 0.035805
0.028198 0.028092
0.026647 0.0311
0.31593 0.036174
0.065686 0.034111
0.37473 0.029374
0.030184 0.036131
0.028058 0.034623
0.030211 0.036227
0.34326 0.039756
0.04656 0.034589
0.21308 0.03958
0.061682 0.038433
0.030304 0.036448
0.030855 0.037624
0.37061 0.037715
0.031023 0.038656
0.36754 0.03909
0.077446 0.032692
0.031502 0.039192
0.37127 0.039435
0.04208 0.035779
0.38032 0.037738
0.07683 0.033641
0.032633 0.039366
0.38016 0.039001
0.034407 0.039512
0.34913 0.040765
0.097905 0.039987
0.036339 0.03961
0.040705 0.039833
0.33373 0.037867
0.12977 0.040753
0.38706 0.027254
0.083525 0.037656
0.11329 0.039565
0.07467 0.038169
0.34085 0.039375
0.38744 0.028453
0.29652 0.035995
0.39382 0.022584
0.39323 0.026814
0.38915 0.034257
0.088049 0.038899
0.39517 0.034237
0.3042 0.036011
0.070854 0.037951
0.06926 0.038033
0.41086 0.032298
0.40598 0.035431
0.39037 0.038837
0.3945 0.036759
0.41724 0.038551
0.41686 0.038637
0.40098 0.038941
0.39459 0.037931
0.40185 0.038952
0.43569 0.039461
0.43593 0.021825
0.44414 0.024361
0.45773 0.02073
0.48272 0.021613
0.41866 0.025291
0.46288 0.023229
0.42625 0.030986
0.42722 0.032971
0.45798 0.030265
0.47643 0.022145
0.45631 0.037619
0.46007 0.038477
0.4688 0.029601
0.47286 0.023623
0.45201 0.038883
0.46373 0.039015
0.4662 0.027357
0.47101 0.027309
0.46436 0.038931
0.4778 0.03807
0.48061 0.025656
0.47918 0.031187
0.47764 0.038126
0.47626 0.026381
0.51515 0.021121
0.50097 0.021102
0.57407 0.020334
0.53882 0.022317
0.55921 0.024938
0.4886 0.021484
0.52285 0.028224
0.49943 0.02365
0.49732 0.024322
0.54545 0.029125
0.55124 0.033298
0.4929 0.024589
0.50561 0.027764
0.51265 0.033246
0.5417 0.034478
0.49421 0.02737
0.50493 0.032317
0.50792 0.036065
0.54235 0.037255
0.50371 0.032411
0.49177 0.02906
0.50484 0.036381
0.48591 0.03711
0.48624 0.027507
0.51367 0.036015
0.58887 0.021112
0.59034 0.026134
0.60936 0.029854
0.68911 0.038237
0.59672 0.035023
0.6496 0.038116
0.59893 0.039645
0.56438 0.033338
0.90239 0.039681
0.57396 0.0341
0.56937 0.03793
0.97014 0.035657
0.96999 0.029066
0.56214 0.039015
0.57878 0.038708
0.91608 0.039237
0.62457 0.03452
0.54674 0.037122
0.48585 0.037122
0.63302 0.037869
0.60073 0.039973
0.61868 0.031101
0.9654 0.038775
0.65907 0.037588
0.92339 0.037346
0.96194 0.025284
0.97422 0.025961
0.96687 0.026952
0.96841 0.027689
0.86575 0.03558
0.61215 0.039746
0.62849 0.028236
0.97553 0.026433
0.65104 0.037072
0.9759 0.026475
0.97586 0.026563
0.97573 0.026303
0.62548 0.025844
0.97512 0.025929
0.77315 0.038969
0.95066 0.039328
0.97506 0.025898
0.76325 0.038328
0.96927 0.024848
0.84524 0.036299
0.96793 0.024747
0.97038 0.024939
0.96489 0.024592
0.649 0.03225
0.95772 0.039364
0.69413 0.039115
0.95554 0.024312
0.96054 0.024417
0.9585 0.024375
0.64927 0.028394
0.93626 0.038282
0.66298 0.034103
0.89705 0.038765
0.95091 0.024414
0.66762 0.039268
0.86301 0.036461
0.7131 0.039867
0.93302 0.025206
0.93079 0.023974
0.93388 0.025276
0.67357 0.039674
0.94193 0.026448
0.673 0.036901
0.94587 0.027565
0.94457 0.027002
0.94582 0.027538
0.67371 0.036485
0.95019 0.029361
0.68476 0.037381
0.82343 0.037137
0.94937 0.029057
0.9545 0.032835
0.68597 0.035504
0.79119 0.037265
0.68309 0.030793
0.9382 0.035058
0.94902 0.034486
0.94052 0.03563
0.6882 0.029289
0.7308 0.039272
0.68995 0.023466
0.72542 0.03871
0.9252 0.03407
0.92305 0.034
0.69797 0.027188
0.91968 0.034271
0.70711 0.026608
0.73431 0.039769
0.91757 0.034273
0.91402 0.034272
0.71902 0.037514
0.74915 0.039016
0.71738 0.024434
0.80316 0.03807
0.90893 0.033377
0.91174 0.033575
0.7334 0.033649
0.91102 0.033345
0.74653 0.035446
0.77216 0.037748
0.91121 0.033403
0.91027 0.032908
0.7331 0.02673
0.80177 0.037498
0.74403 0.026402
0.7711 0.035602
0.90618 0.032259
0.7602 0.030033
0.78703 0.037925
0.75159 0.025489
0.78423 0.037351
0.88319 0.037801
0.87247 0.037807
0.76537 0.027308
0.79393 0.033822
0.77353 0.026657
0.81313 0.038022
0.86967 0.036908
0.87086 0.037758
0.78067 0.028666
0.87272 0.037774
0.80704 0.033541
0.81208 0.03798
0.87415 0.03772
0.88255 0.037487
0.80806 0.031849
0.83868 0.033582
0.81324 0.031828
0.83011 0.029325
0.8791 0.035401
0.87546 0.034089
0.81114 0.026753
0.8352 0.030583
0.81964 0.022787
0.85215 0.029555
0.87259 0.031772
0.87308 0.029478
0.83625 0.024138
0.85814 0.027417
0.84594 0.022806
0.87616 0.024717
0.87308 0.027387
0.87346 0.026307
0.86546 0.022037
0.88333 0.023536
0.94916 0.020346
0.94865 0.022136
