348
0.063851 0.020875
0.04351 0.024094
0.11309 0.02055
0.064729 0.025218
0.030337 0.024414
0.065409 0.025268
0.13465 0.02107
0.142 0.022901
0.16827 0.021823
0.10022 0.028045
0.096167 0.027038
0.10063 0.028211
0.18294 0.025137
0.1722 0.026959
0.18655 0.028193
0.11778 0.027644
0.10838 0.027911
0.11628 0.027554
0.19249 0.031058
0.12114 0.028627
0.19761 0.029381
0.17356 0.040247
0.11987 0.028869
0.11303 0.029641
0.1942 0.033631
0.11315 0.030176
0.21743 0.025917
0.18725 0.039108
0.11055 0.030311
0.11871 0.030531
0.22541 0.02972
0.12848 0.032815
0.23295 0.027552
0.18657 0.039736
0.12837 0.032596
0.12503 0.031916
0.23951 0.025472
0.11481 0.031295
0.24867 0.027755
0.22374 0.037978
0.1116 0.031721
0.25494 0.021917
0.091921 0.032106
0.26046 0.026915
0.23477 0.037626
0.09082 0.031115
0.26144 0.03096
0.093249 0.03362
0.27459 0.023776
0.1081 0.032846
0.10508 0.033315
0.27866 0.027918
0.24124 0.040326
0.27795 0.030174
0.24901 0.043025
0.12855 0.038822
0.29314 0.029117
0.25356 0.042068
0.29683 0.031444
0.12165 0.034149
0.12613 0.036334
0.12305 0.034461
0.30391 0.031722
0.11037 0.033884
0.3202 0.026181
0.10326 0.034947
0.11033 0.033885
0.10313 0.034994
0.31256 0.030625
0.087414 0.030728
0.31479 0.033005
0.23778 0.04104
0.093354 0.036474
0.079533 0.03027
0.33302 0.027726
0.060454 0.031991
0.33731 0.027089
0.19061 0.03958
0.064224 0.032051
0.048914 0.031768
0.34 0.026788
0.12874 0.041377
0.33181 0.041008
0.22013 0.039781
0.041368 0.030533
0.031722 0.027897
0.29592 0.039243
0.14021 0.039774
0.3393 0.036397
0.15022 0.037363
0.027813 0.028486
0.026467 0.031646
0.28947 0.03877
0.065445 0.035073
0.35382 0.02856
0.031753 0.036637
0.028819 0.03531
0.031824 0.036727
0.32008 0.039657
0.048655 0.033836
0.20282 0.03819
0.063633 0.039061
0.032026 0.036928
0.033215 0.037991
0.35172 0.036021
0.033916 0.038962
0.34837 0.03657
0.074704 0.033859
0.034874 0.0396
0.35309 0.037903
0.045227 0.03524
0.35999 0.037575
0.074002 0.034919
0.036516 0.039694
0.3601 0.0404
0.039172 0.039555
0.32731 0.041537
0.092738 0.039616
0.041843 0.039402
0.047019 0.039628
0.30799 0.039088
0.12831 0.041465
0.36529 0.027485
0.077658 0.03876
0.10927 0.038899
0.071762 0.04049
0.31686 0.039603
0.36562 0.028714
0.27442 0.039615
0.37249 0.022633
0.37186 0.026944
0.36679 0.034546
0.08198 0.040751
0.37327 0.034019
0.27974 0.039664
0.069245 0.040785
0.068214 0.040814
0.38857 0.033005
0.38367 0.035813
0.36754 0.039422
0.37235 0.036375
0.39368 0.040071
0.39339 0.040362
0.37849 0.040064
0.37232 0.037395
0.37932 0.040315
0.40899 0.039973
0.41104 0.021824
0.42044 0.023702
0.43698 0.020585
0.46656 0.021427
0.39588 0.025986
0.44292 0.022653
0.40212 0.032587
0.40275 0.034413
0.43722 0.028215
0.4597 0.021768
0.43363 0.034166
0.43786 0.034695
0.45023 0.02817
0.4553 0.022988
0.42825 0.036897
0.44086 0.035285
0.44702 0.026099
0.45304 0.026171
0.44152 0.035166
0.45721 0.034641
0.46413 0.0249
0.4619 0.029463
0.45696 0.034721
0.45948 0.025249
0.50219 0.021126
0.48609 0.021011
0.55697 0.020342
0.5222 0.022564
0.5412 0.024842
0.47348 0.021406
0.50864 0.029227
0.48449 0.023375
0.48229 0.024022
0.52854 0.030078
0.53294 0.033692
0.47787 0.024233
0.49116 0.027203
0.49728 0.032504
0.52237 0.03579
0.47917 0.026767
0.48873 0.03125
0.49034 0.034786
0.52171 0.039157
0.48732 0.031279
0.47639 0.028432
0.48665 0.035045
0.46658 0.035179
0.4711 0.026982
0.49745 0.035504
0.5713 0.021153
0.57285 0.02633
0.59484 0.02749
0.67623 0.039434
0.57772 0.033415
0.64328 0.039912
0.57753 0.036994
0.54702 0.03295
0.90224 0.038434
0.55611 0.034121
0.55187 0.036564
0.97113 0.036581
0.97071 0.02963
0.54338 0.038307
0.56141 0.037917
0.91813 0.039523
0.61579 0.033983
0.52687 0.038677
0.46646 0.035172
0.62466 0.036696
0.57865 0.037251
0.60792 0.029239
0.96657 0.039529
0.64851 0.039443
0.92427 0.038417
0.96305 0.025378
0.97457 0.026349
0.96767 0.027331
0.96911 0.028173
0.85775 0.042152
0.59769 0.034661
0.61764 0.02839
0.97581 0.02685
0.64373 0.03847
0.97615 0.026895
0.97611 0.02699
0.97599 0.026712
0.61496 0.025715
0.97542 0.026314
0.76156 0.036824
0.95165 0.039398
0.97536 0.026281
0.75185 0.038135
0.96993 0.025147
0.8356 0.039575
0.96867 0.025043
0.97096 0.025257
0.96582 0.024774
0.64028 0.032795
0.95964 0.039216
0.68045 0.039323
0.95688 0.024184
0.96168 0.024448
0.95972 0.024341
0.63913 0.028644
0.93445 0.038988
0.65122 0.034809
0.89601 0.03944
0.95174 0.024137
0.65633 0.038565
0.8525 0.042017
0.69919 0.039137
0.93297 0.025501
0.93098 0.024299
0.93374 0.025525
0.66349 0.039564
0.94175 0.026184
0.66248 0.036655
0.94614 0.026925
0.94469 0.02651
0.94608 0.026904
0.66301 0.036357
0.95103 0.028784
0.67311 0.0384
0.8153 0.038771
0.95004 0.028463
0.95592 0.032226
0.67372 0.036411
0.78356 0.036969
0.67113 0.031723
0.93716 0.034821
0.94957 0.033386
0.93975 0.035001
0.67513 0.029968
0.71705 0.038528
0.67663 0.023773
0.71053 0.038665
0.92587 0.035227
0.92415 0.03471
0.68439 0.026977
0.92141 0.034319
0.69445 0.026106
0.72143 0.038042
0.91942 0.033983
0.91621 0.033425
0.70589 0.037637
0.73821 0.039093
0.70524 0.024483
0.79432 0.037578
0.91029 0.032013
0.91358 0.032418
0.72111 0.032352
0.91275 0.032099
0.73541 0.035639
0.76034 0.035644
0.91297 0.032179
0.91184 0.031643
0.72126 0.026117
0.79331 0.037306
0.73294 0.026492
0.75923 0.033799
0.90685 0.031142
0.74811 0.030188
0.77937 0.035993
0.7399 0.025818
0.77579 0.034975
0.88388 0.041706
0.87486 0.042803
0.7534 0.027234
0.78522 0.033771
0.76209 0.025924
0.80595 0.038476
0.86837 0.042272
0.87204 0.04296
0.77082 0.027353
0.8751 0.042597
0.79754 0.032924
0.80428 0.037939
0.87648 0.042181
0.88336 0.040816
0.79858 0.031598
0.82849 0.033952
0.80473 0.032447
0.81909 0.030824
0.8807 0.03884
0.8782 0.037565
0.80198 0.027134
0.82452 0.03118
0.81028 0.023098
0.83937 0.031354
0.8756 0.035215
0.87641 0.032315
0.82484 0.024378
0.84407 0.029324
0.83384 0.023192
0.87967 0.026042
0.8767 0.029614
0.87724 0.028171
0.85427 0.02294
0.88515 0.02447
0.94979 0.020322
0.94922 0.021985
