348
0.066078 0.020775
0.045449 0.024101
0.11635 0.020574
0.067118 0.024575
0.031511 0.023994
0.067924 0.024582
0.13949 0.021049
0.1465 0.023114
0.17059 0.021798
0.10477 0.028535
0.10087 0.027301
0.10513 0.028729
0.18528 0.02538
0.17462 0.026871
0.1886 0.028745
0.12063 0.027606
0.11211 0.028631
0.11923 0.027633
0.19419 0.032178
0.12433 0.028267
0.19879 0.030519
0.17712 0.040163
0.12291 0.028623
0.11627 0.030073
0.1959 0.03511
0.11632 0.03062
0.21582 0.026535
0.19036 0.040521
0.11398 0.031048
0.12152 0.030377
0.22332 0.030017
0.13266 0.031612
0.23105 0.027218
0.18985 0.041156
0.13252 0.031402
0.12866 0.030925
0.23777 0.024928
0.11767 0.031593
0.24879 0.026382
0.2198 0.038957
0.1148 0.032425
0.25651 0.021686
0.096865 0.032269
0.26281 0.026616
0.23122 0.036645
0.095621 0.031193
0.26388 0.030641
0.098394 0.033913
0.27595 0.02391
0.1117 0.034028
0.10913 0.034508
0.27974 0.028004
0.23734 0.038163
0.27902 0.03033
0.24927 0.039389
0.13298 0.037085
0.29498 0.028946
0.25674 0.039443
0.2991 0.031569
0.12451 0.033497
0.12989 0.034786
0.12618 0.033572
0.30571 0.032488
0.11357 0.034897
0.32022 0.026076
0.10764 0.036138
0.11354 0.034904
0.10753 0.036179
0.31325 0.031462
0.092137 0.030662
0.3149 0.033692
0.23349 0.03957
0.09886 0.03685
0.08416 0.029645
0.335 0.027028
0.06189 0.031055
0.33997 0.026907
0.19326 0.041572
0.066484 0.030628
0.050588 0.032219
0.34275 0.026895
0.13337 0.039768
0.33404 0.038869
0.21639 0.041727
0.043416 0.030387
0.033054 0.027224
0.29906 0.03938
0.14642 0.041142
0.34328 0.036643
0.15391 0.039981
0.028701 0.02762
0.027234 0.030458
0.29128 0.037904
0.067918 0.033103
0.35469 0.029227
0.033501 0.035241
0.030051 0.033748
0.03359 0.035332
0.31807 0.039613
0.050301 0.034376
0.20319 0.0408
0.065379 0.036944
0.033837 0.035542
0.035298 0.03668
0.35235 0.037924
0.036198 0.037684
0.34993 0.038916
0.079485 0.032497
0.037379 0.038423
0.35317 0.039652
0.047206 0.035465
0.35822 0.037427
0.078781 0.033373
0.039324 0.03876
0.35767 0.040461
0.042111 0.039019
0.32731 0.039569
0.098645 0.040009
0.044401 0.03923
0.048805 0.04018
0.30915 0.041061
0.13278 0.039787
0.36644 0.026606
0.083706 0.037459
0.11236 0.040559
0.076627 0.038039
0.31564 0.04032
0.36684 0.027641
0.27539 0.040436
0.37521 0.022219
0.37445 0.02582
0.36775 0.032518
0.088297 0.040123
0.37625 0.031903
0.27956 0.039888
0.073135 0.037862
0.0717 0.03775
0.39306 0.0325
0.3883 0.034641
0.36812 0.036523
0.37503 0.033797
0.39781 0.039239
0.39753 0.039629
0.38356 0.0379
0.37498 0.034657
0.38447 0.038265
0.41382 0.038524
0.41685 0.021711
0.42672 0.023647
0.44293 0.020602
0.47128 0.021497
0.40065 0.025702
0.44865 0.02275
0.4069 0.031838
0.40739 0.033538
0.44316 0.028466
0.46474 0.02185
0.4396 0.034544
0.44377 0.035154
0.45567 0.028517
0.46053 0.023122
0.43422 0.037229
0.44666 0.035809
0.45258 0.026346
0.45836 0.02644
0.4473 0.035697
0.46237 0.035306
0.46896 0.025137
0.46685 0.029911
0.46213 0.035388
0.46454 0.025492
0.50535 0.021175
0.48993 0.021056
0.55836 0.020358
0.5246 0.022642
0.54312 0.024991
0.47787 0.021474
0.51153 0.029616
0.48839 0.023528
0.48629 0.024206
0.53079 0.03033
0.53509 0.034057
0.48205 0.024433
0.49478 0.02752
0.50064 0.033047
0.52477 0.036267
0.4833 0.027083
0.49245 0.031748
0.49399 0.035437
0.52413 0.039747
0.4911 0.031782
0.48064 0.028832
0.49046 0.035717
0.4713 0.035926
0.4756 0.027324
0.5008 0.036178
0.57186 0.021234
0.57331 0.026798
0.59338 0.028245
0.67554 0.039076
0.57788 0.03454
0.64047 0.039081
0.5777 0.038411
0.54875 0.033385
0.89994 0.037166
0.55753 0.034766
0.55343 0.037209
0.96706 0.032691
0.96764 0.027353
0.54523 0.038889
0.5626 0.038888
0.91517 0.039715
0.61281 0.034739
0.52916 0.039167
0.47118 0.035918
0.62135 0.037226
0.57874 0.038729
0.60543 0.029911
0.95895 0.036653
0.64645 0.038154
0.92098 0.038759
0.95764 0.024812
0.97278 0.024773
0.96361 0.025955
0.96552 0.026441
0.8399 0.040237
0.59595 0.036049
0.61455 0.028805
0.97442 0.025151
0.64088 0.037666
0.97488 0.025184
0.97483 0.025255
0.97467 0.025047
0.61203 0.026036
0.97391 0.024748
0.75984 0.037504
0.94551 0.040833
0.97383 0.024723
0.74948 0.037768
0.9666 0.023988
0.82061 0.041728
0.96492 0.024012
0.96798 0.023998
0.96113 0.024032
0.6368 0.032458
0.95162 0.038802
0.67966 0.039212
0.95162 0.024188
0.95616 0.024088
0.95425 0.024135
0.63554 0.028464
0.93089 0.039618
0.64896 0.033777
0.89284 0.037058
0.94686 0.024417
0.65534 0.037445
0.83444 0.041791
0.69733 0.04018
0.929 0.025664
0.92707 0.024424
0.92975 0.025696
0.66314 0.038646
0.93752 0.026491
0.6616 0.03585
0.94168 0.027341
0.94034 0.026879
0.94163 0.027318
0.66207 0.035584
0.9462 0.029396
0.67239 0.037882
0.80396 0.042622
0.94529 0.02905
0.95019 0.03251
0.67275 0.035967
0.77919 0.040284
0.66958 0.031301
0.93332 0.0354
0.94449 0.034283
0.93584 0.035679
0.6735 0.029723
0.71298 0.039587
0.67505 0.023699
0.70728 0.040212
0.92238 0.035549
0.92068 0.03498
0.68292 0.027024
0.918 0.034517
0.69265 0.026367
0.7169 0.038674
0.91604 0.03413
0.91286 0.033496
0.70328 0.038896
0.73466 0.03869
0.70289 0.024796
0.78748 0.041809
0.90689 0.031962
0.91019 0.032429
0.71725 0.032793
0.90934 0.032095
0.73179 0.035316
0.75839 0.036145
0.90956 0.032179
0.90839 0.031625
0.71768 0.026328
0.7867 0.041495
0.72951 0.026363
0.75693 0.034131
0.90334 0.030758
0.74501 0.029956
0.77585 0.038662
0.7366 0.025694
0.77247 0.037092
0.87698 0.037743
0.86386 0.038052
0.75043 0.027137
0.78016 0.036603
0.75925 0.026162
0.79645 0.042636
0.85398 0.037764
0.85966 0.038105
0.7672 0.028062
0.86424 0.037885
0.78978 0.035953
0.79513 0.041997
0.86633 0.037684
0.87625 0.036916
0.79056 0.034298
0.81507 0.035892
0.79548 0.03523
0.80728 0.032837
0.87261 0.035177
0.86923 0.034049
0.79324 0.02876
0.81181 0.032959
0.80005 0.023764
0.82495 0.032185
0.86596 0.03201
0.86735 0.029782
0.81219 0.025067
0.82961 0.029591
0.82019 0.02354
0.87155 0.024855
0.86781 0.02765
0.86849 0.026518
0.84011 0.022682
0.87835 0.023644
0.94506 0.020345
0.94453 0.022119
