348
0.069456 0.020721
0.047038 0.023744
0.1282 0.020561
0.070569 0.02426
0.03198 0.023795
0.071431 0.02427
0.15183 0.020971
0.15973 0.022909
0.18408 0.02183
0.11588 0.027596
0.1112 0.026207
0.11631 0.027802
0.19929 0.024709
0.18801 0.026921
0.2034 0.027411
0.13269 0.027402
0.12373 0.028048
0.13118 0.027419
0.21005 0.030336
0.13614 0.028084
0.21547 0.029129
0.19074 0.039297
0.13484 0.028417
0.12824 0.029845
0.21225 0.032874
0.12839 0.030378
0.23509 0.0255
0.20523 0.037722
0.12601 0.030643
0.13367 0.030116
0.24415 0.028449
0.14486 0.031396
0.25294 0.026618
0.2045 0.037909
0.14469 0.031197
0.14054 0.030711
0.2601 0.024497
0.12996 0.031268
0.27217 0.026199
0.24048 0.035765
0.12715 0.032158
0.27962 0.021721
0.10685 0.030037
0.28583 0.026498
0.25508 0.035332
0.10517 0.029007
0.28747 0.030501
0.10889 0.03157
0.29938 0.023756
0.12407 0.03307
0.12133 0.033314
0.30347 0.027736
0.26279 0.036891
0.30311 0.029993
0.27608 0.038227
0.14578 0.036947
0.32029 0.028251
0.28304 0.03899
0.32466 0.030597
0.13673 0.033268
0.14223 0.034593
0.13818 0.033358
0.3317 0.031532
0.1263 0.034345
0.34845 0.025271
0.11998 0.034814
0.12626 0.034342
0.11987 0.034848
0.34006 0.03015
0.10049 0.028447
0.34223 0.032166
0.25861 0.037476
0.1097 0.034143
0.089821 0.027671
0.3654 0.026088
0.064485 0.030317
0.37063 0.026163
0.2089 0.038326
0.069433 0.029953
0.051997 0.030973
0.37345 0.02627
0.14632 0.038644
0.36303 0.036659
0.23539 0.037521
0.044646 0.029541
0.033586 0.026837
0.32643 0.038232
0.16162 0.039652
0.37215 0.035243
0.16886 0.039192
0.029055 0.027322
0.027406 0.030049
0.3211 0.037284
0.070412 0.03239
0.38659 0.028147
0.032461 0.034443
0.029585 0.033221
0.032517 0.034527
0.34744 0.037139
0.050992 0.032902
0.22067 0.038654
0.066967 0.036188
0.032685 0.034719
0.03367 0.035752
0.3834 0.035664
0.034155 0.036658
0.38014 0.036881
0.083102 0.030544
0.034955 0.037212
0.38429 0.037342
0.046859 0.034143
0.39289 0.035827
0.082088 0.031376
0.036521 0.037392
0.39282 0.037583
0.038991 0.037511
0.356 0.036888
0.10973 0.036718
0.041779 0.037579
0.047192 0.037935
0.33603 0.037794
0.14569 0.038591
0.4003 0.026408
0.087967 0.0341
0.12594 0.038735
0.078479 0.035371
0.34401 0.037753
0.4007 0.027459
0.30418 0.038831
0.40807 0.022351
0.40741 0.026216
0.40245 0.032539
0.094599 0.034934
0.40993 0.032651
0.31058 0.037478
0.074778 0.035834
0.073289 0.035902
0.42666 0.031077
0.42183 0.033741
0.4039 0.036537
0.40928 0.034817
0.43367 0.03661
0.43333 0.036706
0.41722 0.03699
0.40947 0.03578
0.41804 0.037003
0.45289 0.038875
0.45328 0.021783
0.46206 0.024218
0.47592 0.020655
0.50166 0.021789
0.4354 0.024887
0.48169 0.022874
0.44362 0.030626
0.44453 0.032422
0.47617 0.029188
0.49607 0.022231
0.47439 0.036082
0.47905 0.036104
0.48875 0.029229
0.49287 0.023623
0.46985 0.038926
0.4839 0.036888
0.48581 0.026831
0.49106 0.027182
0.48469 0.036871
0.49837 0.038978
0.49975 0.026168
0.49875 0.032013
0.49826 0.039034
0.49591 0.026622
0.52985 0.02137
0.51797 0.021276
0.58397 0.020351
0.54911 0.022563
0.56858 0.024909
0.50706 0.021669
0.53583 0.030264
0.51661 0.024238
0.51476 0.025001
0.55576 0.029749
0.56118 0.033867
0.51082 0.025178
0.52177 0.029136
0.52662 0.0358
0.55218 0.035617
0.512 0.028355
0.52068 0.034352
0.52246 0.038892
0.55288 0.03864
0.51974 0.034386
0.50969 0.030204
0.52024 0.039198
0.50491 0.039127
0.50504 0.028393
0.52707 0.039409
0.59707 0.021222
0.59841 0.026652
0.61886 0.028828
0.69352 0.039499
0.60338 0.034447
0.6592 0.039818
0.60421 0.038414
0.57384 0.033148
0.90139 0.038707
0.58373 0.034595
0.57971 0.037568
0.96939 0.035404
0.96988 0.028941
0.57188 0.038693
0.58849 0.039395
0.91657 0.039457
0.63594 0.036769
0.55724 0.037992
0.50485 0.03914
0.64362 0.039888
0.60587 0.038699
0.62928 0.031302
0.96338 0.03813
0.66569 0.037792
0.92319 0.038455
0.96174 0.025125
0.97416 0.025894
0.96672 0.026834
0.96827 0.027589
0.86413 0.036811
0.62256 0.037934
0.6376 0.030006
0.97548 0.02636
0.65988 0.038085
0.97585 0.026401
0.97581 0.026489
0.97568 0.026231
0.63516 0.026867
0.97507 0.025862
0.77742 0.039441
0.94794 0.039071
0.975 0.025831
0.76955 0.040308
0.96915 0.024785
0.84593 0.039146
0.96779 0.024679
0.97027 0.024881
0.96472 0.02449
0.65659 0.033213
0.95503 0.038522
0.6973 0.039071
0.95512 0.024109
0.96027 0.024267
0.95821 0.024203
0.65564 0.029038
0.93356 0.039133
0.66882 0.03375
0.89508 0.038552
0.95016 0.024158
0.67509 0.038242
0.86114 0.037983
0.72042 0.038519
0.93185 0.025586
0.9299 0.024351
0.93261 0.025618
0.68194 0.039802
0.94051 0.026369
0.681 0.036728
0.94475 0.027186
0.94335 0.026737
0.94469 0.027164
0.68146 0.036489
0.94943 0.028861
0.69073 0.039197
0.8265 0.037692
0.94851 0.028578
0.95334 0.032111
0.69138 0.037005
0.79561 0.03673
0.68908 0.032262
0.93599 0.0352
0.94724 0.033611
0.9382 0.035465
0.69301 0.03009
0.73772 0.039283
0.6944 0.023726
0.73146 0.038885
0.92475 0.035231
0.92303 0.034823
0.70216 0.026612
0.9203 0.034624
0.71349 0.025595
0.7417 0.038996
0.91818 0.034319
0.91477 0.033801
0.72694 0.037487
0.7571 0.040427
0.72482 0.024404
0.80555 0.038244
0.909 0.032434
0.91214 0.032808
0.74078 0.032953
0.91132 0.032494
0.75415 0.036528
0.77634 0.03804
0.91153 0.032573
0.91046 0.032052
0.74064 0.026409
0.80462 0.03783
0.75142 0.026942
0.77532 0.035872
0.90587 0.0316
0.76573 0.031416
0.79139 0.036767
0.75799 0.02628
0.78836 0.036394
0.88063 0.038577
0.86993 0.038754
0.7701 0.02811
0.79823 0.033681
0.77781 0.026758
0.81578 0.037983
0.86758 0.037428
0.86842 0.038632
0.78539 0.028232
0.87019 0.038617
0.81047 0.033227
0.81465 0.037642
0.87158 0.038383
0.88004 0.03806
0.81195 0.03166
0.84192 0.034624
0.81738 0.031734
0.83434 0.029942
0.87695 0.035901
0.87416 0.034572
0.81577 0.02674
0.83938 0.031496
0.82473 0.022808
0.85398 0.031116
0.87205 0.032247
0.87315 0.029915
0.84075 0.024534
0.85921 0.028399
0.8489 0.023291
0.87621 0.024941
0.87329 0.027736
0.87367 0.026606
0.866 0.022226
0.88305 0.023708
0.94828 0.020327
0.94773 0.022018
