348
0.077411 0.020712
0.053311 0.023217
0.13418 0.020542
0.078644 0.024213
0.035164 0.023044
0.079598 0.024226
0.15814 0.020906
0.16759 0.022507
0.19227 0.021827
0.12159 0.027679
0.11721 0.026418
0.12202 0.027876
0.20767 0.024717
0.19665 0.027025
0.21188 0.027424
0.13887 0.027256
0.12963 0.027859
0.13717 0.027238
0.21846 0.029805
0.14276 0.028006
0.22439 0.028927
0.20092 0.038645
0.14137 0.028316
0.1342 0.029515
0.22019 0.03235
0.13424 0.030049
0.24466 0.025659
0.21376 0.03823
0.13178 0.030241
0.13983 0.02997
0.2529 0.029196
0.15126 0.031457
0.2611 0.027454
0.21304 0.038465
0.1511 0.031242
0.14695 0.030566
0.26674 0.024884
0.13552 0.030998
0.27903 0.02593
0.24725 0.036642
0.13256 0.03178
0.2869 0.021727
0.11318 0.030567
0.29303 0.027107
0.26139 0.037376
0.11156 0.029487
0.29453 0.031594
0.11462 0.032179
0.30473 0.024176
0.12907 0.032879
0.12599 0.033548
0.3087 0.028459
0.26798 0.038239
0.30845 0.030962
0.28306 0.037872
0.1523 0.037435
0.32378 0.028712
0.29023 0.040305
0.32817 0.031179
0.14283 0.033226
0.14851 0.034591
0.14429 0.033246
0.3357 0.031974
0.13116 0.033943
0.35041 0.025782
0.12408 0.03504
0.13112 0.033938
0.12396 0.035066
0.34348 0.030839
0.10708 0.029001
0.34546 0.033199
0.26375 0.039163
0.11466 0.034976
0.097248 0.028264
0.36594 0.026717
0.071601 0.029997
0.37061 0.027235
0.21689 0.038082
0.077516 0.02983
0.058475 0.030029
0.37321 0.027247
0.15273 0.038298
0.36349 0.03834
0.24243 0.038467
0.050311 0.028038
0.037196 0.025519
0.33055 0.039345
0.17151 0.036367
0.37184 0.037974
0.18088 0.03947
0.031462 0.02579
0.02937 0.027939
0.32462 0.038562
0.078848 0.032251
0.3843 0.029628
0.034866 0.031641
0.03164 0.030465
0.034916 0.031713
0.34962 0.039227
0.056638 0.031677
0.22798 0.038559
0.07416 0.035883
0.035075 0.031881
0.036009 0.032777
0.38054 0.038652
0.036372 0.033546
0.37765 0.040147
0.092017 0.031371
0.037146 0.033977
0.38123 0.040352
0.051243 0.032134
0.3896 0.037808
0.091254 0.032259
0.038849 0.034194
0.38942 0.039055
0.041494 0.034444
0.35771 0.038701
0.11402 0.037712
0.04436 0.034674
0.050186 0.035179
0.34109 0.039245
0.15199 0.038061
0.39667 0.02734
0.09764 0.035593
0.12971 0.038116
0.088554 0.036388
0.34697 0.039423
0.39706 0.028558
0.30854 0.039971
0.40323 0.022646
0.40267 0.02697
0.39871 0.034454
0.10256 0.036469
0.40429 0.034627
0.31443 0.039652
0.084515 0.035785
0.082789 0.035704
0.41964 0.032153
0.41454 0.035384
0.3996 0.039149
0.40352 0.037191
0.4255 0.038512
0.4251 0.03857
0.40944 0.039325
0.40353 0.038397
0.41027 0.039247
0.44358 0.040368
0.44505 0.021917
0.45258 0.024792
0.46496 0.020784
0.48941 0.021734
0.4281 0.025264
0.46992 0.023264
0.43536 0.031156
0.43604 0.033233
0.46507 0.031022
0.48362 0.0222
0.46164 0.039121
0.46591 0.039616
0.4756 0.02972
0.48012 0.023691
0.45725 0.04059
0.47022 0.039121
0.4731 0.0274
0.47821 0.027426
0.47097 0.039021
0.48677 0.038591
0.48747 0.025965
0.48658 0.031631
0.48663 0.038606
0.48346 0.026542
0.51973 0.021303
0.50634 0.021157
0.57282 0.020345
0.53813 0.022696
0.5581 0.024959
0.4948 0.02161
0.52601 0.030237
0.50487 0.023836
0.50286 0.024571
0.54437 0.02982
0.54997 0.033552
0.49881 0.024915
0.51081 0.028279
0.51906 0.03527
0.54028 0.036508
0.49996 0.027865
0.51144 0.033199
0.51558 0.037707
0.54071 0.039475
0.51028 0.033256
0.49799 0.029724
0.51261 0.037517
0.49426 0.038508
0.49264 0.028175
0.52066 0.038533
0.58688 0.021176
0.58829 0.026509
0.60749 0.029538
0.69814 0.03713
0.59451 0.035105
0.65072 0.035229
0.59676 0.039655
0.56347 0.03342
0.90168 0.039417
0.57287 0.034607
0.56853 0.037997
0.97012 0.035626
0.96997 0.029049
0.56146 0.038934
0.57759 0.03955
0.91557 0.038966
0.62288 0.034574
0.54517 0.038411
0.49421 0.038518
0.63173 0.037383
0.599 0.039787
0.61709 0.031131
0.96537 0.03872
0.66174 0.034747
0.92299 0.037102
0.96191 0.025264
0.97421 0.02595
0.96685 0.026934
0.96838 0.027671
0.86512 0.036251
0.61139 0.039351
0.62654 0.028195
0.97553 0.02642
0.6523 0.034596
0.97589 0.026462
0.97585 0.02655
0.97572 0.026291
0.62348 0.025832
0.97511 0.025918
0.78306 0.039346
0.95056 0.039211
0.97505 0.025887
0.77415 0.039687
0.96925 0.024838
0.84672 0.038514
0.96791 0.024735
0.97036 0.024929
0.96486 0.024579
0.64933 0.030305
0.95767 0.039275
0.70415 0.03831
0.95547 0.02429
0.9605 0.024399
0.95845 0.024356
0.64921 0.027054
0.93604 0.038069
0.66568 0.031712
0.89629 0.038519
0.95082 0.024388
0.67227 0.035884
0.86245 0.037339
0.72507 0.038842
0.93275 0.025138
0.93049 0.023919
0.93363 0.02521
0.67989 0.036255
0.94177 0.026387
0.67879 0.03384
0.94575 0.027506
0.94443 0.026943
0.9457 0.027479
0.67966 0.033634
0.95009 0.029303
0.69324 0.035743
0.83041 0.040862
0.94926 0.028998
0.95443 0.032768
0.69414 0.034103
0.80073 0.039426
0.6903 0.029658
0.93802 0.034895
0.94891 0.034391
0.94036 0.035475
0.69525 0.028519
0.74378 0.037892
0.69709 0.023227
0.73711 0.037735
0.92482 0.033872
0.92264 0.033803
0.70569 0.026907
0.91923 0.03407
0.71496 0.026357
0.7483 0.03785
0.91708 0.034071
0.91349 0.03407
0.73056 0.036977
0.76348 0.039363
0.7258 0.024335
0.81141 0.039766
0.90832 0.033193
0.91117 0.033384
0.74423 0.032926
0.91044 0.033156
0.75913 0.035267
0.78188 0.03816
0.91063 0.033214
0.90968 0.032728
0.74187 0.026388
0.80991 0.039296
0.75356 0.025906
0.78057 0.035824
0.90553 0.032092
0.76998 0.030688
0.79705 0.039509
0.76199 0.025441
0.79443 0.038648
0.88224 0.037809
0.87169 0.038155
0.77469 0.027799
0.8026 0.035671
0.78247 0.026811
0.82218 0.040344
0.86896 0.037389
0.87013 0.03818
0.78989 0.029009
0.87194 0.038113
0.81453 0.034851
0.82109 0.040131
0.87334 0.038012
0.88158 0.037516
0.81514 0.032985
0.84095 0.036035
0.82029 0.033225
0.83358 0.031509
0.87817 0.035521
0.87461 0.034289
0.81743 0.027385
0.83783 0.032754
0.82507 0.02326
0.85242 0.030453
0.8718 0.032
0.87227 0.029653
0.83842 0.02496
0.85788 0.027946
0.84676 0.023178
0.87529 0.024778
0.87227 0.027524
0.87264 0.026419
0.86481 0.022127
0.88238 0.023537
0.94906 0.020343
0.94854 0.022122
