348
0.066796 0.020836
0.047515 0.024218
0.11657 0.020589
0.067757 0.02494
0.032943 0.023608
0.068501 0.024951
0.13879 0.021007
0.1466 0.022935
0.17194 0.021706
0.10479 0.02821
0.10037 0.027056
0.1052 0.028394
0.18806 0.024497
0.1762 0.026489
0.19237 0.02714
0.12092 0.027816
0.11224 0.02842
0.11951 0.02782
0.1993 0.0301
0.12412 0.028576
0.20475 0.029013
0.17912 0.038161
0.12292 0.028911
0.1166 0.030345
0.20152 0.032636
0.11674 0.030906
0.22411 0.025784
0.19429 0.037139
0.11438 0.031158
0.12182 0.030693
0.23255 0.028935
0.1322 0.032096
0.24096 0.026863
0.19353 0.037293
0.13204 0.031891
0.12818 0.031459
0.24794 0.024569
0.11827 0.031859
0.26012 0.025924
0.22913 0.03679
0.11543 0.032757
0.26813 0.021612
0.096287 0.031964
0.27475 0.026296
0.24309 0.035825
0.095062 0.030921
0.27654 0.030265
0.097818 0.033499
0.28814 0.024031
0.11235 0.03367
0.10968 0.033888
0.29206 0.028289
0.25068 0.036945
0.29178 0.030702
0.2649 0.037171
0.13301 0.037935
0.30761 0.0285
0.27281 0.038163
0.312 0.030959
0.12459 0.034083
0.1297 0.035623
0.12594 0.034215
0.31886 0.032022
0.11447 0.035033
0.3346 0.025594
0.10825 0.035478
0.11444 0.03503
0.10815 0.035519
0.32664 0.030717
0.091551 0.030727
0.32879 0.032836
0.24658 0.037841
0.098241 0.036365
0.083596 0.029953
0.34962 0.02709
0.062391 0.031976
0.35399 0.027225
0.19812 0.037864
0.066731 0.031543
0.051769 0.032765
0.35661 0.027281
0.13352 0.039695
0.34934 0.038995
0.22439 0.038447
0.045482 0.03048
0.034677 0.026625
0.31392 0.038826
0.14848 0.039676
0.35714 0.037582
0.15575 0.03867
0.029782 0.026778
0.028001 0.029302
0.30851 0.037781
0.067555 0.034361
0.36827 0.028983
0.033812 0.033825
0.030525 0.032253
0.033882 0.033915
0.33435 0.038184
0.050958 0.035011
0.20995 0.0386
0.064322 0.038771
0.034086 0.034128
0.035291 0.035304
0.36706 0.0373
0.035931 0.036283
0.3645 0.038602
0.078768 0.033125
0.036903 0.036991
0.3683 0.039182
0.047628 0.035919
0.37582 0.037882
0.077955 0.034067
0.038722 0.037497
0.37622 0.039986
0.041442 0.038148
0.3428 0.03898
0.097952 0.039351
0.043783 0.038777
0.048082 0.040281
0.32325 0.038687
0.13291 0.039682
0.38061 0.027515
0.082558 0.038085
0.11388 0.039613
0.074965 0.038564
0.33101 0.038763
0.38094 0.028777
0.29336 0.039979
0.3871 0.02295
0.38654 0.02776
0.38307 0.03502
0.087157 0.039841
0.38878 0.035934
0.2985 0.038624
0.071549 0.038665
0.070172 0.038564
0.40151 0.033422
0.39709 0.036923
0.38474 0.040096
0.38846 0.038644
0.408 0.039602
0.40769 0.039825
0.39372 0.041516
0.38864 0.039854
0.39425 0.041521
0.42589 0.040069
0.42496 0.021905
0.43325 0.024457
0.44658 0.020675
0.4714 0.02176
0.40923 0.025718
0.45242 0.022972
0.4161 0.03209
0.41719 0.033974
0.44684 0.029458
0.46588 0.022224
0.44555 0.036595
0.45043 0.036532
0.45878 0.029702
0.46277 0.023768
0.44132 0.039696
0.4542 0.037534
0.456 0.027112
0.46103 0.027571
0.45483 0.037538
0.46665 0.038889
0.4695 0.026098
0.46806 0.031884
0.46654 0.03899
0.46572 0.026604
0.50073 0.021313
0.48823 0.021236
0.55365 0.020315
0.52075 0.022648
0.53772 0.025191
0.47729 0.02163
0.50657 0.029788
0.48691 0.024107
0.48507 0.024862
0.52655 0.030907
0.53125 0.035343
0.48108 0.02505
0.49208 0.028886
0.49716 0.035324
0.52298 0.036606
0.48227 0.028103
0.49059 0.033897
0.49224 0.038387
0.52343 0.04012
0.48962 0.033906
0.47984 0.029976
0.48977 0.038647
0.47337 0.038567
0.47524 0.028203
0.49754 0.038921
0.57005 0.020957
0.57193 0.02522
0.59953 0.026072
0.68824 0.039572
0.57782 0.030885
0.6532 0.03728
0.57759 0.033797
0.54331 0.033158
0.89983 0.037416
0.55285 0.033114
0.54858 0.036038
0.96937 0.035369
0.96986 0.028922
0.54062 0.03922
0.55849 0.036018
0.91568 0.038734
0.62373 0.032444
0.52757 0.040368
0.47328 0.038586
0.63328 0.035236
0.57894 0.033953
0.61492 0.028088
0.96335 0.038055
0.66024 0.036793
0.92255 0.037876
0.9617 0.025102
0.97414 0.025881
0.9667 0.026813
0.96825 0.027569
0.85877 0.035629
0.60316 0.032096
0.626 0.027497
0.97547 0.026346
0.65396 0.036025
0.97585 0.026388
0.9758 0.026475
0.97567 0.026219
0.62292 0.025077
0.97506 0.02585
0.77476 0.03926
0.9478 0.038879
0.97499 0.025819
0.76645 0.039762
0.96913 0.024774
0.83855 0.039896
0.96777 0.024666
0.97025 0.024871
0.96469 0.024474
0.65019 0.031198
0.95495 0.038399
0.69256 0.039149
0.95504 0.024082
0.96023 0.024246
0.95815 0.02418
0.64914 0.027603
0.93319 0.038706
0.66357 0.033258
0.89286 0.036942
0.95003 0.024124
0.66927 0.037811
0.85539 0.036766
0.71249 0.038342
0.93143 0.025453
0.92943 0.02424
0.93221 0.025488
0.67588 0.039578
0.94031 0.026264
0.67515 0.03652
0.94458 0.027094
0.94317 0.026643
0.94453 0.027072
0.67565 0.036268
0.9493 0.028783
0.68516 0.038842
0.82346 0.03983
0.94837 0.028496
0.95325 0.032024
0.68598 0.036781
0.79302 0.03704
0.68383 0.031925
0.93567 0.034892
0.94709 0.033466
0.93795 0.03518
0.68796 0.030076
0.73016 0.038072
0.68944 0.023761
0.72383 0.038154
0.92415 0.034774
0.92238 0.034355
0.69705 0.026804
0.91957 0.034128
0.70781 0.025776
0.73438 0.037605
0.91737 0.033807
0.9138 0.033266
0.71936 0.037013
0.75277 0.038908
0.71906 0.024319
0.80302 0.038496
0.90778 0.031841
0.91106 0.032282
0.73493 0.032061
0.9102 0.031972
0.74978 0.035113
0.77365 0.037831
0.91043 0.03205
0.90931 0.031526
0.73547 0.025975
0.80204 0.038084
0.74753 0.026263
0.77262 0.035655
0.90451 0.030944
0.76286 0.030951
0.78882 0.037087
0.75477 0.025844
0.78581 0.036617
0.87683 0.036981
0.8651 0.037337
0.76738 0.027914
0.79554 0.03392
0.77527 0.026701
0.81351 0.038656
0.86256 0.036149
0.86345 0.037249
0.78284 0.028293
0.86538 0.037207
0.80773 0.033383
0.81232 0.038147
0.86692 0.036964
0.87619 0.036518
0.8091 0.031781
0.83551 0.035823
0.81456 0.032308
0.82949 0.031593
0.87284 0.034592
0.86981 0.033412
0.81275 0.026983
0.83364 0.032748
0.82132 0.023106
0.84811 0.030529
0.86756 0.031296
0.86879 0.029132
0.83494 0.024958
0.85373 0.027848
0.8428 0.023298
0.8721 0.024538
0.86894 0.027125
0.86935 0.026082
0.86105 0.022066
0.87956 0.023381
0.94814 0.020324
0.94758 0.021997
