348
0.066691 0.02087
0.046594 0.023903
0.11633 0.020552
0.067644 0.025168
0.03191 0.023839
0.068381 0.025202
0.14109 0.020816
0.15095 0.022612
0.17683 0.021665
0.10313 0.027937
0.098669 0.027119
0.10357 0.028085
0.19237 0.024762
0.18131 0.026606
0.1965 0.027469
0.12052 0.027334
0.1115 0.027897
0.11919 0.027328
0.20303 0.029575
0.1237 0.028029
0.20937 0.028569
0.1841 0.038548
0.12247 0.028376
0.11647 0.029689
0.20471 0.031901
0.11665 0.030215
0.22942 0.025545
0.19746 0.037628
0.11407 0.030471
0.12141 0.030044
0.23855 0.028202
0.13249 0.030134
0.24801 0.026738
0.19664 0.038045
0.13235 0.029985
0.12808 0.03029
0.25448 0.02468
0.11819 0.031105
0.26617 0.02611
0.23194 0.035763
0.11526 0.031972
0.27383 0.021689
0.095226 0.032398
0.28029 0.026425
0.24852 0.035765
0.093966 0.03142
0.28198 0.030471
0.096412 0.033929
0.29339 0.023897
0.11171 0.032861
0.10853 0.033027
0.29742 0.028114
0.25566 0.037575
0.29716 0.030492
0.26979 0.037949
0.13237 0.035084
0.31341 0.028325
0.27768 0.038974
0.31795 0.030696
0.12387 0.033164
0.12918 0.033807
0.12526 0.033118
0.32564 0.031452
0.11423 0.034139
0.34131 0.025913
0.10681 0.034603
0.11419 0.034136
0.10669 0.03465
0.33372 0.030483
0.090463 0.031383
0.33617 0.032969
0.25159 0.037985
0.096479 0.036983
0.082793 0.030218
0.35522 0.027168
0.062431 0.032055
0.35951 0.027235
0.20074 0.037259
0.066671 0.032007
0.05137 0.031812
0.36207 0.02726
0.13261 0.036133
0.3528 0.039875
0.22664 0.037896
0.044289 0.029869
0.033506 0.026935
0.3205 0.038246
0.15163 0.037894
0.35959 0.038107
0.15823 0.038578
0.029002 0.027368
0.027363 0.030108
0.31427 0.037398
0.067506 0.035021
0.37378 0.029113
0.032388 0.034622
0.029529 0.033316
0.032444 0.034708
0.34161 0.039046
0.050402 0.033796
0.21306 0.03775
0.064544 0.03925
0.03261 0.034907
0.03359 0.035981
0.3687 0.037731
0.034072 0.036915
0.36592 0.039258
0.077546 0.033656
0.034867 0.037502
0.36896 0.039464
0.046421 0.034728
0.37803 0.036909
0.076734 0.034633
0.036424 0.037735
0.37758 0.038143
0.03884 0.037934
0.34796 0.03985
0.095945 0.040288
0.041528 0.038091
0.046742 0.038711
0.33145 0.038226
0.13195 0.036282
0.38678 0.026513
0.081157 0.038679
0.11366 0.038386
0.073828 0.039343
0.33873 0.03905
0.38719 0.027586
0.29816 0.039597
0.39485 0.022335
0.3942 0.026142
0.38857 0.032699
0.085735 0.040181
0.39617 0.03293
0.30365 0.038392
0.070999 0.039592
0.06985 0.039544
0.41208 0.033011
0.40734 0.03563
0.38948 0.036662
0.39522 0.035143
0.41675 0.039706
0.41644 0.039831
0.40271 0.038421
0.39524 0.036198
0.40348 0.038581
0.43424 0.037949
0.43661 0.021669
0.4461 0.023993
0.45994 0.020694
0.48737 0.021531
0.4194 0.02566
0.46523 0.023002
0.42632 0.03124
0.42683 0.033109
0.46014 0.029737
0.48047 0.021973
0.45729 0.03689
0.46092 0.037339
0.47207 0.028702
0.47653 0.023257
0.45281 0.038306
0.4647 0.037567
0.46916 0.026743
0.4745 0.026569
0.46547 0.037442
0.48143 0.036702
0.48507 0.025313
0.48347 0.030432
0.48125 0.03674
0.48028 0.025864
0.51903 0.021209
0.50573 0.021137
0.57516 0.02033
0.54067 0.022479
0.56024 0.025015
0.49331 0.02145
0.5261 0.028983
0.50421 0.023742
0.5021 0.024394
0.547 0.029604
0.55253 0.033797
0.49764 0.024586
0.51008 0.02815
0.51667 0.034226
0.54343 0.035381
0.49896 0.027403
0.50944 0.032896
0.51223 0.037006
0.54404 0.038302
0.5083 0.032935
0.4965 0.029011
0.50935 0.037145
0.49035 0.036479
0.49094 0.027249
0.51763 0.03723
0.59011 0.021095
0.59157 0.02603
0.61118 0.029994
0.69431 0.037963
0.59854 0.034601
0.65404 0.036002
0.60121 0.039002
0.56544 0.033355
0.90023 0.038807
0.57505 0.03393
0.57046 0.037684
0.97034 0.03715
0.9709 0.029962
0.56319 0.039157
0.58018 0.038524
0.91791 0.037736
0.62674 0.03466
0.54824 0.037963
0.49029 0.036485
0.63523 0.03686
0.60315 0.039251
0.62035 0.031288
0.96502 0.039798
0.66458 0.035462
0.92608 0.036658
0.9636 0.025525
0.97475 0.026564
0.96808 0.027497
0.96947 0.02837
0.86738 0.037657
0.61557 0.039725
0.62981 0.028098
0.97594 0.027082
0.65559 0.035068
0.97628 0.027129
0.97624 0.027226
0.97612 0.02694
0.62682 0.025904
0.97557 0.026528
0.78036 0.038843
0.95088 0.038764
0.97551 0.026494
0.77029 0.038228
0.97026 0.025309
0.85062 0.037885
0.96904 0.025152
0.97126 0.025436
0.96628 0.024891
0.65259 0.030815
0.95697 0.039264
0.69985 0.037978
0.95719 0.024321
0.9623 0.024577
0.96025 0.024472
0.65251 0.027407
0.93888 0.038389
0.6686 0.032539
0.89451 0.038771
0.95245 0.024296
0.6747 0.037963
0.86515 0.038582
0.72123 0.039365
0.93457 0.025288
0.93237 0.024053
0.93542 0.025352
0.68086 0.039315
0.94323 0.026453
0.68007 0.036482
0.94728 0.027522
0.94594 0.026977
0.94723 0.027495
0.68065 0.036168
0.95171 0.029119
0.69045 0.037726
0.82938 0.037598
0.95087 0.028871
0.95546 0.032685
0.69152 0.035672
0.79918 0.037969
0.68881 0.031174
0.94028 0.035112
0.94992 0.034241
0.94208 0.035616
0.69368 0.02925
0.73895 0.038841
0.69536 0.023404
0.73341 0.038365
0.9274 0.033654
0.92528 0.033423
0.70406 0.026603
0.92201 0.033425
0.71418 0.026262
0.7423 0.039306
0.91935 0.033265
0.91507 0.032986
0.72694 0.037414
0.75626 0.038883
0.72453 0.024397
0.80998 0.039545
0.90911 0.032117
0.91238 0.032181
0.7411 0.03333
0.91155 0.031923
0.75399 0.035301
0.77943 0.03755
0.91177 0.031987
0.91069 0.031537
0.74061 0.026573
0.80875 0.039114
0.75171 0.026335
0.77847 0.035434
0.90596 0.031418
0.76779 0.030046
0.79501 0.038207
0.75931 0.02549
0.79204 0.037423
0.8813 0.039274
0.87254 0.039691
0.77298 0.02726
0.80154 0.034694
0.7813 0.026587
0.81903 0.038964
0.87043 0.038801
0.87129 0.039681
0.78852 0.02865
0.87274 0.039642
0.81335 0.034515
0.81801 0.038928
0.87388 0.039519
0.88077 0.038951
0.81424 0.032693
0.84435 0.034312
0.81899 0.032489
0.83531 0.029688
0.87813 0.036827
0.87555 0.035512
0.817 0.027196
0.8407 0.031096
0.82534 0.022899
0.85606 0.030794
0.87352 0.033068
0.87429 0.030526
0.84153 0.024359
0.86117 0.028413
0.85038 0.023108
0.87712 0.025201
0.87439 0.028204
0.87473 0.026998
0.86759 0.022321
0.88364 0.023836
0.95065 0.020339
0.95013 0.022104
