348
0.077335 0.020712
0.053317 0.023222
0.13494 0.020537
0.078563 0.02421
0.03518 0.023043
0.079513 0.02422
0.159 0.020876
0.16908 0.022338
0.19488 0.021813
0.12219 0.027545
0.11773 0.026287
0.12263 0.027741
0.21015 0.024827
0.19933 0.02703
0.21426 0.027619
0.13968 0.027203
0.13033 0.027765
0.13797 0.02718
0.22068 0.03008
0.14358 0.027964
0.22643 0.029191
0.20357 0.038821
0.1422 0.028267
0.13495 0.029424
0.22236 0.032702
0.13499 0.029953
0.24598 0.025934
0.21609 0.038718
0.13251 0.03013
0.14065 0.029903
0.25379 0.02976
0.1521 0.03137
0.26152 0.028044
0.21539 0.038956
0.15194 0.031163
0.14779 0.030534
0.26666 0.02533
0.13629 0.030899
0.27784 0.026141
0.24832 0.037501
0.1333 0.031657
0.28586 0.021693
0.11359 0.030321
0.29226 0.026919
0.26141 0.038754
0.11193 0.029255
0.29377 0.031376
0.11507 0.031907
0.30397 0.024312
0.12977 0.032721
0.12665 0.033353
0.30772 0.028906
0.26707 0.039938
0.30757 0.03153
0.28082 0.03806
0.15314 0.037236
0.32203 0.029159
0.28861 0.039479
0.32638 0.031735
0.14366 0.033157
0.14935 0.034557
0.14512 0.033187
0.33349 0.032538
0.13188 0.033788
0.34757 0.025925
0.12471 0.034803
0.13184 0.033782
0.12459 0.034827
0.34078 0.031223
0.10733 0.028793
0.34267 0.033629
0.26335 0.04075
0.11511 0.034642
0.097292 0.028147
0.36355 0.026079
0.07155 0.030031
0.36893 0.026295
0.21915 0.038581
0.077439 0.029829
0.058475 0.030053
0.37192 0.026339
0.15357 0.038059
0.35978 0.037046
0.2438 0.039319
0.050321 0.028047
0.037214 0.025518
0.32941 0.040317
0.17331 0.035261
0.36994 0.035639
0.18331 0.038696
0.031474 0.025785
0.02938 0.027931
0.32413 0.03956
0.078765 0.03224
0.38441 0.028726
0.034881 0.031635
0.031652 0.030456
0.034932 0.031707
0.34639 0.039747
0.05664 0.031702
0.22991 0.039124
0.074098 0.035912
0.035091 0.031875
0.036026 0.032772
0.38039 0.036711
0.036389 0.033541
0.37692 0.037875
0.09202 0.031265
0.037164 0.033973
0.38119 0.038272
0.051252 0.03215
0.39049 0.036406
0.091251 0.032153
0.038869 0.034193
0.39033 0.037551
0.041513 0.034447
0.3539 0.038242
0.11446 0.037309
0.044377 0.034681
0.050196 0.035196
0.33863 0.039999
0.15283 0.037875
0.39784 0.02689
0.097686 0.035368
0.13041 0.037901
0.088531 0.036279
0.34396 0.040021
0.39826 0.028041
0.30832 0.040596
0.40477 0.022528
0.40419 0.02665
0.40043 0.033649
0.10269 0.036158
0.40633 0.034018
0.31445 0.040528
0.084462 0.035717
0.082723 0.035653
0.42183 0.032312
0.41711 0.035338
0.40185 0.038136
0.40579 0.036444
0.42776 0.03913
0.42741 0.039167
0.41228 0.038954
0.40593 0.0376
0.41314 0.038944
0.44459 0.039293
0.44667 0.021791
0.45497 0.024442
0.46782 0.020787
0.49142 0.021813
0.42965 0.025481
0.47264 0.023361
0.43658 0.031181
0.43716 0.033209
0.468 0.031074
0.48588 0.022291
0.46531 0.038857
0.46938 0.039858
0.47817 0.030056
0.48253 0.023833
0.46091 0.039707
0.47343 0.039703
0.47574 0.02764
0.4807 0.0277
0.47413 0.039612
0.48903 0.039415
0.48956 0.026232
0.48874 0.032144
0.4889 0.039428
0.48572 0.026813
0.52085 0.02133
0.50775 0.021188
0.57287 0.020353
0.53892 0.022748
0.55847 0.025068
0.49657 0.021674
0.52701 0.030428
0.50631 0.023944
0.50436 0.02471
0.54504 0.030023
0.55052 0.033846
0.5004 0.025087
0.51212 0.028466
0.52019 0.035582
0.54103 0.036835
0.50152 0.02813
0.51274 0.033495
0.51679 0.038086
0.54145 0.039862
0.5116 0.033558
0.49962 0.030073
0.51389 0.037905
0.49612 0.039249
0.49451 0.028518
0.52176 0.038905
0.58668 0.021195
0.58807 0.026605
0.60707 0.029593
0.69853 0.037149
0.5942 0.035287
0.65062 0.03497
0.59642 0.03987
0.56373 0.033717
0.90258 0.040382
0.57292 0.034916
0.56868 0.038398
0.97014 0.035661
0.96999 0.029069
0.56176 0.039352
0.57754 0.039927
0.91607 0.039403
0.62243 0.034511
0.54582 0.038794
0.49607 0.039261
0.63137 0.03721
0.59863 0.039982
0.61663 0.031128
0.9654 0.038771
0.66183 0.034508
0.92333 0.037399
0.96195 0.025281
0.97422 0.025963
0.96688 0.026952
0.96841 0.027689
0.87066 0.038843
0.61095 0.039422
0.62613 0.028139
0.97554 0.026434
0.65223 0.03435
0.9759 0.026476
0.97586 0.026565
0.97573 0.026305
0.62304 0.025804
0.97512 0.025931
0.78556 0.038209
0.95065 0.039296
0.97506 0.0259
0.77634 0.038961
0.96927 0.024849
0.8552 0.039805
0.96793 0.024747
0.97038 0.02494
0.9649 0.024591
0.6492 0.030133
0.95772 0.039345
0.70452 0.038357
0.95553 0.024307
0.96054 0.024414
0.9585 0.024371
0.64908 0.026936
0.93622 0.038246
0.66583 0.031526
0.89758 0.039721
0.9509 0.024407
0.67252 0.035664
0.86868 0.03994
0.72553 0.038454
0.93297 0.025195
0.93074 0.023966
0.93384 0.025265
0.68026 0.036121
0.9419 0.026435
0.67915 0.033715
0.94585 0.027552
0.94455 0.026989
0.9458 0.027524
0.68003 0.03352
0.95018 0.029345
0.69362 0.035741
0.8368 0.038549
0.94936 0.029041
0.9545 0.032819
0.69452 0.034104
0.80382 0.03897
0.69068 0.02965
0.93817 0.035029
0.94901 0.034461
0.94049 0.0356
0.69563 0.028522
0.74486 0.037181
0.69748 0.02323
0.73792 0.037129
0.92514 0.034093
0.92298 0.034046
0.70605 0.026928
0.91962 0.034355
0.71529 0.02633
0.74958 0.037074
0.91753 0.03438
0.91404 0.034417
0.73118 0.036489
0.76538 0.038769
0.72628 0.024241
0.81361 0.039377
0.90901 0.033607
0.91178 0.033737
0.74533 0.032407
0.91107 0.033512
0.76091 0.034733
0.78433 0.037145
0.91126 0.033569
0.91033 0.033082
0.74285 0.026145
0.81228 0.039119
0.75509 0.025667
0.78295 0.034992
0.9063 0.032565
0.77206 0.030404
0.80031 0.038763
0.76386 0.025266
0.79758 0.037734
0.88498 0.039726
0.87622 0.040705
0.77688 0.027502
0.80586 0.035428
0.78503 0.02642
0.82529 0.038278
0.87393 0.040034
0.87497 0.040816
0.79304 0.028405
0.87641 0.040648
0.81737 0.034173
0.82378 0.038287
0.87752 0.040464
0.88438 0.039439
0.8183 0.032317
0.84891 0.036017
0.82396 0.032037
0.84 0.030606
0.88125 0.037405
0.87819 0.036192
0.82117 0.026865
0.84507 0.032313
0.82998 0.022845
0.85868 0.031505
0.8756 0.033716
0.87574 0.031022
0.84511 0.024802
0.86332 0.028925
0.85304 0.023352
0.8783 0.025407
0.8757 0.028591
0.87602 0.027322
0.86925 0.022452
0.88465 0.023918
0.94915 0.020345
0.94864 0.022133
