348
0.027261 0.024419
0.026872 0.043899
0.037201 0.02275
0.032943 0.043925
0.023048 0.043899
0.033166 0.043927
0.041322 0.025112
0.046237 0.032554
0.049843 0.02435
0.051469 0.044156
0.045913 0.044031
0.052635 0.044204
0.060946 0.024239
0.058782 0.032179
0.067526 0.025419
0.069822 0.044955
0.06455 0.044707
0.069078 0.044914
0.080857 0.027461
0.08048 0.045563
0.086898 0.027402
0.090388 0.037224
0.082345 0.045673
0.09 0.046266
0.095478 0.030226
0.1005 0.04744
0.10376 0.026074
0.10713 0.034383
0.095481 0.046864
0.1049 0.048023
0.11565 0.028969
0.11572 0.049962
0.1214 0.027961
0.1233 0.040017
0.1128 0.049393
0.12013 0.050954
0.12595 0.026188
0.12541 0.052733
0.13528 0.027991
0.13428 0.038357
0.12768 0.053515
0.14108 0.021905
0.13498 0.058694
0.14698 0.027856
0.14414 0.039334
0.13645 0.060274
0.15462 0.032643
0.14002 0.06292
0.15838 0.025488
0.14361 0.063457
0.14324 0.063404
0.16577 0.032793
0.15895 0.047179
0.16936 0.036635
0.16494 0.047809
0.14909 0.064382
0.17337 0.033614
0.17039 0.049636
0.17783 0.036695
0.15107 0.070326
0.15097 0.0682
0.15104 0.069837
0.18221 0.037325
0.15098 0.073204
0.18672 0.030184
0.15094 0.074779
0.15098 0.073212
0.15094 0.074812
0.1874 0.039321
0.14738 0.078244
0.19004 0.044232
0.1811 0.062456
0.1495 0.076933
0.1455 0.0791
0.19594 0.029622
0.13595 0.079207
0.2 0.029154
0.18122 0.067338
0.13788 0.079481
0.12887 0.077839
0.20255 0.02938
0.1708 0.078489
0.19914 0.047721
0.18586 0.069961
0.12455 0.077207
0.11562 0.077826
0.19464 0.061504
0.17495 0.079574
0.20525 0.04238
0.17627 0.08004
0.11073 0.079806
0.10811 0.081612
0.19611 0.066716
0.14044 0.085399
0.21075 0.032999
0.1021 0.08713
0.10468 0.084576
0.10187 0.0874
0.20129 0.065295
0.12554 0.083965
0.18803 0.079373
0.1372 0.087988
0.10137 0.088137
0.098888 0.092291
0.21152 0.046005
0.096196 0.096222
0.21003 0.058257
0.14827 0.09118
0.09474 0.10295
0.21124 0.056832
0.11809 0.09051
0.21522 0.043666
0.14831 0.092726
0.096053 0.10721
0.2132 0.061248
0.098172 0.10916
0.20599 0.073225
0.1567 0.093952
0.099841 0.10956
0.10312 0.10791
0.20407 0.075975
0.17213 0.091365
0.221 0.031384
0.14077 0.095621
0.16191 0.094725
0.12232 0.099269
0.20719 0.083779
0.2223 0.033802
0.20065 0.081414
0.23295 0.024692
0.23253 0.033699
0.22847 0.046215
0.13866 0.097638
0.23653 0.042946
0.20184 0.083703
0.12148 0.099138
0.12077 0.099492
0.24777 0.033469
0.24473 0.038733
0.23202 0.062203
0.23553 0.060049
0.25101 0.037709
0.25293 0.038141
0.24783 0.044407
0.2656 0.040671
0.27617 0.040097
0.28075 0.038628
0.2832 0.021027
0.30743 0.021114
0.38264 0.020184
0.4791 0.02129
0.2582 0.023635
0.41107 0.021137
0.27313 0.026813
0.27354 0.027909
0.37227 0.022182
0.47053 0.022859
0.31388 0.025426
0.3395 0.024599
0.39151 0.023266
0.46695 0.023905
0.30527 0.02808
0.3674 0.026329
0.4219 0.024521
0.45347 0.025692
0.37223 0.026705
0.30428 0.032158
0.47515 0.02662
0.42485 0.027877
0.36359 0.02867
0.46971 0.027854
0.60654 0.02032
0.57234 0.02081
0.75776 0.020441
0.7031 0.020955
0.7382 0.02324
0.52474 0.021841
0.65788 0.021987
0.57009 0.022768
0.56461 0.023421
0.70994 0.024375
0.71275 0.02612
0.54828 0.023935
0.58098 0.025147
0.6665 0.023548
0.71021 0.0281
0.55588 0.025544
0.5905 0.026436
0.69187 0.027362
0.68145 0.027428
0.58403 0.027749
0.54124 0.027208
0.63606 0.026174
0.68596 0.030305
0.52232 0.027631
0.64768 0.027659
0.76681 0.021628
0.7682 0.029128
0.777 0.042535
0.79459 0.078268
0.76986 0.042729
0.78575 0.06972
0.76161 0.046425
0.7392 0.028939
0.83915 0.09373
0.74457 0.032028
0.73494 0.032166
0.88422 0.09707
0.88899 0.09841
0.72423 0.031522
0.7296 0.035664
0.84107 0.095003
0.77942 0.076834
0.71915 0.035953
0.70116 0.033551
0.75311 0.055424
0.73582 0.04182
0.78019 0.04991
0.87827 0.094332
0.78854 0.065563
0.84452 0.091867
0.89767 0.097411
0.91358 0.10836
0.89226 0.098854
0.891 0.098832
0.8249 0.090726
0.77605 0.074237
0.78226 0.049992
0.91675 0.11073
0.78757 0.060305
0.91874 0.11097
0.91778 0.11117
0.91907 0.11048
0.78357 0.037979
0.91906 0.10869
0.81069 0.078943
0.86535 0.090821
0.919 0.10854
0.81035 0.077356
0.91286 0.099787
0.82071 0.081069
0.91197 0.098301
0.91373 0.10109
0.91069 0.094915
0.78934 0.049141
0.86915 0.088373
0.79924 0.064327
0.908 0.086409
0.9093 0.0904
0.9088 0.088552
0.79084 0.0395
0.85069 0.085819
0.79395 0.050522
0.84145 0.083057
0.90623 0.084088
0.79612 0.052383
0.82619 0.076596
0.80366 0.0611
0.88663 0.079746
0.89512 0.081204
0.88639 0.079666
0.802 0.053285
0.88448 0.078852
0.80226 0.046541
0.88219 0.077588
0.88329 0.078173
0.88225 0.077618
0.80283 0.045686
0.87755 0.076262
0.80714 0.049179
0.82259 0.066826
0.87835 0.076391
0.86911 0.075746
0.80846 0.045024
0.82061 0.062478
0.80913 0.036413
0.85961 0.074904
0.86369 0.075661
0.86055 0.075138
0.81156 0.033979
0.81965 0.05389
0.81456 0.025292
0.82161 0.051091
0.85575 0.072774
0.856 0.071502
0.81913 0.031059
0.85576 0.070324
0.82448 0.030547
0.82955 0.04709
0.85587 0.069649
0.85626 0.068488
0.82945 0.037705
0.83432 0.045963
0.83238 0.025217
0.83992 0.050143
0.85617 0.06671
0.85905 0.065506
0.83944 0.035746
0.85971 0.064733
0.84475 0.035629
0.8468 0.042238
0.85952 0.064953
0.86136 0.063234
0.8495 0.027263
0.85368 0.044203
0.85796 0.026213
0.85593 0.037853
0.86228 0.061236
0.86584 0.031467
0.86679 0.039181
0.86889 0.024752
0.87396 0.035935
0.86688 0.053956
0.8709 0.052306
0.87648 0.028535
0.8783 0.036487
0.88694 0.02643
0.88734 0.037616
0.87901 0.04997
0.88796 0.04861
0.89446 0.026887
0.89066 0.048265
0.90294 0.030627
0.9008 0.033423
0.89156 0.048154
0.89954 0.04715
0.91209 0.029045
0.91203 0.036143
0.9207 0.029662
0.92064 0.033154
0.91093 0.045791
0.91939 0.04523
0.93159 0.026043
0.92527 0.033097
0.94093 0.023739
0.93972 0.034361
0.92966 0.044723
0.93717 0.044459
0.95002 0.027212
0.94485 0.034851
0.95521 0.02585
0.95995 0.043982
0.94989 0.04408
0.95435 0.044024
0.9645 0.029023
0.96347 0.043956
0.97796 0.024707
0.97527 0.043905
