348
0.077863 0.020628
0.051698 0.023167
0.14104 0.020588
0.079146 0.023712
0.033987 0.023245
0.08014 0.023722
0.16365 0.020942
0.17207 0.022815
0.19533 0.021964
0.12889 0.027516
0.12415 0.026022
0.12933 0.027739
0.20971 0.024938
0.19903 0.027412
0.21362 0.02779
0.14522 0.027888
0.13675 0.028273
0.14381 0.027862
0.21992 0.030897
0.14842 0.028691
0.22513 0.029875
0.19992 0.040615
0.14722 0.029043
0.14107 0.030316
0.2216 0.033595
0.14121 0.030881
0.2431 0.025814
0.21453 0.038652
0.13898 0.031051
0.14612 0.03082
0.25199 0.028594
0.15632 0.031647
0.26061 0.026821
0.21369 0.038837
0.15619 0.031454
0.15243 0.031245
0.26755 0.024505
0.14261 0.031884
0.27992 0.026071
0.24597 0.03646
0.13996 0.032682
0.28745 0.021673
0.11969 0.02956
0.29377 0.02631
0.26121 0.035895
0.11787 0.028515
0.29558 0.030158
0.12178 0.031116
0.30801 0.023619
0.13697 0.033455
0.13425 0.033534
0.31233 0.027663
0.26881 0.036796
0.31205 0.029882
0.28361 0.037696
0.15641 0.037285
0.32835 0.028871
0.29051 0.038471
0.3326 0.031624
0.14866 0.034247
0.15353 0.0352
0.14997 0.034246
0.33948 0.033115
0.13906 0.034908
0.35299 0.026611
0.13286 0.034961
0.13903 0.034903
0.13276 0.034988
0.34618 0.031978
0.11283 0.027819
0.3483 0.034784
0.26437 0.037745
0.12259 0.033634
0.1011 0.026852
0.36596 0.027589
0.072127 0.028925
0.37 0.02755
0.21789 0.039319
0.077835 0.028666
0.057568 0.029326
0.37241 0.02751
0.15669 0.038968
0.36314 0.04119
0.23997 0.038816
0.048867 0.028082
0.035861 0.025838
0.33525 0.040093
0.17312 0.039189
0.36949 0.038829
0.18033 0.039696
0.030572 0.026271
0.028647 0.028607
0.32987 0.038699
0.078965 0.030795
0.38398 0.029305
0.034547 0.032344
0.031191 0.031322
0.034613 0.032415
0.35299 0.041352
0.056378 0.030949
0.22788 0.040442
0.074991 0.034058
0.034809 0.032578
0.035959 0.033451
0.37832 0.038105
0.036525 0.034219
0.37524 0.039794
0.093453 0.029282
0.03746 0.034684
0.37855 0.040061
0.051486 0.031965
0.38858 0.037002
0.092296 0.029999
0.039287 0.03482
0.38818 0.038561
0.042177 0.034895
0.35863 0.041481
0.1226 0.036119
0.045474 0.034922
0.051881 0.035172
0.34433 0.040735
0.1561 0.038997
0.3965 0.026915
0.099007 0.03253
0.13852 0.039436
0.088176 0.033458
0.35042 0.041764
0.3969 0.028054
0.31371 0.038661
0.40398 0.022476
0.40338 0.026514
0.39885 0.033509
0.10639 0.033531
0.40571 0.033714
0.31967 0.038146
0.083961 0.033832
0.082263 0.033879
0.42048 0.032921
0.41632 0.035988
0.40043 0.03775
0.4051 0.036066
0.42602 0.03892
0.42569 0.039102
0.41237 0.039568
0.40525 0.037185
0.41309 0.039652
0.44414 0.038761
0.44582 0.021785
0.45412 0.02448
0.46672 0.020749
0.49174 0.021723
0.42806 0.025366
0.47165 0.023225
0.43561 0.030797
0.43637 0.032663
0.46682 0.03051
0.48561 0.022192
0.4628 0.038455
0.46632 0.038728
0.47802 0.02951
0.48211 0.02359
0.45833 0.040469
0.46997 0.039083
0.4753 0.027327
0.48027 0.027213
0.47075 0.038931
0.48596 0.038602
0.4897 0.025953
0.48816 0.03165
0.48579 0.038645
0.48544 0.026511
0.5204 0.02134
0.50823 0.021251
0.57322 0.020335
0.53944 0.022716
0.55857 0.025068
0.49702 0.021618
0.5268 0.030112
0.50685 0.024125
0.50491 0.024856
0.54532 0.030084
0.55039 0.034002
0.50087 0.025093
0.51222 0.028913
0.51852 0.035695
0.54122 0.036573
0.50204 0.02821
0.51167 0.034125
0.51439 0.038584
0.54142 0.039659
0.5106 0.034189
0.49982 0.03002
0.51161 0.038806
0.49393 0.038456
0.49491 0.028111
0.5196 0.03905
0.5881 0.021085
0.58959 0.025932
0.61013 0.029393
0.68622 0.038902
0.59619 0.033915
0.64826 0.041403
0.59823 0.038069
0.56334 0.033527
0.89995 0.039037
0.57271 0.034121
0.56789 0.038008
0.97018 0.036874
0.97076 0.029801
0.56085 0.039353
0.57722 0.038479
0.91744 0.037877
0.62644 0.035652
0.54546 0.038747
0.49387 0.038465
0.6346 0.039798
0.60022 0.038348
0.61982 0.031405
0.96478 0.039502
0.65543 0.037327
0.92556 0.036735
0.96333 0.025444
0.97467 0.026458
0.96788 0.02738
0.9693 0.028237
0.86736 0.037587
0.61413 0.038703
0.62857 0.028958
0.97588 0.026968
0.64924 0.03965
0.97622 0.027014
0.97618 0.02711
0.97606 0.026828
0.62595 0.026362
0.9755 0.026423
0.7786 0.039906
0.95045 0.038544
0.97544 0.02639
0.76841 0.038052
0.9701 0.025223
0.85036 0.03749
0.96886 0.02507
0.97112 0.025349
0.96606 0.024817
0.64726 0.034328
0.95661 0.039012
0.69124 0.038472
0.95683 0.024264
0.96201 0.024511
0.95993 0.02441
0.64713 0.029814
0.93832 0.038328
0.65976 0.032984
0.8943 0.039014
0.95204 0.024244
0.66648 0.037242
0.86512 0.038463
0.71403 0.03664
0.93403 0.025287
0.93184 0.024058
0.93488 0.025348
0.67353 0.039164
0.9427 0.026412
0.67272 0.036254
0.9468 0.027451
0.94545 0.026918
0.94675 0.027425
0.67328 0.036012
0.95129 0.029011
0.68269 0.038764
0.82791 0.036307
0.95043 0.028767
0.95508 0.032523
0.68364 0.036572
0.79455 0.038311
0.68104 0.031732
0.93972 0.035047
0.94948 0.03408
0.94154 0.035528
0.68554 0.029761
0.73509 0.036887
0.68711 0.023583
0.72879 0.0362
0.92689 0.03371
0.92477 0.033489
0.69529 0.026549
0.9215 0.033509
0.70629 0.025541
0.73836 0.037499
0.91886 0.033363
0.91463 0.033105
0.72135 0.034897
0.75274 0.037096
0.71839 0.023787
0.8059 0.038151
0.90874 0.032254
0.91197 0.032306
0.73743 0.032028
0.91115 0.032049
0.75068 0.033888
0.77762 0.0385
0.91136 0.032113
0.9103 0.031662
0.73693 0.025921
0.80452 0.037945
0.74879 0.025888
0.77661 0.036236
0.90562 0.03155
0.76603 0.02985
0.79089 0.039176
0.757 0.025133
0.78837 0.039045
0.88128 0.03941
0.87252 0.039707
0.77112 0.027513
0.79708 0.034688
0.77926 0.027
0.81636 0.037344
0.87041 0.038788
0.87127 0.039679
0.78572 0.029406
0.87272 0.039661
0.81024 0.033191
0.81519 0.037289
0.87386 0.039553
0.88075 0.039078
0.81138 0.031547
0.84396 0.033775
0.81666 0.031429
0.83442 0.02911
0.87811 0.036907
0.87553 0.035558
0.81459 0.02657
0.84022 0.030582
0.82371 0.022674
0.85593 0.030619
0.8735 0.033087
0.87427 0.030547
0.84108 0.024166
0.86114 0.028323
0.85012 0.023038
0.87711 0.025223
0.87437 0.028221
0.87471 0.027015
0.86756 0.022312
0.88358 0.023869
0.95022 0.020335
0.94968 0.02208
