348
0.06308 0.020868
0.043525 0.024267
0.11264 0.020578
0.064037 0.025142
0.030496 0.024369
0.064777 0.025164
0.13491 0.020852
0.14561 0.022273
0.17327 0.021763
0.10021 0.028272
0.096198 0.027205
0.10062 0.02845
0.18802 0.024859
0.17743 0.027039
0.19213 0.027569
0.11675 0.027835
0.1081 0.028307
0.11536 0.02778
0.19871 0.029753
0.12014 0.028719
0.20471 0.028712
0.18314 0.039086
0.11886 0.029037
0.11268 0.030152
0.20104 0.03217
0.11275 0.030723
0.22464 0.02627
0.19569 0.038204
0.11031 0.03085
0.11749 0.030798
0.23187 0.0302
0.12752 0.031684
0.23927 0.027739
0.19497 0.038527
0.12742 0.03149
0.12371 0.031432
0.24508 0.024874
0.11403 0.031773
0.25776 0.025835
0.22803 0.03889
0.11117 0.032515
0.26564 0.021706
0.092777 0.032294
0.27176 0.026725
0.23971 0.037893
0.091405 0.031214
0.27346 0.030726
0.094018 0.033962
0.28527 0.023395
0.10766 0.033615
0.1046 0.034168
0.2903 0.026654
0.24663 0.037856
0.29007 0.02863
0.26233 0.037712
0.12721 0.037507
0.30888 0.02754
0.26947 0.039861
0.31413 0.029972
0.11984 0.034422
0.12445 0.035481
0.12108 0.034458
0.32253 0.030677
0.10983 0.03475
0.33858 0.025638
0.10271 0.035778
0.10979 0.034745
0.10259 0.035818
0.33102 0.030015
0.08768 0.030741
0.33399 0.032377
0.24221 0.039383
0.094147 0.03712
0.07955 0.029818
0.35347 0.026635
0.058418 0.032206
0.35821 0.026942
0.1989 0.03785
0.063149 0.031984
0.047256 0.03271
0.36104 0.026925
0.12738 0.038421
0.35218 0.038477
0.22456 0.040378
0.041114 0.03087
0.031902 0.027858
0.31873 0.037313
0.14957 0.034756
0.35986 0.037146
0.16004 0.037204
0.027933 0.028361
0.026409 0.03147
0.31202 0.03619
0.064184 0.034949
0.37274 0.029376
0.029813 0.03671
0.027766 0.03511
0.029839 0.03681
0.34052 0.038565
0.045584 0.035046
0.21084 0.038164
0.060525 0.03938
0.029929 0.037039
0.030459 0.038252
0.36945 0.037751
0.030619 0.039318
0.36665 0.038996
0.075043 0.033428
0.031081 0.039869
0.37025 0.039481
0.041152 0.036295
0.37877 0.037674
0.07446 0.034453
0.032172 0.040041
0.37869 0.038934
0.033883 0.040185
0.34733 0.039072
0.093743 0.040401
0.035747 0.040298
0.039734 0.040592
0.33027 0.037472
0.12679 0.038336
0.3851 0.0272
0.080702 0.038407
0.1085 0.039178
0.072416 0.039352
0.33776 0.038399
0.38549 0.028388
0.29217 0.035651
0.39194 0.022594
0.39134 0.026817
0.38763 0.034128
0.08486 0.039476
0.39385 0.034436
0.30022 0.035867
0.068922 0.039231
0.067462 0.039265
0.40817 0.033625
0.40421 0.036666
0.38936 0.038642
0.39345 0.03694
0.41339 0.040153
0.41308 0.040292
0.4005 0.03994
0.39369 0.038143
0.40119 0.040046
0.43085 0.039698
0.43195 0.021845
0.44004 0.02451
0.45291 0.020737
0.4802 0.021463
0.41505 0.025699
0.45789 0.023114
0.42214 0.031359
0.42291 0.033346
0.4531 0.030331
0.47314 0.021917
0.45057 0.038031
0.45395 0.038321
0.46452 0.028763
0.4691 0.023211
0.44644 0.039857
0.45747 0.03826
0.46159 0.026879
0.46702 0.026541
0.45818 0.038071
0.47413 0.03619
0.47785 0.025105
0.47621 0.030062
0.47394 0.036234
0.47294 0.0257
0.51467 0.021078
0.49989 0.02104
0.5752 0.020328
0.53917 0.022253
0.56004 0.024833
0.48655 0.021365
0.52266 0.027936
0.49825 0.023433
0.49597 0.024049
0.54596 0.028899
0.55189 0.032998
0.49119 0.024264
0.50473 0.027387
0.51206 0.032728
0.54213 0.034094
0.49261 0.026864
0.50402 0.031705
0.50712 0.035351
0.54278 0.036803
0.50275 0.031768
0.48997 0.028399
0.50392 0.035564
0.48338 0.03563
0.48401 0.026866
0.51313 0.035396
0.59025 0.021095
0.59174 0.026046
0.61099 0.029761
0.69086 0.03821
0.59822 0.034833
0.65135 0.038132
0.60046 0.039407
0.56532 0.033064
0.9025 0.039769
0.57509 0.033838
0.57041 0.037576
0.97005 0.035525
0.9699 0.02899
0.56304 0.038618
0.58001 0.038384
0.91611 0.039379
0.6263 0.034464
0.54729 0.036708
0.48331 0.035639
0.63478 0.03784
0.60228 0.03974
0.6204 0.031035
0.96527 0.038649
0.66081 0.0376
0.92337 0.037496
0.96179 0.025255
0.97417 0.025911
0.96676 0.026902
0.96831 0.027628
0.86604 0.035792
0.61381 0.039581
0.63024 0.028216
0.9755 0.026378
0.65279 0.037087
0.97587 0.02642
0.97582 0.026508
0.9757 0.02625
0.62722 0.025823
0.97508 0.025879
0.77538 0.038955
0.95048 0.039308
0.97501 0.025848
0.76546 0.03825
0.96918 0.024808
0.84603 0.03683
0.96783 0.02471
0.9703 0.024897
0.96476 0.024563
0.65076 0.03226
0.95755 0.039291
0.69589 0.039066
0.95536 0.024299
0.96037 0.024395
0.95833 0.024357
0.65103 0.028401
0.93611 0.038402
0.66472 0.034112
0.89719 0.038825
0.95074 0.024409
0.66936 0.039277
0.86332 0.036736
0.71495 0.039742
0.9329 0.025249
0.93069 0.024012
0.93375 0.025317
0.67531 0.039674
0.94174 0.02647
0.67474 0.036902
0.94569 0.027576
0.94439 0.027016
0.94564 0.027549
0.67545 0.036485
0.95001 0.029353
0.68651 0.037363
0.82495 0.037674
0.94919 0.029052
0.95432 0.032803
0.68772 0.035486
0.79335 0.037427
0.68483 0.030783
0.93804 0.035141
0.94884 0.034482
0.94034 0.035697
0.68995 0.029276
0.73277 0.039122
0.69171 0.02346
0.72735 0.038571
0.92516 0.034197
0.92303 0.03412
0.69973 0.027163
0.91969 0.034386
0.70892 0.026572
0.73632 0.039617
0.91759 0.034382
0.91407 0.034371
0.72091 0.037394
0.75127 0.038875
0.71926 0.024404
0.80517 0.038397
0.909 0.033457
0.9118 0.033665
0.7354 0.033543
0.91108 0.033431
0.74863 0.03533
0.77439 0.037726
0.91127 0.03349
0.91034 0.032989
0.7351 0.026678
0.80381 0.037798
0.74612 0.026353
0.77334 0.035573
0.90628 0.032325
0.7624 0.029983
0.78922 0.038043
0.75373 0.025451
0.78644 0.03744
0.88335 0.037872
0.8727 0.03795
0.76758 0.02728
0.79607 0.03398
0.77577 0.026654
0.81492 0.038472
0.86992 0.037063
0.87111 0.037911
0.78291 0.028694
0.87295 0.037915
0.80897 0.033825
0.81389 0.038418
0.87437 0.037851
0.88271 0.037561
0.80997 0.032106
0.83968 0.034037
0.81502 0.032124
0.8314 0.029649
0.87927 0.035487
0.87566 0.034186
0.81297 0.026913
0.83631 0.030943
0.82128 0.022868
0.85273 0.029832
0.87282 0.031866
0.87331 0.029552
0.83733 0.024278
0.85853 0.027581
0.84671 0.022897
0.87636 0.024748
0.87331 0.027445
0.87368 0.026356
0.86576 0.022065
0.88349 0.02355
0.94899 0.020346
0.94847 0.022136
