348
0.07747 0.020628
0.051442 0.023191
0.14306 0.020526
0.078748 0.023712
0.033872 0.023271
0.079739 0.023721
0.16809 0.020914
0.17652 0.022741
0.20171 0.021887
0.12982 0.026992
0.12472 0.025666
0.1303 0.027188
0.21581 0.024957
0.20539 0.027302
0.21962 0.027677
0.14784 0.026959
0.13828 0.027503
0.14623 0.026968
0.22627 0.03041
0.1515 0.027621
0.23182 0.029236
0.20705 0.040611
0.15012 0.027925
0.1431 0.029225
0.22819 0.032868
0.14327 0.029726
0.25013 0.02616
0.22021 0.038293
0.14073 0.029951
0.14887 0.029517
0.25817 0.029549
0.16073 0.030769
0.26592 0.027539
0.21943 0.038548
0.16055 0.030581
0.15616 0.030121
0.27221 0.025037
0.14493 0.030573
0.28313 0.026902
0.25461 0.037771
0.14194 0.031381
0.28974 0.021915
0.11993 0.029092
0.2953 0.027003
0.2675 0.037501
0.11805 0.028133
0.29678 0.031222
0.12218 0.030519
0.30847 0.023856
0.13864 0.032191
0.1357 0.03237
0.31255 0.028096
0.27416 0.038911
0.31223 0.030442
0.28612 0.040164
0.1617 0.03601
0.32786 0.029179
0.29204 0.040824
0.33169 0.031731
0.15213 0.032513
0.15795 0.033793
0.15366 0.03261
0.33795 0.032563
0.14103 0.033416
0.35395 0.025765
0.13425 0.033734
0.14099 0.033413
0.13414 0.033763
0.34592 0.030837
0.11287 0.027557
0.34794 0.033153
0.27046 0.039577
0.12307 0.032877
0.10082 0.026736
0.36896 0.026502
0.071757 0.028953
0.37368 0.02642
0.224 0.038623
0.077443 0.028672
0.057266 0.029385
0.3765 0.026485
0.16227 0.037609
0.36681 0.038287
0.24991 0.039557
0.048633 0.028146
0.03573 0.025886
0.33254 0.040036
0.17853 0.038542
0.37489 0.035896
0.18602 0.038325
0.030485 0.026323
0.028575 0.028679
0.32812 0.039283
0.078569 0.030797
0.38961 0.028623
0.034428 0.032445
0.031098 0.031416
0.034493 0.032517
0.35311 0.038686
0.056086 0.031022
0.23623 0.039391
0.07461 0.034084
0.034687 0.032681
0.035828 0.033561
0.38687 0.036101
0.036389 0.034335
0.38359 0.037232
0.093113 0.029204
0.037316 0.034803
0.38789 0.037946
0.051231 0.032056
0.39621 0.036825
0.09195 0.029927
0.039129 0.03494
0.3963 0.038568
0.041996 0.035015
0.36068 0.038685
0.12311 0.035223
0.045267 0.035041
0.051623 0.035286
0.34143 0.0392
0.1616 0.037564
0.40241 0.026779
0.098692 0.032348
0.14064 0.037515
0.087812 0.033407
0.34959 0.039146
0.4028 0.02789
0.31358 0.039818
0.40992 0.022393
0.40928 0.026302
0.40479 0.03317
0.10626 0.033221
0.41181 0.033266
0.31928 0.038938
0.083577 0.033805
0.081872 0.033862
0.42672 0.033336
0.42286 0.036128
0.40629 0.037224
0.41121 0.035494
0.43201 0.040019
0.4317 0.040201
0.41901 0.039311
0.41139 0.036572
0.41978 0.03947
0.44881 0.040248
0.45042 0.021926
0.45814 0.024408
0.47219 0.020673
0.49606 0.021979
0.43386 0.025698
0.47769 0.023127
0.44102 0.031565
0.44172 0.033572
0.47242 0.029462
0.49071 0.022488
0.46949 0.036275
0.47378 0.03701
0.48412 0.02997
0.48765 0.023939
0.46436 0.038957
0.47842 0.038473
0.4816 0.027439
0.48604 0.027751
0.47934 0.038486
0.49211 0.041214
0.49428 0.026843
0.49321 0.033409
0.49199 0.041251
0.49056 0.027385
0.52154 0.021364
0.51046 0.02141
0.57357 0.020359
0.54152 0.022728
0.55971 0.025341
0.50067 0.021855
0.52828 0.029725
0.50924 0.024706
0.50754 0.025546
0.54714 0.030418
0.55234 0.034707
0.50398 0.025827
0.51397 0.029713
0.51799 0.036385
0.54449 0.036901
0.50501 0.029387
0.5126 0.03553
0.51397 0.040146
0.54522 0.040172
0.5117 0.035733
0.50302 0.031469
0.51174 0.040928
0.49829 0.041297
0.49884 0.029303
0.51823 0.039879
0.58726 0.021191
0.58862 0.026526
0.60809 0.029491
0.68562 0.03894
0.59386 0.034893
0.64745 0.040099
0.59492 0.039209
0.56433 0.034259
0.90057 0.039668
0.5732 0.035107
0.56877 0.038993
0.96994 0.036462
0.97052 0.029562
0.56214 0.040363
0.5776 0.03992
0.91681 0.038823
0.62428 0.035491
0.54853 0.039498
0.49825 0.041309
0.63263 0.039182
0.59652 0.039405
0.61763 0.03134
0.9644 0.039012
0.65489 0.036527
0.92466 0.037173
0.96292 0.025306
0.97453 0.0263
0.96758 0.027197
0.96903 0.028035
0.86744 0.037241
0.61102 0.038667
0.62665 0.028859
0.97578 0.026798
0.64843 0.038304
0.97612 0.026843
0.97608 0.026937
0.97596 0.026661
0.624 0.026302
0.97539 0.026266
0.7808 0.039842
0.94968 0.038043
0.97532 0.026234
0.77055 0.037932
0.96985 0.025096
0.85048 0.037906
0.96858 0.024946
0.9709 0.025218
0.96571 0.024696
0.64617 0.033454
0.95601 0.038511
0.69036 0.038651
0.95624 0.024152
0.96156 0.024396
0.95943 0.024296
0.64587 0.029233
0.9373 0.038239
0.65936 0.032438
0.89488 0.039173
0.95131 0.024129
0.66606 0.036676
0.86514 0.038205
0.7145 0.035502
0.93305 0.025303
0.93088 0.024087
0.93389 0.025356
0.67317 0.038691
0.94172 0.026328
0.67245 0.035821
0.94593 0.027298
0.94454 0.026793
0.94588 0.027273
0.67303 0.035604
0.95054 0.028767
0.68233 0.038663
0.82897 0.037277
0.94966 0.02853
0.95444 0.032191
0.68335 0.036518
0.79675 0.038485
0.68111 0.031632
0.93869 0.034935
0.94868 0.033721
0.94053 0.03536
0.68563 0.029776
0.73687 0.03658
0.68719 0.0236
0.73033 0.035776
0.92597 0.034009
0.92388 0.033878
0.69527 0.026489
0.92064 0.034045
0.70667 0.025216
0.74027 0.037235
0.91812 0.034008
0.9142 0.033919
0.72268 0.034193
0.75478 0.037007
0.71978 0.023578
0.80789 0.038642
0.90873 0.033125
0.91173 0.033178
0.73934 0.031836
0.91097 0.032936
0.75272 0.033818
0.77983 0.038434
0.91117 0.032996
0.91017 0.032554
0.73886 0.025824
0.80654 0.038392
0.75082 0.025856
0.7788 0.036173
0.90583 0.032214
0.76816 0.029786
0.7931 0.03925
0.75907 0.025104
0.79058 0.039049
0.8817 0.039068
0.87273 0.039231
0.77328 0.02747
0.79929 0.034886
0.78147 0.026979
0.81802 0.038085
0.87057 0.038305
0.87145 0.039186
0.78793 0.029398
0.87294 0.039189
0.81209 0.033637
0.81689 0.037998
0.87411 0.039101
0.88117 0.038734
0.8132 0.031957
0.84423 0.034265
0.81832 0.031923
0.83511 0.029589
0.87848 0.03657
0.87583 0.035217
0.8163 0.026834
0.84058 0.031029
0.82502 0.022817
0.85591 0.03072
0.87374 0.032781
0.87453 0.030307
0.84142 0.024336
0.86105 0.028292
0.85025 0.023112
0.87744 0.025114
0.87464 0.028034
0.87499 0.026857
0.86765 0.022265
0.88404 0.023808
0.94944 0.020326
0.9489 0.022027
