348
0.072433 0.020748
0.047324 0.023365
0.11924 0.02055
0.073506 0.024504
0.031609 0.023902
0.074325 0.024591
0.14638 0.02096
0.15413 0.022964
0.17944 0.021589
0.10816 0.029328
0.10477 0.027941
0.10851 0.029528
0.19594 0.024862
0.18396 0.026022
0.19966 0.028215
0.1241 0.026668
0.11495 0.028659
0.12266 0.026881
0.20623 0.031154
0.12835 0.026939
0.21055 0.0298
0.18896 0.039656
0.12671 0.027309
0.11928 0.029636
0.20869 0.033944
0.11934 0.03014
0.2286 0.025599
0.20425 0.040283
0.11674 0.030762
0.12533 0.028902
0.23836 0.027638
0.1397 0.029536
0.24834 0.026451
0.20411 0.042677
0.13948 0.029347
0.13476 0.029201
0.25539 0.02504
0.12089 0.030805
0.26565 0.026633
0.23403 0.034612
0.11742 0.031994
0.27332 0.021615
0.10118 0.032995
0.27974 0.026283
0.24785 0.034622
0.099992 0.031975
0.28064 0.0298
0.1026 0.034844
0.29626 0.02326
0.1143 0.034154
0.11227 0.035123
0.30096 0.027304
0.25432 0.038764
0.30006 0.029242
0.26556 0.04002
0.14151 0.034204
0.31444 0.028937
0.27297 0.03981
0.31808 0.03054
0.1291 0.031199
0.13768 0.03251
0.13132 0.031229
0.32682 0.029856
0.11583 0.034511
0.34386 0.026046
0.11092 0.037082
0.1158 0.034525
0.11082 0.03715
0.3374 0.030422
0.096676 0.031229
0.33944 0.032598
0.25091 0.041251
0.10313 0.03798
0.088842 0.030355
0.35807 0.026842
0.067848 0.029641
0.36339 0.026526
0.20835 0.044033
0.07317 0.030071
0.053751 0.029408
0.36683 0.026428
0.14318 0.039471
0.35675 0.038292
0.22959 0.041298
0.043452 0.028681
0.032724 0.026914
0.31392 0.039114
0.15731 0.040573
0.36654 0.035298
0.1684 0.039208
0.028437 0.027556
0.027031 0.030558
0.30719 0.039728
0.076194 0.032883
0.37923 0.028007
0.033553 0.035073
0.030027 0.034232
0.03365 0.035139
0.34264 0.040271
0.054335 0.031157
0.21848 0.04193
0.07566 0.036325
0.033916 0.035282
0.035512 0.035991
0.37517 0.036138
0.036564 0.036719
0.37174 0.04086
0.085547 0.033159
0.037899 0.037173
0.37458 0.040429
0.050499 0.032487
0.3812 0.034683
0.085342 0.034027
0.039977 0.037051
0.37854 0.041349
0.04394 0.036584
0.35108 0.041546
0.10316 0.0426
0.0473 0.036244
0.054223 0.035969
0.33173 0.039746
0.14277 0.040164
0.39552 0.026221
0.08987 0.03852
0.11414 0.04171
0.086255 0.041395
0.34081 0.040945
0.39623 0.027437
0.29569 0.038784
0.41976 0.022888
0.41734 0.028134
0.39864 0.033358
0.094324 0.043473
0.41947 0.034844
0.29962 0.039395
0.084123 0.041792
0.083111 0.042004
0.43682 0.0343
0.43302 0.037161
0.39855 0.039813
0.41152 0.039606
0.43858 0.040786
0.4377 0.042196
0.42781 0.042301
0.40974 0.042833
0.42876 0.044692
0.45568 0.043417
0.46046 0.022066
0.46966 0.023944
0.48405 0.020777
0.50201 0.022022
0.4468 0.025604
0.48835 0.023939
0.45291 0.033277
0.45288 0.0351
0.48361 0.030856
0.49786 0.022818
0.4801 0.037479
0.48347 0.039738
0.49208 0.033256
0.49561 0.024915
0.47459 0.041758
0.4849 0.042769
0.49098 0.029584
0.49436 0.030203
0.48528 0.042621
0.49292 0.04495
0.5003 0.02732
0.49757 0.034937
0.49277 0.045313
0.49775 0.028381
0.52925 0.02173
0.51971 0.021392
0.57357 0.020426
0.54446 0.023211
0.56035 0.025522
0.50816 0.021666
0.5341 0.032928
0.51852 0.024518
0.51663 0.025186
0.54953 0.032335
0.5524 0.035912
0.51239 0.024918
0.52288 0.030616
0.52603 0.038552
0.54464 0.039893
0.51359 0.028111
0.52142 0.035798
0.52237 0.041604
0.54359 0.048349
0.52017 0.035438
0.51049 0.029733
0.51844 0.040648
0.49708 0.044835
0.50581 0.028735
0.52602 0.046052
0.58572 0.021249
0.58725 0.026942
0.60405 0.031197
0.67125 0.042673
0.59591 0.036482
0.64029 0.041098
0.59904 0.041959
0.56596 0.034556
0.88805 0.041282
0.57283 0.037409
0.5696 0.040005
0.96516 0.032672
0.9681 0.027629
0.56226 0.041545
0.57764 0.043501
0.90104 0.041472
0.62151 0.040765
0.54731 0.044621
0.49702 0.044871
0.62634 0.047522
0.6011 0.045192
0.61398 0.031968
0.95171 0.034682
0.64775 0.042083
0.90667 0.040244
0.95853 0.024263
0.97329 0.025132
0.96471 0.025765
0.9664 0.026435
0.8347 0.039343
0.60999 0.040436
0.62072 0.032897
0.97481 0.025538
0.64051 0.038685
0.97524 0.025574
0.97519 0.02565
0.97504 0.025426
0.61869 0.028253
0.97434 0.025104
0.7481 0.041725
0.92882 0.03643
0.97426 0.025078
0.74188 0.040908
0.96754 0.024069
0.81543 0.041061
0.96598 0.023968
0.96882 0.02418
0.96231 0.023767
0.6368 0.033373
0.93942 0.034779
0.67528 0.041524
0.95048 0.023284
0.9567 0.023536
0.95408 0.023427
0.63582 0.02942
0.91392 0.040535
0.64904 0.03636
0.8825 0.040701
0.9444 0.023204
0.65427 0.040988
0.83101 0.040046
0.69253 0.043006
0.92012 0.025073
0.91812 0.024096
0.92094 0.025016
0.66138 0.043581
0.93102 0.024776
0.65916 0.039444
0.93709 0.025281
0.93504 0.02496
0.93701 0.025263
0.65956 0.039025
0.94302 0.026792
0.66797 0.04037
0.79594 0.040638
0.94192 0.02651
0.94509 0.029458
0.66798 0.038223
0.76717 0.041396
0.66459 0.033392
0.9207 0.032756
0.93637 0.030395
0.92392 0.03195
0.66746 0.031176
0.71089 0.042121
0.66887 0.024213
0.70731 0.042392
0.90979 0.036006
0.90878 0.035475
0.67634 0.027854
0.90644 0.034681
0.68458 0.027527
0.71276 0.040058
0.90489 0.034159
0.90243 0.033565
0.69973 0.037126
0.72174 0.039213
0.69345 0.024718
0.77732 0.04191
0.89684 0.033249
0.90029 0.032823
0.7104 0.034244
0.89951 0.032691
0.71905 0.034337
0.74723 0.038125
0.89972 0.032718
0.89868 0.032459
0.70965 0.02718
0.77637 0.041184
0.71814 0.026231
0.74659 0.035829
0.89391 0.032471
0.73767 0.030386
0.76329 0.038385
0.72859 0.024639
0.76062 0.037247
0.86787 0.041331
0.85792 0.039286
0.7426 0.028272
0.76907 0.036071
0.74953 0.027155
0.78774 0.041704
0.8483 0.037663
0.85392 0.037791
0.75699 0.028796
0.85844 0.038675
0.77955 0.034869
0.78635 0.040351
0.86033 0.03914
0.86849 0.038303
0.78035 0.033521
0.8086 0.033301
0.78627 0.034181
0.7995 0.031062
0.86706 0.036638
0.86462 0.0354
0.78382 0.028406
0.80527 0.030509
0.79042 0.023364
0.81979 0.030204
0.86207 0.033079
0.86431 0.030994
0.8054 0.024095
0.82449 0.028143
0.81424 0.023188
0.86897 0.025502
0.8653 0.028713
0.86605 0.027454
0.8377 0.022394
0.87393 0.024043
0.94191 0.020247
0.94118 0.021522
