348
0.070848 0.020703
0.047793 0.023635
0.13089 0.020554
0.071989 0.024152
0.032303 0.023694
0.072873 0.024162
0.15481 0.020959
0.1628 0.022872
0.18741 0.021824
0.1184 0.02747
0.11363 0.026094
0.11884 0.027674
0.2026 0.024719
0.19133 0.026918
0.20671 0.027434
0.13544 0.027313
0.12637 0.027935
0.13391 0.027329
0.21333 0.030383
0.13893 0.027988
0.21873 0.029187
0.19406 0.039306
0.13762 0.028315
0.13093 0.029722
0.21552 0.032942
0.13109 0.030249
0.23816 0.025561
0.20852 0.037781
0.12868 0.030503
0.13643 0.029994
0.24711 0.028546
0.14775 0.031264
0.2558 0.026698
0.2078 0.037966
0.14759 0.031067
0.14339 0.030585
0.26288 0.024553
0.13268 0.03113
0.2748 0.026276
0.24349 0.035944
0.12983 0.032002
0.28215 0.02174
0.1092 0.029839
0.28831 0.026564
0.25792 0.035518
0.10748 0.028823
0.28993 0.030606
0.11127 0.03135
0.30172 0.023782
0.12671 0.032889
0.12394 0.033117
0.30579 0.027783
0.26553 0.037104
0.30544 0.030055
0.27865 0.038442
0.14869 0.036752
0.32255 0.02824
0.28554 0.039194
0.32695 0.030558
0.13953 0.033109
0.1451 0.034422
0.14099 0.033199
0.33403 0.031439
0.12897 0.034157
0.35102 0.025161
0.12257 0.034588
0.12893 0.034154
0.12246 0.034621
0.34245 0.030003
0.10272 0.028258
0.34467 0.031971
0.26141 0.037692
0.1121 0.033878
0.09176 0.027466
0.36844 0.025888
0.065748 0.030046
0.37386 0.025942
0.21218 0.038402
0.070824 0.029703
0.052903 0.030654
0.37679 0.026041
0.14924 0.038429
0.36598 0.036139
0.23845 0.037715
0.045327 0.029267
0.033951 0.026653
0.32872 0.038146
0.16472 0.039401
0.37543 0.034692
0.17206 0.038944
0.029299 0.02713
0.027606 0.029785
0.32337 0.037253
0.071829 0.032078
0.39045 0.027823
0.032796 0.034058
0.029843 0.032874
0.032854 0.03414
0.34999 0.036795
0.051868 0.032523
0.22389 0.038806
0.068295 0.035772
0.033026 0.034326
0.034038 0.035329
0.38713 0.035054
0.034536 0.036209
0.38373 0.036238
0.084853 0.030265
0.035358 0.036746
0.38805 0.036663
0.047608 0.03373
0.39701 0.035279
0.083812 0.031076
0.036965 0.036916
0.39693 0.036973
0.039502 0.037024
0.35874 0.036446
0.11213 0.036406
0.042373 0.037082
0.047951 0.03741
0.33839 0.037592
0.1486 0.038377
0.40467 0.026246
0.089854 0.033719
0.1286 0.038487
0.080103 0.034971
0.34649 0.037443
0.40508 0.027274
0.3065 0.038942
0.41257 0.022314
0.4119 0.026114
0.40686 0.032256
0.096671 0.034563
0.41446 0.032478
0.31287 0.037545
0.076307 0.035428
0.07478 0.035497
0.43123 0.031172
0.42646 0.033772
0.40833 0.036193
0.41379 0.034602
0.43816 0.036781
0.43782 0.036879
0.42186 0.036923
0.41399 0.035555
0.42269 0.036955
0.4572 0.038576
0.45758 0.02175
0.46669 0.023908
0.48231 0.020599
0.50901 0.021807
0.43988 0.024937
0.48852 0.022686
0.44802 0.030728
0.44892 0.032541
0.48259 0.028406
0.50348 0.022209
0.4806 0.034611
0.48569 0.0349
0.49591 0.028893
0.50023 0.023546
0.47548 0.03689
0.49073 0.035918
0.49283 0.026495
0.49833 0.026983
0.49155 0.035958
0.50535 0.038945
0.50715 0.02619
0.50606 0.032011
0.50523 0.038993
0.50332 0.026553
0.5378 0.02138
0.52535 0.021235
0.58696 0.02036
0.55547 0.022886
0.57264 0.02552
0.51428 0.021677
0.54374 0.030847
0.52392 0.024121
0.52194 0.024896
0.56141 0.031031
0.56601 0.035754
0.51795 0.025142
0.52934 0.028719
0.53471 0.035499
0.55838 0.037623
0.51909 0.028261
0.52811 0.033755
0.53005 0.037988
0.55904 0.040965
0.52708 0.033836
0.51682 0.030172
0.52748 0.038438
0.51149 0.039363
0.51231 0.028479
0.53543 0.039129
0.59998 0.021271
0.60126 0.026949
0.62022 0.029487
0.70248 0.0382
0.60586 0.035333
0.66101 0.037252
0.60667 0.039557
0.57679 0.034362
0.90247 0.039402
0.58622 0.035001
0.58165 0.038551
0.96946 0.035504
0.96994 0.028998
0.57452 0.040671
0.59079 0.039631
0.91727 0.039868
0.63628 0.037251
0.56267 0.040371
0.51144 0.03938
0.64378 0.039329
0.60824 0.039847
0.63006 0.032128
0.96349 0.038263
0.66882 0.034891
0.92375 0.038792
0.96185 0.025164
0.97419 0.025931
0.96681 0.026881
0.96835 0.027639
0.86869 0.038472
0.62396 0.039233
0.63772 0.030098
0.97551 0.0264
0.66179 0.035679
0.97588 0.026442
0.97584 0.02653
0.97571 0.026271
0.63544 0.027054
0.9751 0.025899
0.78618 0.038894
0.94818 0.039259
0.97503 0.025869
0.7769 0.039199
0.96922 0.024816
0.85162 0.039444
0.96787 0.024711
0.97033 0.024912
0.96482 0.024522
0.65801 0.031673
0.9552 0.03868
0.70668 0.038392
0.95529 0.024144
0.9604 0.0243
0.95836 0.024237
0.65701 0.028023
0.93397 0.039407
0.67256 0.031394
0.89652 0.039429
0.95037 0.024196
0.68023 0.035433
0.86624 0.039501
0.72786 0.039715
0.93228 0.025669
0.93036 0.024418
0.93303 0.0257
0.68849 0.037121
0.94082 0.026446
0.68724 0.034417
0.94502 0.027264
0.94363 0.026813
0.94496 0.027241
0.68778 0.034232
0.94965 0.028944
0.69909 0.037474
0.83262 0.03925
0.94874 0.028662
0.95353 0.032217
0.69963 0.035541
0.80359 0.037914
0.69644 0.030931
0.93636 0.035405
0.94748 0.033748
0.93854 0.035663
0.70072 0.029298
0.74301 0.039612
0.70229 0.023474
0.73756 0.039996
0.92529 0.035499
0.92359 0.035095
0.7102 0.026561
0.92091 0.034909
0.72122 0.025864
0.74695 0.038794
0.91884 0.034612
0.9155 0.034103
0.73362 0.038792
0.76373 0.039536
0.73182 0.024728
0.81292 0.039517
0.90988 0.032744
0.91294 0.033103
0.74662 0.03286
0.91214 0.032786
0.76082 0.03574
0.7849 0.037451
0.91235 0.032865
0.9113 0.032338
0.74677 0.02636
0.81201 0.03909
0.75825 0.026583
0.78361 0.035277
0.90682 0.031947
0.77316 0.030824
0.79972 0.037906
0.76514 0.02602
0.79677 0.037395
0.88319 0.040022
0.87388 0.040689
0.77765 0.027633
0.80579 0.034665
0.78626 0.026537
0.82284 0.039386
0.87174 0.039367
0.87259 0.040649
0.79362 0.028441
0.87409 0.040538
0.81732 0.034185
0.82172 0.038999
0.87526 0.040231
0.88262 0.039492
0.81863 0.032515
0.84697 0.035061
0.8238 0.032647
0.83923 0.030531
0.87972 0.03729
0.8772 0.03595
0.82215 0.027252
0.84409 0.031955
0.83031 0.023043
0.85867 0.031611
0.87516 0.033474
0.87595 0.030882
0.84524 0.024691
0.86337 0.02899
0.85336 0.023351
0.87866 0.025385
0.87604 0.028489
0.87637 0.027242
0.86947 0.02246
0.88503 0.023976
0.94851 0.02033
0.94797 0.022038
