348
0.067237 0.020779
0.046118 0.023916
0.12143 0.020585
0.068263 0.024607
0.031623 0.023918
0.069058 0.024624
0.14443 0.020988
0.15221 0.022938
0.17659 0.021813
0.10975 0.028074
0.10537 0.026655
0.11016 0.028288
0.19197 0.024654
0.18057 0.026848
0.19613 0.027324
0.12578 0.027667
0.11714 0.02845
0.12431 0.027701
0.20286 0.030212
0.12912 0.028341
0.20835 0.029008
0.18332 0.039076
0.12786 0.028696
0.12147 0.030265
0.20509 0.032717
0.12162 0.030818
0.22833 0.025382
0.19798 0.037512
0.11932 0.031136
0.12672 0.030465
0.23758 0.028192
0.13757 0.03167
0.24673 0.026357
0.19725 0.037697
0.13741 0.031467
0.13338 0.031009
0.2542 0.02427
0.12314 0.031717
0.26709 0.025751
0.23383 0.035345
0.12042 0.032698
0.27514 0.021605
0.10129 0.030857
0.28177 0.0261
0.24897 0.034695
0.099709 0.029776
0.2835 0.029876
0.1032 0.032463
0.2961 0.023793
0.11746 0.033717
0.11487 0.034032
0.30038 0.028177
0.25701 0.035955
0.3001 0.030525
0.27148 0.036932
0.13847 0.03734
0.31468 0.029287
0.27912 0.037772
0.31838 0.031582
0.12969 0.033682
0.13502 0.034977
0.13109 0.033758
0.3252 0.032005
0.11959 0.035002
0.34192 0.025286
0.1136 0.035646
0.11956 0.035
0.1135 0.035685
0.33351 0.030251
0.095442 0.029255
0.33564 0.032263
0.25265 0.036641
0.10396 0.03521
0.085848 0.028501
0.35807 0.02672
0.06265 0.031054
0.36268 0.026985
0.2017 0.038108
0.067215 0.030746
0.050843 0.031534
0.3652 0.027117
0.139 0.039067
0.3575 0.038036
0.22863 0.037142
0.043839 0.02996
0.03318 0.027067
0.31931 0.039697
0.15407 0.039816
0.36524 0.037274
0.16129 0.039226
0.028785 0.027547
0.027185 0.030358
0.31492 0.039365
0.068119 0.033397
0.37693 0.02897
0.032089 0.034916
0.0293 0.033627
0.032144 0.035004
0.34135 0.037195
0.049886 0.033541
0.21361 0.038363
0.064941 0.037411
0.032306 0.035205
0.033262 0.036285
0.37494 0.037317
0.033733 0.037229
0.37233 0.038775
0.079807 0.031589
0.034509 0.037815
0.37595 0.039209
0.045947 0.034792
0.38349 0.037141
0.078884 0.032488
0.036028 0.038026
0.38363 0.03914
0.038424 0.038189
0.35042 0.037644
0.10399 0.037979
0.041108 0.038305
0.046265 0.038763
0.3293 0.038034
0.13838 0.039024
0.38959 0.026933
0.084181 0.035589
0.11924 0.039605
0.07556 0.0368
0.33769 0.037862
0.38996 0.028078
0.30197 0.04011
0.39698 0.022599
0.39634 0.026859
0.39191 0.03365
0.090143 0.036554
0.39884 0.03405
0.30682 0.039868
0.072146 0.037227
0.070772 0.037269
0.41325 0.032783
0.40907 0.035729
0.39358 0.038075
0.39841 0.036425
0.41923 0.039313
0.41895 0.039426
0.40524 0.039227
0.39863 0.037501
0.40593 0.039288
0.43626 0.039525
0.4367 0.02186
0.44543 0.024267
0.4591 0.020649
0.48556 0.021713
0.42074 0.02568
0.46514 0.022833
0.42759 0.031923
0.42835 0.033768
0.45936 0.029102
0.47968 0.022129
0.45809 0.035952
0.46281 0.035882
0.47214 0.029011
0.47635 0.023516
0.45385 0.039034
0.46778 0.03655
0.46916 0.026689
0.4745 0.027002
0.46852 0.036512
0.48264 0.038098
0.48354 0.025908
0.48258 0.031491
0.48252 0.038152
0.47951 0.026317
0.51433 0.02139
0.50244 0.021261
0.56702 0.020367
0.53333 0.02267
0.5518 0.024925
0.49134 0.021605
0.52014 0.030408
0.50107 0.024179
0.49919 0.024931
0.53933 0.030261
0.54453 0.034294
0.49514 0.025008
0.5063 0.029121
0.51238 0.035962
0.53595 0.036334
0.49635 0.028097
0.50599 0.03429
0.50875 0.039001
0.53657 0.039707
0.50503 0.034282
0.49404 0.029851
0.50647 0.039206
0.48998 0.038229
0.48936 0.028047
0.51369 0.039754
0.57998 0.021227
0.58147 0.026691
0.60306 0.027372
0.68572 0.038452
0.58603 0.033958
0.64807 0.040155
0.58599 0.037699
0.55781 0.033235
0.90008 0.038063
0.56711 0.035253
0.56366 0.037985
0.96931 0.035292
0.96981 0.028877
0.55607 0.038759
0.57193 0.039569
0.91566 0.038979
0.62371 0.0346
0.54076 0.03899
0.4899 0.038239
0.63172 0.037949
0.587 0.0379
0.61622 0.029466
0.96326 0.037973
0.65395 0.038031
0.92245 0.038032
0.9616 0.025079
0.97411 0.025852
0.96663 0.02678
0.96819 0.027532
0.86159 0.036625
0.60617 0.034477
0.62567 0.028802
0.97545 0.026314
0.64881 0.038532
0.97583 0.026355
0.97578 0.026442
0.97565 0.026187
0.62306 0.025955
0.97503 0.02582
0.77536 0.038875
0.94766 0.03883
0.97496 0.02579
0.76688 0.039281
0.96907 0.02475
0.84337 0.039272
0.9677 0.024643
0.9702 0.024846
0.96461 0.024453
0.64603 0.033237
0.95483 0.038327
0.69003 0.038371
0.95492 0.024066
0.96013 0.024227
0.95805 0.024162
0.64529 0.028982
0.93304 0.03876
0.65734 0.033589
0.89349 0.037808
0.9499 0.024109
0.66362 0.036848
0.85856 0.037836
0.71039 0.037502
0.93129 0.025472
0.9293 0.024259
0.93207 0.025506
0.67178 0.037581
0.94014 0.026265
0.67078 0.03478
0.94443 0.027084
0.94301 0.026637
0.94437 0.027062
0.67137 0.034584
0.94916 0.028755
0.68256 0.037571
0.82424 0.038046
0.94823 0.028472
0.95312 0.031979
0.6832 0.035677
0.79382 0.036805
0.68053 0.031028
0.93552 0.03492
0.94694 0.033434
0.93778 0.035197
0.68467 0.02945
0.72895 0.036974
0.6862 0.023546
0.72221 0.037149
0.92404 0.034888
0.92228 0.034483
0.69414 0.026521
0.91949 0.034278
0.70538 0.025522
0.73345 0.036598
0.91732 0.033973
0.91381 0.033455
0.71749 0.036135
0.75275 0.038178
0.71716 0.024097
0.80367 0.038487
0.90789 0.032091
0.91111 0.032478
0.73403 0.031378
0.91027 0.03217
0.74963 0.034484
0.77423 0.037471
0.91049 0.032247
0.90939 0.031734
0.73461 0.025639
0.80275 0.038053
0.74728 0.025988
0.77318 0.035336
0.90468 0.031247
0.76321 0.030644
0.78959 0.03678
0.75484 0.02563
0.78656 0.036312
0.87839 0.038017
0.8675 0.038442
0.76783 0.027729
0.79643 0.033774
0.77589 0.026568
0.81372 0.038316
0.8651 0.037178
0.86596 0.038349
0.7836 0.028137
0.86776 0.038303
0.80851 0.03346
0.81262 0.037966
0.86918 0.038044
0.8778 0.037529
0.80996 0.03187
0.83936 0.034778
0.8153 0.031954
0.83193 0.030119
0.87465 0.035498
0.87181 0.034255
0.81371 0.026865
0.83686 0.031645
0.82251 0.022864
0.8514 0.031102
0.86965 0.032014
0.87078 0.029712
0.8382 0.024587
0.85663 0.028346
0.84633 0.023303
0.87389 0.024821
0.87092 0.027577
0.8713 0.026467
0.86349 0.022197
0.88091 0.023585
0.948 0.020323
0.94744 0.021992
