348
0.074084 0.020666
0.049591 0.023401
0.13679 0.02054
0.075289 0.023932
0.033076 0.023473
0.076223 0.023941
0.1613 0.020933
0.16955 0.02278
0.19485 0.021794
0.12395 0.027233
0.11901 0.025882
0.12441 0.027432
0.21022 0.024692
0.19884 0.026823
0.21434 0.027409
0.14146 0.027129
0.13214 0.027721
0.13988 0.027143
0.22097 0.03038
0.14504 0.027791
0.22638 0.029207
0.20162 0.039079
0.14369 0.028109
0.13683 0.029472
0.22317 0.032951
0.13699 0.029985
0.24569 0.025608
0.21616 0.037738
0.13452 0.030228
0.14247 0.029744
0.25455 0.028633
0.15407 0.03099
0.26315 0.02677
0.21544 0.037917
0.1539 0.030798
0.1496 0.03033
0.27015 0.024605
0.13862 0.030846
0.28193 0.02634
0.25097 0.036096
0.1357 0.031691
0.28921 0.021755
0.1144 0.029469
0.29533 0.026611
0.26525 0.035689
0.11261 0.028481
0.29694 0.030675
0.11656 0.030938
0.30868 0.023788
0.1325 0.032543
0.12965 0.032745
0.31275 0.027782
0.27277 0.037302
0.3124 0.030055
0.28575 0.038614
0.15503 0.036338
0.32955 0.028198
0.29258 0.039344
0.33398 0.030496
0.14565 0.032787
0.15135 0.034077
0.14715 0.032878
0.34111 0.031371
0.13481 0.033788
0.35821 0.025152
0.12824 0.034162
0.13477 0.033785
0.12813 0.034193
0.34957 0.029942
0.10766 0.027909
0.3518 0.031901
0.2687 0.037892
0.11742 0.033382
0.096167 0.02709
0.37553 0.025986
0.068698 0.029495
0.3809 0.026111
0.21983 0.038388
0.074058 0.029188
0.055055 0.029989
0.3837 0.026252
0.15559 0.037969
0.37308 0.036328
0.24598 0.037866
0.046956 0.028678
0.034828 0.026252
0.33577 0.038039
0.17154 0.038761
0.38241 0.035161
0.17913 0.038373
0.029883 0.026708
0.028084 0.029207
0.33037 0.03716
0.075119 0.031436
0.3967 0.028354
0.0336 0.033215
0.030462 0.032113
0.033662 0.033291
0.35717 0.036753
0.053948 0.031734
0.23151 0.03889
0.071387 0.034929
0.033844 0.033466
0.03492 0.034404
0.39353 0.035924
0.035449 0.035228
0.39029 0.03705
0.088873 0.029721
0.036323 0.035729
0.39441 0.037669
0.049393 0.032849
0.40279 0.036645
0.087773 0.030489
0.038031 0.035881
0.40271 0.038485
0.040728 0.035971
0.3659 0.036517
0.11745 0.03582
0.043797 0.036011
0.049761 0.036291
0.34548 0.037485
0.15494 0.037923
0.4097 0.026961
0.094154 0.03301
0.13444 0.038004
0.083857 0.034177
0.35364 0.037358
0.41006 0.028117
0.31347 0.038937
0.41677 0.022649
0.41616 0.026983
0.41159 0.033757
0.10135 0.033884
0.41833 0.034372
0.31984 0.037508
0.079849 0.034609
0.078236 0.034674
0.43231 0.032801
0.42808 0.036418
0.41278 0.038268
0.41766 0.03678
0.43718 0.038304
0.43684 0.038473
0.4241 0.039955
0.41779 0.037886
0.42476 0.040046
0.45691 0.038949
0.45818 0.021792
0.46677 0.024127
0.48136 0.020653
0.50702 0.021715
0.44025 0.025222
0.48698 0.02297
0.44834 0.030622
0.44901 0.032452
0.48161 0.029175
0.50116 0.022187
0.47942 0.035868
0.48393 0.036351
0.4937 0.029306
0.49768 0.023597
0.47453 0.03814
0.48833 0.037431
0.49088 0.026944
0.49587 0.027182
0.48905 0.037383
0.50196 0.038771
0.50504 0.025959
0.5036 0.031697
0.50182 0.038836
0.50099 0.026495
0.53844 0.021214
0.52452 0.021123
0.59602 0.020295
0.5588 0.022545
0.5786 0.024663
0.51259 0.021574
0.54558 0.029439
0.52292 0.023764
0.52071 0.024498
0.56536 0.029607
0.57108 0.033632
0.51648 0.024776
0.52899 0.027842
0.53541 0.033771
0.56273 0.035605
0.51769 0.02765
0.52774 0.032403
0.53012 0.036096
0.56373 0.038568
0.52654 0.032518
0.51526 0.029481
0.52711 0.036624
0.50881 0.038411
0.51051 0.027983
0.53643 0.036909
0.61056 0.021211
0.61187 0.026702
0.63106 0.029676
0.7076 0.039168
0.61751 0.03508
0.66774 0.040228
0.61889 0.039467
0.58383 0.031934
0.90659 0.040183
0.59625 0.03228
0.59112 0.035031
0.97065 0.03743
0.97105 0.030115
0.58178 0.037257
0.60317 0.037516
0.9219 0.040082
0.64659 0.036766
0.56739 0.037827
0.50875 0.038428
0.65394 0.040264
0.62039 0.039836
0.64045 0.032085
0.96542 0.040166
0.67541 0.03676
0.92849 0.038956
0.96386 0.025676
0.97483 0.026668
0.96826 0.027668
0.96963 0.02855
0.87142 0.038164
0.63451 0.039801
0.64856 0.029812
0.97601 0.027195
0.66874 0.038444
0.97634 0.027242
0.9763 0.027341
0.97618 0.02705
0.6461 0.026898
0.97564 0.026632
0.79422 0.03881
0.95153 0.039736
0.97558 0.026597
0.78476 0.038909
0.97041 0.02541
0.85689 0.040495
0.96921 0.025265
0.9714 0.025522
0.96649 0.025012
0.66675 0.033602
0.95775 0.039928
0.71208 0.039095
0.95777 0.02447
0.96256 0.024708
0.96071 0.024612
0.66653 0.029365
0.93922 0.039909
0.67979 0.032454
0.90111 0.039473
0.95315 0.024463
0.68678 0.03693
0.869 0.039396
0.73147 0.039775
0.93601 0.025821
0.9341 0.024511
0.93675 0.025866
0.69489 0.03887
0.94416 0.026783
0.69378 0.036027
0.94811 0.027735
0.9468 0.027227
0.94806 0.02771
0.69429 0.035786
0.95245 0.029494
0.70401 0.038994
0.8399 0.040391
0.95161 0.029187
0.95615 0.033112
0.70469 0.03675
0.81147 0.039161
0.70163 0.031848
0.94088 0.036128
0.95062 0.034599
0.94273 0.036498
0.70594 0.029843
0.74836 0.036775
0.70749 0.023618
0.74131 0.03803
0.92968 0.035553
0.92789 0.035284
0.71529 0.026892
0.92512 0.035239
0.72551 0.026186
0.7534 0.036278
0.923 0.035042
0.91919 0.034682
0.73664 0.037981
0.77232 0.038168
0.7358 0.024555
0.8209 0.040768
0.91391 0.033491
0.91679 0.033744
0.75269 0.031172
0.91604 0.033443
0.76914 0.034396
0.79291 0.037474
0.91624 0.033518
0.91526 0.033006
0.7526 0.025518
0.81975 0.040531
0.7659 0.02595
0.79161 0.03541
0.91106 0.032734
0.78136 0.030706
0.8078 0.03917
0.77315 0.025704
0.80515 0.038416
0.88589 0.038753
0.87609 0.039764
0.78586 0.027622
0.81338 0.035721
0.79444 0.026548
0.83028 0.040765
0.87424 0.038823
0.87489 0.039796
0.80176 0.028757
0.8763 0.039664
0.82452 0.035331
0.82917 0.040506
0.87742 0.039419
0.88533 0.038452
0.82547 0.033514
0.85214 0.036425
0.83023 0.033726
0.84442 0.031261
0.88245 0.036497
0.87992 0.0353
0.82833 0.027828
0.84912 0.03287
0.8358 0.023284
0.86214 0.032077
0.87831 0.03294
0.87953 0.030388
0.84979 0.025061
0.86682 0.029097
0.85732 0.023575
0.88258 0.025094
0.87973 0.028092
0.88009 0.026897
0.87305 0.022389
0.88945 0.023692
0.9514 0.02035
0.95088 0.022166
