348
0.071228 0.020789
0.049054 0.023543
0.1242 0.020546
0.072279 0.024687
0.032964 0.023521
0.073092 0.024719
0.14878 0.020834
0.15836 0.022691
0.18337 0.021713
0.11067 0.027649
0.10607 0.026771
0.11112 0.027802
0.1986 0.024837
0.18775 0.02677
0.20266 0.027568
0.1284 0.027298
0.11928 0.027745
0.12708 0.027277
0.20914 0.029665
0.13158 0.028029
0.21543 0.028609
0.19049 0.038962
0.13034 0.028361
0.12434 0.029579
0.2108 0.032001
0.12453 0.030102
0.2355 0.025576
0.20362 0.037852
0.12191 0.030312
0.12929 0.030009
0.24453 0.028474
0.14033 0.03025
0.25348 0.027149
0.2028 0.038284
0.1402 0.030098
0.13594 0.03035
0.25959 0.025019
0.12608 0.031009
0.27034 0.026671
0.23803 0.035971
0.12312 0.031813
0.27735 0.02179
0.10245 0.031672
0.28351 0.026603
0.25396 0.036744
0.10109 0.030711
0.28521 0.030672
0.10371 0.03316
0.29672 0.023842
0.11949 0.032617
0.11623 0.032714
0.30079 0.027965
0.2607 0.038883
0.30053 0.030302
0.27365 0.03938
0.14022 0.035256
0.31724 0.028127
0.2809 0.039747
0.32191 0.030491
0.13175 0.033167
0.13703 0.033907
0.13313 0.033146
0.32968 0.031324
0.12208 0.033928
0.3455 0.02586
0.11445 0.034202
0.12203 0.033924
0.11433 0.034244
0.33783 0.030384
0.097281 0.030563
0.34031 0.032849
0.25686 0.0392
0.10378 0.036049
0.088919 0.029348
0.35952 0.027117
0.06653 0.030926
0.36384 0.027189
0.20686 0.037445
0.071205 0.030884
0.054323 0.030707
0.36642 0.027217
0.14045 0.036321
0.35708 0.039728
0.23271 0.037872
0.046513 0.028974
0.0347 0.026354
0.32449 0.037946
0.15902 0.038445
0.36392 0.037992
0.16543 0.039198
0.029798 0.02677
0.028014 0.029287
0.31813 0.036999
0.072126 0.03362
0.37818 0.029058
0.033483 0.033407
0.030372 0.032233
0.033544 0.033486
0.3458 0.038877
0.053255 0.032505
0.21909 0.037796
0.06886 0.037448
0.033725 0.033667
0.034792 0.034641
0.37308 0.037637
0.035317 0.035491
0.37029 0.039156
0.08319 0.032455
0.036183 0.036021
0.37334 0.03936
0.048864 0.033374
0.38246 0.036795
0.082299 0.033339
0.037877 0.036216
0.38201 0.038022
0.040508 0.036371
0.35221 0.039687
0.10321 0.039143
0.043467 0.036484
0.049218 0.036986
0.33554 0.038052
0.13979 0.036458
0.39128 0.026459
0.087136 0.037072
0.12149 0.038095
0.079099 0.037601
0.3429 0.038877
0.3917 0.027521
0.30154 0.039222
0.39942 0.022303
0.39877 0.026061
0.39309 0.03258
0.092127 0.038515
0.40076 0.032744
0.30718 0.037934
0.075978 0.037798
0.074712 0.037742
0.417 0.032737
0.41216 0.035293
0.39401 0.036497
0.39979 0.034935
0.42178 0.039317
0.42146 0.039438
0.40742 0.038075
0.39981 0.035975
0.40821 0.038222
0.43957 0.038117
0.44195 0.021699
0.45098 0.024203
0.46401 0.020744
0.48939 0.021655
0.42449 0.025552
0.4689 0.023237
0.43152 0.031059
0.43204 0.03291
0.46419 0.030448
0.483 0.022132
0.46155 0.038069
0.46491 0.038618
0.47523 0.029404
0.47936 0.023519
0.45732 0.039495
0.46841 0.038936
0.47253 0.027287
0.47748 0.027098
0.46912 0.038815
0.48389 0.038047
0.48726 0.02574
0.48578 0.031272
0.48373 0.038088
0.48283 0.026336
0.51806 0.021326
0.50617 0.021263
0.57203 0.020344
0.53826 0.022586
0.55749 0.025118
0.49489 0.021579
0.52462 0.029703
0.50482 0.024147
0.50293 0.024854
0.54447 0.029862
0.54998 0.034015
0.4989 0.025029
0.51007 0.029112
0.51596 0.035683
0.54099 0.035931
0.50012 0.028135
0.50949 0.034412
0.51199 0.038927
0.54161 0.038928
0.50847 0.03443
0.49784 0.029862
0.50941 0.039158
0.49215 0.037856
0.49269 0.027862
0.51682 0.038956
0.58629 0.021148
0.58769 0.026297
0.60717 0.029645
0.69407 0.038654
0.59421 0.034812
0.65328 0.035245
0.59628 0.039141
0.56275 0.033679
0.9001 0.038741
0.57229 0.034487
0.568 0.038215
0.97032 0.037116
0.97089 0.029942
0.56078 0.039599
0.57784 0.039281
0.9178 0.03771
0.6232 0.03336
0.54578 0.038387
0.49209 0.03786
0.63267 0.0354
0.59798 0.039347
0.61648 0.03049
0.96499 0.03976
0.66437 0.034957
0.92598 0.036634
0.96357 0.025514
0.97474 0.026551
0.96805 0.027482
0.96945 0.028354
0.86698 0.037394
0.61007 0.03865
0.62728 0.027315
0.97594 0.027069
0.65495 0.034388
0.97627 0.027115
0.97623 0.027212
0.97612 0.026926
0.62398 0.025381
0.97556 0.026515
0.78038 0.039108
0.95082 0.038728
0.9755 0.026482
0.76793 0.036859
0.97024 0.025298
0.8498 0.037312
0.96902 0.025142
0.97124 0.025426
0.96625 0.024882
0.65184 0.030282
0.95693 0.039227
0.69944 0.038841
0.95715 0.024313
0.96226 0.024568
0.96022 0.024463
0.65177 0.027042
0.9388 0.038359
0.6685 0.0322
0.89434 0.038682
0.9524 0.024288
0.67475 0.037743
0.86472 0.038263
0.71982 0.03963
0.93449 0.02528
0.93228 0.024047
0.93534 0.025344
0.68103 0.039414
0.94316 0.026442
0.68026 0.03653
0.94721 0.027508
0.94587 0.026965
0.94716 0.027482
0.68083 0.036242
0.95165 0.029102
0.69032 0.03829
0.82731 0.036443
0.95081 0.028854
0.95541 0.03266
0.69137 0.0362
0.79537 0.03914
0.68874 0.031482
0.9402 0.035087
0.94986 0.034214
0.94201 0.03559
0.69345 0.029596
0.73873 0.039224
0.69509 0.023541
0.73274 0.038046
0.92731 0.033635
0.92519 0.033404
0.70341 0.026968
0.9219 0.033406
0.71289 0.026571
0.7419 0.040132
0.91924 0.033246
0.91496 0.032968
0.72581 0.037148
0.75317 0.039973
0.72293 0.024386
0.80601 0.038826
0.90899 0.032098
0.91227 0.032164
0.7404 0.033779
0.91143 0.031906
0.75149 0.036492
0.77905 0.037592
0.91165 0.03197
0.91057 0.03152
0.73958 0.026768
0.80468 0.03863
0.74969 0.026957
0.77764 0.035287
0.90583 0.031391
0.76538 0.029515
0.79205 0.040094
0.75658 0.025639
0.78972 0.039696
0.88106 0.039111
0.8722 0.03947
0.77106 0.026745
0.79755 0.035326
0.78013 0.02672
0.81598 0.037784
0.87007 0.038577
0.87093 0.039451
0.78649 0.029495
0.8724 0.039422
0.81007 0.033641
0.81487 0.037757
0.87355 0.039308
0.88053 0.038787
0.81114 0.031926
0.84333 0.033701
0.81623 0.031714
0.83379 0.029126
0.87785 0.036667
0.87524 0.035352
0.81422 0.026754
0.83956 0.030554
0.82312 0.022713
0.85543 0.030508
0.87319 0.032924
0.87397 0.030413
0.84042 0.024153
0.86069 0.028234
0.84956 0.023007
0.87684 0.02515
0.87407 0.028116
0.87441 0.026924
0.86719 0.022287
0.88341 0.023806
0.9506 0.020338
0.95007 0.0221
