348
0.066654 0.020895
0.047016 0.024009
0.11671 0.020596
0.06757 0.02532
0.032385 0.023734
0.068279 0.025357
0.13827 0.020918
0.14766 0.02268
0.17195 0.021904
0.10452 0.028042
0.10016 0.026889
0.10492 0.028228
0.18567 0.025166
0.1758 0.027576
0.18958 0.027927
0.12072 0.028087
0.11225 0.028435
0.11936 0.028026
0.19583 0.030091
0.12386 0.029009
0.20181 0.029012
0.1805 0.040659
0.12267 0.029334
0.11675 0.030461
0.19762 0.032563
0.11685 0.031048
0.2209 0.0262
0.1915 0.038727
0.11448 0.031169
0.1214 0.031145
0.22859 0.029648
0.13086 0.032019
0.23648 0.02741
0.1908 0.039114
0.13076 0.031826
0.12721 0.031834
0.2425 0.02475
0.11814 0.03213
0.25524 0.025728
0.22333 0.038392
0.11543 0.032881
0.26334 0.02164
0.096558 0.031588
0.26981 0.026469
0.23659 0.037145
0.095022 0.03051
0.27171 0.030646
0.098044 0.033227
0.28262 0.024119
0.11215 0.033765
0.10928 0.034003
0.28634 0.028715
0.24397 0.037482
0.28622 0.031266
0.26034 0.037165
0.13013 0.03806
0.30049 0.029195
0.26859 0.038859
0.30477 0.031701
0.12335 0.03489
0.12767 0.03605
0.12453 0.034942
0.31204 0.031907
0.11432 0.03517
0.32734 0.025702
0.10769 0.035473
0.11428 0.035163
0.10758 0.035505
0.31993 0.030786
0.091023 0.030182
0.32233 0.033132
0.23928 0.038718
0.09843 0.036222
0.082409 0.02974
0.34313 0.025891
0.062359 0.032382
0.34854 0.026098
0.19444 0.038325
0.066821 0.032361
0.051279 0.032351
0.35177 0.026272
0.13018 0.039274
0.34063 0.036602
0.21917 0.040306
0.044627 0.030046
0.034044 0.026787
0.30747 0.039788
0.15023 0.037922
0.35024 0.035282
0.1588 0.039483
0.029361 0.027086
0.027595 0.02972
0.3017 0.039362
0.067893 0.03548
0.36397 0.029585
0.032161 0.034225
0.02949 0.032806
0.032205 0.034313
0.32743 0.038433
0.049962 0.034366
0.20639 0.038715
0.065014 0.039826
0.032341 0.034519
0.033142 0.035619
0.36131 0.037549
0.03347 0.036554
0.35879 0.038267
0.077688 0.03363
0.034129 0.037089
0.3621 0.039407
0.045645 0.035089
0.36947 0.038578
0.077048 0.03471
0.03556 0.037381
0.36938 0.03992
0.0378 0.037739
0.33433 0.037898
0.098182 0.039312
0.040255 0.038098
0.044982 0.03894
0.31763 0.038878
0.12962 0.039312
0.37559 0.027167
0.082192 0.038164
0.11345 0.039589
0.074834 0.039877
0.32476 0.038909
0.37596 0.028322
0.28812 0.041248
0.38283 0.022427
0.38216 0.026416
0.3777 0.033773
0.087183 0.038795
0.38464 0.033272
0.29307 0.040588
0.071939 0.039944
0.070735 0.040014
0.40104 0.031962
0.39632 0.034707
0.3791 0.037916
0.38398 0.035647
0.4069 0.037616
0.40654 0.037736
0.39185 0.037681
0.38415 0.036723
0.39264 0.037759
0.42678 0.037677
0.42801 0.02166
0.43701 0.024127
0.4508 0.020691
0.47945 0.021412
0.40898 0.024995
0.45613 0.02294
0.41707 0.030062
0.41794 0.031836
0.45101 0.029694
0.47209 0.021842
0.4483 0.03686
0.45193 0.03721
0.46312 0.028345
0.46789 0.023076
0.44389 0.038413
0.45568 0.037231
0.46006 0.026526
0.46572 0.026248
0.45644 0.037069
0.47313 0.035567
0.47701 0.024918
0.47529 0.029686
0.47293 0.035607
0.47189 0.025477
0.51496 0.021046
0.49976 0.02101
0.57791 0.020314
0.54034 0.02217
0.56201 0.02463
0.486 0.021321
0.5232 0.027669
0.49807 0.023333
0.49571 0.02393
0.54739 0.028576
0.55354 0.032509
0.49079 0.024136
0.50474 0.02718
0.51227 0.032366
0.54342 0.033579
0.49225 0.02666
0.504 0.031375
0.5072 0.034925
0.5441 0.03619
0.5027 0.031434
0.48953 0.028145
0.5039 0.035125
0.48273 0.035104
0.48338 0.026637
0.51337 0.03495
0.59361 0.021054
0.59516 0.025831
0.61488 0.029653
0.69417 0.038125
0.60189 0.034423
0.65484 0.038415
0.60418 0.038924
0.56755 0.03248
0.90229 0.038928
0.57779 0.033224
0.57289 0.036769
0.96958 0.03494
0.96951 0.028651
0.56515 0.037808
0.58294 0.037597
0.91736 0.039298
0.63018 0.034638
0.54877 0.036103
0.48266 0.035111
0.63854 0.038111
0.60603 0.039293
0.62436 0.031069
0.96449 0.037901
0.66417 0.03777
0.92397 0.038462
0.96109 0.025037
0.97395 0.025692
0.96625 0.026632
0.96786 0.027335
0.86412 0.036248
0.61775 0.039447
0.63406 0.028333
0.97532 0.026141
0.65625 0.037339
0.97571 0.026182
0.97566 0.026266
0.97553 0.026018
0.63108 0.025899
0.97489 0.025661
0.78027 0.038253
0.94852 0.038473
0.97482 0.025631
0.76997 0.03761
0.96876 0.024626
0.846 0.039574
0.96736 0.024528
0.96992 0.024714
0.96418 0.02438
0.65425 0.032457
0.95621 0.03844
0.69922 0.038949
0.95435 0.024107
0.9596 0.02421
0.95746 0.024169
0.65452 0.028534
0.93431 0.039612
0.66806 0.034214
0.89657 0.038311
0.9495 0.024208
0.67267 0.03937
0.86107 0.037572
0.71846 0.039527
0.93198 0.025719
0.92999 0.024441
0.93275 0.025758
0.67858 0.039714
0.94007 0.026614
0.67802 0.03694
0.94421 0.027512
0.94285 0.027028
0.94416 0.027488
0.67873 0.036517
0.94874 0.02897
0.6898 0.037305
0.82901 0.040351
0.94788 0.028738
0.95311 0.032222
0.69102 0.035427
0.79904 0.037198
0.68812 0.030756
0.93613 0.035913
0.94715 0.034022
0.93804 0.036231
0.69326 0.029235
0.73651 0.038837
0.69503 0.023443
0.73101 0.038326
0.92527 0.035179
0.92345 0.034853
0.70309 0.027111
0.9206 0.034748
0.71237 0.026508
0.7401 0.039302
0.91844 0.034486
0.91459 0.034048
0.72448 0.037185
0.75535 0.038436
0.72281 0.024353
0.8111 0.03897
0.909 0.03266
0.91205 0.033099
0.73917 0.03333
0.91125 0.032797
0.75265 0.035008
0.77924 0.037069
0.91146 0.032874
0.91041 0.032296
0.73887 0.026573
0.8097 0.038246
0.75008 0.026231
0.77814 0.034996
0.90599 0.031689
0.76679 0.029658
0.79474 0.037538
0.75786 0.025313
0.79183 0.036822
0.88223 0.037705
0.87096 0.037816
0.77217 0.027015
0.80181 0.033935
0.78067 0.026407
0.82088 0.040132
0.86811 0.037044
0.86928 0.037781
0.78809 0.028372
0.87123 0.037781
0.81456 0.034546
0.81988 0.039951
0.87274 0.037713
0.88158 0.037399
0.81541 0.032808
0.84104 0.036297
0.82036 0.033207
0.83427 0.031198
0.87802 0.035356
0.87436 0.034077
0.8181 0.027439
0.83838 0.0327
0.82563 0.023233
0.85253 0.03116
0.87163 0.031786
0.87226 0.029488
0.83938 0.024964
0.8577 0.028261
0.84752 0.02336
0.87533 0.024713
0.87227 0.027395
0.87264 0.026312
0.86468 0.022131
0.88254 0.023518
0.94767 0.020334
0.94713 0.022073
