348
0.072424 0.020766
0.049653 0.023462
0.12636 0.020547
0.073506 0.024551
0.033213 0.023452
0.074344 0.024583
0.15073 0.020845
0.16017 0.022719
0.18502 0.021727
0.11278 0.027591
0.10814 0.026693
0.11324 0.027745
0.2001 0.024877
0.18935 0.026834
0.20413 0.027625
0.13053 0.027334
0.12146 0.027733
0.12922 0.027306
0.21057 0.029725
0.13369 0.028081
0.21682 0.028612
0.19206 0.039143
0.13247 0.02841
0.1265 0.029599
0.21222 0.032059
0.12668 0.030124
0.23708 0.025527
0.20508 0.037983
0.12408 0.030316
0.13142 0.030064
0.24615 0.028453
0.14239 0.030354
0.2551 0.027265
0.20427 0.03842
0.14226 0.0302
0.13803 0.030436
0.26118 0.025212
0.12822 0.031045
0.27119 0.027135
0.23973 0.03586
0.12528 0.031828
0.27771 0.021841
0.10448 0.031495
0.28385 0.026555
0.25595 0.037054
0.10312 0.030535
0.28556 0.03049
0.10575 0.032977
0.29766 0.02373
0.12167 0.032601
0.11839 0.032668
0.30185 0.027795
0.26265 0.039697
0.30158 0.030078
0.27359 0.040403
0.14228 0.03541
0.31838 0.028122
0.27978 0.039982
0.32305 0.030508
0.13386 0.033253
0.13912 0.034029
0.13524 0.033239
0.33077 0.031383
0.12424 0.033935
0.34656 0.025852
0.1166 0.034133
0.1242 0.033931
0.11647 0.034173
0.33888 0.030403
0.099239 0.03035
0.34135 0.032859
0.25906 0.039764
0.10583 0.035827
0.090635 0.029086
0.36063 0.027106
0.067586 0.030619
0.36495 0.027182
0.20831 0.037563
0.072401 0.030569
0.055047 0.030445
0.36752 0.027213
0.14251 0.036488
0.35818 0.039689
0.23434 0.037681
0.047052 0.028773
0.034983 0.026228
0.3256 0.037997
0.16083 0.038626
0.36503 0.037975
0.16719 0.039338
0.029987 0.026642
0.028168 0.029112
0.31924 0.036995
0.073349 0.033227
0.37929 0.029061
0.033742 0.033144
0.030571 0.032002
0.033805 0.033221
0.34686 0.038848
0.053954 0.032203
0.22046 0.037738
0.069986 0.036944
0.033989 0.033398
0.035076 0.03435
0.37418 0.037639
0.035611 0.035181
0.37139 0.039155
0.08474 0.032101
0.036493 0.035697
0.37444 0.039363
0.049458 0.033067
0.38356 0.036806
0.083823 0.03296
0.03822 0.035883
0.38311 0.038034
0.040905 0.036025
0.35329 0.039634
0.10526 0.038868
0.043934 0.036125
0.049821 0.036596
0.3366 0.038101
0.14186 0.036621
0.39237 0.026461
0.0888 0.03659
0.12366 0.038097
0.08053 0.037098
0.34395 0.038871
0.39279 0.027522
0.30226 0.038833
0.40051 0.022296
0.39985 0.026045
0.39418 0.032575
0.093935 0.038048
0.40185 0.032699
0.30806 0.03777
0.077316 0.037287
0.076012 0.037231
0.41821 0.032607
0.41333 0.035168
0.3951 0.036483
0.40088 0.034888
0.42304 0.039081
0.42272 0.039202
0.40856 0.037962
0.4009 0.035925
0.40936 0.038102
0.4411 0.03798
0.44349 0.02169
0.45252 0.024217
0.46536 0.020767
0.4899 0.02169
0.42579 0.025478
0.47005 0.023369
0.43294 0.030908
0.43347 0.032738
0.46554 0.03077
0.48365 0.022192
0.46302 0.038529
0.46627 0.039222
0.47613 0.029742
0.48009 0.023631
0.45886 0.039819
0.46967 0.039689
0.47354 0.027569
0.47828 0.027337
0.47035 0.039589
0.48487 0.038535
0.48783 0.025877
0.48644 0.031556
0.4847 0.03858
0.48348 0.026515
0.51729 0.021375
0.5061 0.021332
0.57053 0.02036
0.53739 0.022584
0.55659 0.02522
0.49529 0.021629
0.52371 0.029861
0.50483 0.024361
0.50304 0.025086
0.5436 0.029865
0.54929 0.034033
0.49922 0.025229
0.50976 0.029679
0.515 0.036379
0.54013 0.035926
0.5004 0.028479
0.50928 0.035294
0.51146 0.040001
0.54079 0.038925
0.50837 0.035284
0.49819 0.030233
0.50927 0.040337
0.49325 0.038333
0.49314 0.028076
0.51557 0.039753
0.58469 0.021104
0.58618 0.025999
0.60669 0.029367
0.69474 0.039183
0.59276 0.03396
0.65325 0.035113
0.59468 0.038121
0.562 0.034147
0.90008 0.038756
0.57055 0.035156
0.56676 0.039086
0.97031 0.037105
0.97088 0.029936
0.56075 0.04019
0.57501 0.039575
0.91778 0.037715
0.62302 0.033243
0.54514 0.038397
0.49319 0.038336
0.63251 0.035361
0.59656 0.038389
0.61622 0.030326
0.96498 0.039747
0.66446 0.034808
0.92595 0.036636
0.96356 0.025511
0.97474 0.026546
0.96805 0.027477
0.96944 0.028348
0.86699 0.037397
0.60942 0.038226
0.62711 0.027282
0.97593 0.027064
0.65493 0.03426
0.97627 0.02711
0.97623 0.027207
0.97611 0.026921
0.62381 0.025339
0.97556 0.026511
0.78 0.038881
0.95081 0.038718
0.9755 0.026477
0.76735 0.036599
0.97023 0.025295
0.8498 0.037291
0.96901 0.025139
0.97124 0.025422
0.96624 0.024879
0.65179 0.030195
0.95691 0.039216
0.70023 0.039735
0.95713 0.02431
0.96225 0.024565
0.9602 0.02446
0.65172 0.026982
0.93877 0.038355
0.66863 0.032073
0.89433 0.038701
0.95238 0.024285
0.67504 0.037657
0.86473 0.038262
0.7173 0.040334
0.93446 0.02528
0.93226 0.024046
0.93531 0.025343
0.68146 0.039466
0.94313 0.02644
0.68061 0.036559
0.94719 0.027505
0.94585 0.026962
0.94714 0.027478
0.68118 0.036281
0.95164 0.029097
0.69089 0.038568
0.82725 0.036374
0.95079 0.02885
0.9554 0.032653
0.69183 0.036502
0.79512 0.038983
0.68893 0.031616
0.94018 0.035083
0.94985 0.034207
0.94198 0.035585
0.69351 0.029837
0.7372 0.038754
0.69512 0.023651
0.7309 0.037566
0.92729 0.033635
0.92516 0.033405
0.70312 0.027384
0.92188 0.033408
0.71186 0.027034
0.74052 0.039664
0.91922 0.033249
0.91494 0.032972
0.72361 0.037166
0.7522 0.039582
0.72134 0.024453
0.80584 0.038707
0.90897 0.032103
0.91225 0.032168
0.73918 0.033451
0.91141 0.031911
0.75052 0.036162
0.77865 0.037376
0.91163 0.031975
0.91055 0.031525
0.73846 0.026604
0.8045 0.038508
0.74879 0.026814
0.77722 0.035093
0.90581 0.031398
0.76477 0.029362
0.79178 0.039918
0.75582 0.025534
0.78942 0.039515
0.88107 0.039126
0.87221 0.039479
0.77054 0.026647
0.79732 0.035206
0.77974 0.02664
0.81587 0.037692
0.87008 0.038584
0.87094 0.03946
0.78616 0.029399
0.87241 0.039432
0.80992 0.033564
0.81475 0.037664
0.87356 0.039318
0.88053 0.038802
0.811 0.031859
0.84332 0.033671
0.81612 0.031654
0.83376 0.029094
0.87786 0.036679
0.87525 0.035361
0.81409 0.026718
0.83955 0.030526
0.82305 0.0227
0.85544 0.0305
0.8732 0.032931
0.87398 0.030419
0.84041 0.024142
0.86071 0.028232
0.84956 0.023004
0.87685 0.025154
0.87408 0.028121
0.87442 0.026928
0.8672 0.022287
0.88342 0.02381
0.95058 0.020338
0.95005 0.022099
