348
0.071389 0.020697
0.048091 0.023593
0.13189 0.020551
0.072541 0.024114
0.032431 0.023656
0.073433 0.024123
0.15591 0.020955
0.16394 0.022858
0.18865 0.021821
0.11934 0.027428
0.11454 0.026056
0.11979 0.027631
0.20386 0.024719
0.19258 0.02691
0.20796 0.027437
0.13646 0.027281
0.12735 0.027898
0.13492 0.027297
0.21458 0.030394
0.13997 0.027954
0.21998 0.029203
0.19532 0.03929
0.13865 0.02828
0.13193 0.02968
0.21677 0.032959
0.13209 0.030204
0.23935 0.025578
0.20978 0.037792
0.12967 0.030456
0.13745 0.029951
0.24828 0.028574
0.14883 0.031218
0.25694 0.02672
0.20906 0.037976
0.14866 0.031022
0.14444 0.03054
0.26399 0.024569
0.13368 0.031082
0.27587 0.026297
0.24467 0.035994
0.13083 0.03195
0.28319 0.021745
0.11008 0.029773
0.28934 0.02658
0.25905 0.035571
0.10835 0.028761
0.29096 0.030629
0.11217 0.031277
0.30273 0.023785
0.1277 0.032828
0.12491 0.033051
0.3068 0.027784
0.26663 0.037164
0.30645 0.030057
0.27971 0.038498
0.14976 0.036683
0.32357 0.02822
0.28658 0.039243
0.32799 0.030525
0.14057 0.033053
0.14616 0.034362
0.14204 0.033143
0.33509 0.03139
0.12996 0.034094
0.35219 0.025125
0.12353 0.034513
0.12992 0.034091
0.12342 0.034545
0.34355 0.029946
0.10355 0.028195
0.34579 0.031898
0.26253 0.037754
0.113 0.03379
0.0925 0.027397
0.36974 0.025836
0.066242 0.029949
0.37521 0.025888
0.21343 0.038421
0.071365 0.029613
0.053261 0.030535
0.37816 0.025985
0.15031 0.038353
0.36726 0.036001
0.23965 0.037769
0.045598 0.029163
0.034097 0.026583
0.32977 0.038085
0.16587 0.039297
0.3768 0.034557
0.17325 0.038846
0.029396 0.027056
0.027685 0.029684
0.32439 0.037209
0.072379 0.031965
0.39196 0.02775
0.032929 0.033911
0.029946 0.032742
0.032988 0.033992
0.35115 0.036679
0.052213 0.032383
0.22512 0.038848
0.068812 0.035624
0.033162 0.034176
0.034184 0.035167
0.3886 0.034911
0.034688 0.036037
0.38517 0.036085
0.085527 0.030167
0.035518 0.036568
0.38954 0.036503
0.047904 0.033575
0.39858 0.035157
0.084475 0.030971
0.037142 0.036735
0.39851 0.036836
0.039705 0.03684
0.35996 0.036317
0.11303 0.036302
0.042609 0.036893
0.048252 0.037213
0.33947 0.037504
0.14967 0.038301
0.4063 0.026205
0.090576 0.033588
0.12959 0.038404
0.080731 0.03483
0.34762 0.037332
0.40671 0.027227
0.30751 0.038944
0.41424 0.022301
0.41356 0.026081
0.40849 0.032182
0.097459 0.034439
0.41614 0.032413
0.31388 0.037531
0.076899 0.035283
0.075357 0.035352
0.43299 0.031127
0.42819 0.033712
0.40998 0.0361
0.41547 0.034526
0.43994 0.036725
0.43961 0.036821
0.42357 0.036844
0.41567 0.035474
0.42441 0.036877
0.45903 0.03859
0.45942 0.021752
0.46849 0.023925
0.48394 0.020612
0.50952 0.021925
0.44167 0.024921
0.48996 0.022768
0.44983 0.030701
0.45073 0.032511
0.48422 0.028598
0.50434 0.022333
0.48229 0.034906
0.48722 0.035301
0.49713 0.029276
0.50129 0.023725
0.47723 0.037117
0.4921 0.036461
0.49414 0.026739
0.49947 0.027312
0.49289 0.036525
0.50597 0.040065
0.50778 0.026576
0.50673 0.032737
0.50587 0.040111
0.50419 0.026919
0.5367 0.021398
0.5249 0.021305
0.58993 0.020361
0.55507 0.022656
0.57474 0.024858
0.51446 0.021784
0.54259 0.030648
0.52354 0.02436
0.52166 0.025186
0.56154 0.029808
0.56692 0.033615
0.5179 0.025459
0.52868 0.029197
0.53307 0.035995
0.55737 0.035991
0.51897 0.028766
0.52717 0.034521
0.52855 0.03897
0.55774 0.038918
0.52621 0.034615
0.51683 0.030807
0.5262 0.039473
0.51162 0.040626
0.51261 0.029032
0.53327 0.039696
0.60252 0.021305
0.60378 0.02713
0.62252 0.029342
0.70414 0.038881
0.60914 0.035742
0.6638 0.037461
0.61048 0.040096
0.58032 0.033204
0.90745 0.039299
0.5903 0.035026
0.58642 0.037909
0.9697 0.035864
0.97017 0.029203
0.57835 0.038588
0.59594 0.040183
0.92272 0.041053
0.63925 0.036891
0.56239 0.037987
0.51157 0.040644
0.64678 0.039287
0.61194 0.040281
0.63278 0.031687
0.96387 0.038794
0.67151 0.035077
0.92795 0.040575
0.96226 0.025323
0.97432 0.026067
0.9671 0.027059
0.96861 0.027825
0.87011 0.037244
0.62672 0.038728
0.64071 0.029923
0.97561 0.026546
0.66458 0.03587
0.97597 0.026589
0.97593 0.026679
0.97581 0.026414
0.63833 0.026891
0.97521 0.026034
0.78789 0.039568
0.94939 0.040158
0.97514 0.026003
0.77924 0.040422
0.96946 0.024929
0.85223 0.039595
0.96814 0.024827
0.97054 0.025024
0.96516 0.024648
0.66085 0.031813
0.95596 0.039375
0.70794 0.039244
0.95592 0.024298
0.96083 0.024439
0.95886 0.024382
0.65986 0.028119
0.93662 0.041055
0.67521 0.031527
0.90088 0.038921
0.95121 0.024372
0.68275 0.035583
0.86726 0.038419
0.72903 0.038818
0.93426 0.026216
0.93252 0.024871
0.93493 0.026237
0.69081 0.03726
0.94205 0.026897
0.68965 0.034531
0.94607 0.027677
0.94474 0.02723
0.94602 0.027654
0.69018 0.034342
0.95052 0.029328
0.70109 0.038003
0.83378 0.038789
0.94964 0.029054
0.95428 0.032692
0.70168 0.036031
0.80464 0.038126
0.69884 0.031202
0.93835 0.036688
0.94857 0.034423
0.94025 0.036864
0.70303 0.029615
0.74609 0.038748
0.70452 0.023605
0.73997 0.039065
0.9288 0.037062
0.92727 0.036515
0.71205 0.02682
0.9249 0.036157
0.72284 0.025775
0.75044 0.037995
0.92307 0.035718
0.91994 0.034982
0.73557 0.037905
0.76777 0.040731
0.73398 0.024502
0.8139 0.039518
0.91403 0.033236
0.91716 0.033773
0.74966 0.032309
0.9163 0.033396
0.76473 0.036436
0.78661 0.038144
0.91652 0.03349
0.91538 0.032881
0.74964 0.026088
0.813 0.039124
0.76155 0.026747
0.78529 0.035946
0.91083 0.032081
0.77534 0.031654
0.8008 0.038187
0.76788 0.026436
0.79796 0.037719
0.88629 0.03891
0.87593 0.039317
0.77935 0.028112
0.80682 0.034807
0.78765 0.026771
0.82383 0.03903
0.87353 0.038072
0.87444 0.039256
0.79483 0.028625
0.87617 0.039192
0.81827 0.034069
0.8227 0.03869
0.87751 0.038945
0.88567 0.038398
0.81958 0.032383
0.8481 0.035197
0.82485 0.032392
0.84077 0.030443
0.88251 0.03627
0.87975 0.034969
0.82317 0.027128
0.84548 0.031987
0.83159 0.022954
0.85977 0.031329
0.87753 0.032619
0.87843 0.0302
0.84672 0.024717
0.86492 0.028585
0.85472 0.023344
0.88134 0.025061
0.87854 0.027957
0.8789 0.026791
0.87148 0.022292
0.88806 0.02376
0.94943 0.020345
0.9489 0.022135
