348
0.064907 0.020808
0.044156 0.024085
0.11574 0.020568
0.065975 0.024833
0.030681 0.024297
0.066801 0.024907
0.13885 0.020926
0.14809 0.022447
0.17325 0.021854
0.10374 0.027919
0.099932 0.026631
0.10413 0.028159
0.18985 0.02434
0.17767 0.026852
0.19449 0.026722
0.12012 0.027703
0.11171 0.028383
0.11845 0.027649
0.20149 0.02906
0.12386 0.028386
0.20811 0.028334
0.18103 0.037907
0.12248 0.028773
0.11571 0.029976
0.2031 0.031465
0.11563 0.03054
0.22759 0.026024
0.19562 0.036596
0.11344 0.030786
0.12084 0.030608
0.2357 0.029032
0.13192 0.032057
0.24458 0.026959
0.19475 0.036808
0.13178 0.031834
0.12772 0.030898
0.25069 0.024607
0.11658 0.031574
0.26356 0.025457
0.22905 0.037931
0.1139 0.032386
0.27234 0.021544
0.095693 0.031223
0.27924 0.0261
0.24345 0.036394
0.094051 0.030146
0.28102 0.029915
0.097078 0.032866
0.29318 0.023624
0.11058 0.033842
0.10731 0.034673
0.29752 0.0275
0.25065 0.037391
0.29741 0.029715
0.26674 0.036164
0.13223 0.03834
0.3135 0.028445
0.27534 0.037474
0.31822 0.031015
0.12318 0.033939
0.12871 0.035133
0.12474 0.033855
0.32568 0.031492
0.11241 0.034874
0.34215 0.024727
0.10519 0.035876
0.11238 0.034872
0.10506 0.035877
0.33356 0.029679
0.08969 0.029671
0.3357 0.031587
0.24585 0.037836
0.096727 0.035904
0.081299 0.029871
0.36083 0.025829
0.059879 0.03155
0.36609 0.02629
0.1991 0.036601
0.065019 0.031162
0.048219 0.03199
0.36901 0.026215
0.13255 0.039066
0.35758 0.03579
0.22532 0.03967
0.041605 0.030354
0.032112 0.027695
0.32148 0.039261
0.15144 0.035118
0.36723 0.035576
0.16152 0.039217
0.028073 0.028236
0.026581 0.031271
0.31636 0.038269
0.066218 0.034081
0.38244 0.027735
0.030074 0.036509
0.027984 0.03489
0.030101 0.036607
0.34017 0.03604
0.046365 0.034388
0.21158 0.03757
0.062133 0.038284
0.030191 0.036832
0.030724 0.038019
0.37762 0.03534
0.030882 0.039076
0.37421 0.036766
0.076886 0.033759
0.031347 0.039605
0.37852 0.03656
0.04159 0.035654
0.38924 0.034054
0.07634 0.034827
0.032447 0.039723
0.389 0.035038
0.034142 0.039782
0.35021 0.035616
0.095538 0.038962
0.035913 0.039798
0.039978 0.0398
0.33 0.037758
0.13179 0.038883
0.39826 0.02599
0.081151 0.038686
0.11038 0.039594
0.074494 0.039775
0.33681 0.036863
0.39875 0.026998
0.29902 0.037735
0.40603 0.022245
0.40539 0.02589
0.40101 0.03197
0.085123 0.038897
0.4077 0.032684
0.30671 0.038555
0.071141 0.039048
0.069685 0.038932
0.42454 0.031505
0.41952 0.034341
0.40234 0.035991
0.40699 0.03479
0.4295 0.038335
0.42921 0.038325
0.41433 0.037576
0.40711 0.035861
0.41525 0.03761
0.44525 0.038221
0.45099 0.021645
0.46001 0.023941
0.47481 0.020665
0.50406 0.021552
0.43281 0.02526
0.48078 0.022799
0.4397 0.030603
0.43969 0.032582
0.47476 0.029363
0.49722 0.021924
0.46961 0.036054
0.4733 0.036905
0.48769 0.028071
0.49292 0.023096
0.46453 0.037446
0.47869 0.036504
0.48485 0.026161
0.49075 0.026175
0.47984 0.036375
0.50078 0.036507
0.50183 0.025283
0.50071 0.030269
0.50058 0.036504
0.49702 0.025713
0.53494 0.021344
0.52178 0.021146
0.58745 0.020344
0.55199 0.022841
0.5731 0.024867
0.50962 0.021494
0.54125 0.030879
0.52032 0.023788
0.51815 0.024501
0.55797 0.029487
0.56434 0.032921
0.51392 0.024725
0.52609 0.028211
0.53389 0.035807
0.55331 0.036946
0.51512 0.027636
0.52678 0.033101
0.53054 0.037456
0.55338 0.039586
0.52574 0.033185
0.51306 0.02928
0.52794 0.037191
0.50975 0.03703
0.50744 0.027437
0.53521 0.038752
0.60172 0.021196
0.60302 0.026602
0.62236 0.029321
0.70052 0.038981
0.60848 0.034951
0.66203 0.039094
0.61007 0.039133
0.57832 0.033664
0.89714 0.040038
0.58785 0.034511
0.58364 0.038255
0.96971 0.034077
0.96887 0.028165
0.57664 0.039219
0.59307 0.03943
0.9154 0.038975
0.63601 0.035753
0.55781 0.037844
0.50969 0.037028
0.64527 0.039
0.61294 0.039269
0.63207 0.031602
0.96524 0.036808
0.66996 0.038964
0.9236 0.039599
0.95991 0.02487
0.97357 0.025357
0.96539 0.026312
0.9671 0.026948
0.86788 0.037323
0.62573 0.040536
0.64026 0.028863
0.97503 0.025781
0.66315 0.038531
0.97544 0.025819
0.97539 0.025898
0.97525 0.025664
0.63729 0.026155
0.97457 0.025328
0.77601 0.039755
0.94925 0.037609
0.9745 0.025301
0.76923 0.040359
0.96806 0.024368
0.84699 0.038297
0.96657 0.024296
0.96929 0.024444
0.96319 0.024195
0.66119 0.032736
0.95759 0.037365
0.70542 0.039487
0.95309 0.02405
0.9584 0.024088
0.95617 0.024075
0.66131 0.028674
0.93402 0.040149
0.67334 0.034882
0.89398 0.040016
0.94824 0.024223
0.67799 0.039481
0.86551 0.038334
0.72421 0.040005
0.93108 0.026046
0.92924 0.024652
0.9318 0.026073
0.68474 0.039348
0.93893 0.026793
0.68397 0.036523
0.94295 0.027609
0.94159 0.027152
0.9429 0.027586
0.68475 0.036195
0.94743 0.029003
0.69654 0.037725
0.82747 0.039038
0.94661 0.028772
0.95255 0.032054
0.69747 0.03583
0.79518 0.038564
0.69439 0.030945
0.93555 0.036703
0.94669 0.033977
0.93768 0.036875
0.69897 0.02951
0.74295 0.041209
0.70053 0.023583
0.73751 0.040253
0.92479 0.036092
0.92305 0.035562
0.70843 0.027491
0.9201 0.035033
0.71709 0.02681
0.74655 0.041204
0.91759 0.034448
0.91329 0.033442
0.7307 0.038085
0.76008 0.040131
0.72716 0.024586
0.8071 0.03829
0.90734 0.031997
0.91068 0.032187
0.74362 0.035774
0.90986 0.031861
0.75596 0.036539
0.77531 0.038718
0.91008 0.03193
0.90905 0.031422
0.74199 0.027589
0.80543 0.038167
0.75128 0.02673
0.775 0.036246
0.90417 0.031704
0.76724 0.030927
0.79102 0.038627
0.75932 0.025635
0.78843 0.037833
0.88453 0.038107
0.87552 0.038268
0.77206 0.027959
0.79855 0.035098
0.77927 0.026839
0.81927 0.038638
0.87214 0.037853
0.87365 0.038276
0.78713 0.028439
0.87577 0.038245
0.81174 0.033952
0.81825 0.038551
0.87714 0.038181
0.88401 0.03785
0.81266 0.032179
0.84015 0.03553
0.81852 0.032381
0.83345 0.030625
0.88086 0.035901
0.87706 0.034618
0.81598 0.026915
0.83768 0.032057
0.82438 0.022931
0.85342 0.030328
0.87315 0.032269
0.87288 0.029851
0.83902 0.02466
0.85913 0.028024
0.84763 0.023076
0.8758 0.024874
0.87271 0.02768
0.87309 0.026552
0.86571 0.022239
0.88308 0.023617
0.94641 0.020335
0.94587 0.022085
