348
0.07112 0.0207
0.047943 0.023614
0.1314 0.020553
0.072267 0.024133
0.032367 0.023675
0.073155 0.024142
0.15536 0.020957
0.16337 0.022865
0.18803 0.021823
0.11887 0.027449
0.11409 0.026075
0.11932 0.027652
0.20324 0.024719
0.19196 0.026915
0.20734 0.027435
0.13595 0.027297
0.12687 0.027916
0.13442 0.027313
0.21395 0.030389
0.13946 0.02797
0.21936 0.029196
0.19469 0.0393
0.13814 0.028297
0.13144 0.029701
0.21615 0.032951
0.13159 0.030226
0.23876 0.02557
0.20916 0.037787
0.12918 0.030479
0.13695 0.029972
0.24769 0.028561
0.1483 0.031241
0.25637 0.02671
0.20843 0.037972
0.14813 0.031044
0.14392 0.030562
0.26344 0.024561
0.13319 0.031105
0.27533 0.026287
0.24408 0.03597
0.13034 0.031976
0.28267 0.021742
0.10964 0.029805
0.28882 0.026573
0.25848 0.035546
0.10792 0.028792
0.29044 0.030619
0.11172 0.031313
0.30222 0.023784
0.12721 0.032858
0.12443 0.033083
0.30629 0.027784
0.26608 0.037136
0.30594 0.030057
0.27918 0.038472
0.14923 0.036717
0.32305 0.02823
0.28605 0.03922
0.32746 0.030542
0.14006 0.033081
0.14563 0.034391
0.14152 0.033171
0.33455 0.031415
0.12947 0.034125
0.3516 0.025142
0.12306 0.03455
0.12943 0.034122
0.12295 0.034583
0.343 0.029974
0.10314 0.028226
0.34522 0.031933
0.26197 0.037725
0.11255 0.033833
0.092133 0.027431
0.36909 0.025861
0.065996 0.029997
0.37453 0.025913
0.21281 0.038412
0.071096 0.029657
0.053083 0.030594
0.37747 0.026012
0.14978 0.03839
0.36661 0.036067
0.23905 0.037744
0.045463 0.029214
0.034024 0.026618
0.32924 0.038116
0.1653 0.039349
0.37611 0.034621
0.17266 0.038894
0.029348 0.027093
0.027645 0.029734
0.32387 0.037232
0.072106 0.032021
0.39121 0.027784
0.032863 0.033984
0.029895 0.032807
0.032921 0.034065
0.35056 0.036735
0.052041 0.032452
0.22451 0.038828
0.068555 0.035697
0.033094 0.034251
0.034111 0.035247
0.38787 0.034978
0.034612 0.036122
0.38445 0.036157
0.085193 0.030215
0.035438 0.036656
0.3888 0.036578
0.047756 0.033652
0.3978 0.035214
0.084146 0.031022
0.037054 0.036825
0.39772 0.0369
0.039604 0.036931
0.35934 0.036379
0.11259 0.036353
0.042491 0.036987
0.048102 0.03731
0.33892 0.037547
0.14914 0.038338
0.40549 0.026224
0.090217 0.033652
0.1291 0.038445
0.080419 0.034899
0.34705 0.037386
0.4059 0.027249
0.307 0.038945
0.41341 0.022307
0.41274 0.026096
0.40768 0.032217
0.097068 0.0345
0.4153 0.032444
0.31337 0.037539
0.076605 0.035354
0.07507 0.035423
0.43212 0.031147
0.42733 0.03374
0.40916 0.036144
0.41464 0.034562
0.43906 0.036746
0.43872 0.036844
0.42272 0.036881
0.41483 0.035513
0.42356 0.036914
0.45814 0.038553
0.45852 0.021748
0.46764 0.023907
0.48322 0.020604
0.50938 0.021864
0.44078 0.024927
0.48934 0.022722
0.44894 0.030708
0.44984 0.032517
0.48349 0.028483
0.50403 0.022268
0.48153 0.034724
0.48655 0.03507
0.49663 0.02907
0.50087 0.02363
0.47642 0.036959
0.49151 0.036161
0.49359 0.026606
0.49901 0.027137
0.49232 0.036213
0.50572 0.039484
0.50758 0.026376
0.5065 0.03236
0.50561 0.039531
0.50387 0.026728
0.53745 0.021368
0.52526 0.021264
0.58806 0.020383
0.55596 0.022735
0.57401 0.025374
0.51448 0.021727
0.54346 0.030511
0.52386 0.024222
0.52192 0.025022
0.56224 0.030481
0.56731 0.035
0.51803 0.025286
0.52917 0.028908
0.53382 0.03557
0.55896 0.036722
0.51915 0.028487
0.52766 0.034064
0.52915 0.038374
0.55968 0.039844
0.52666 0.034154
0.51694 0.030463
0.52671 0.038859
0.51157 0.039976
0.51257 0.028743
0.5341 0.03918
0.6001 0.021302
0.60142 0.027066
0.62097 0.029161
0.70407 0.038095
0.60636 0.035192
0.66241 0.037297
0.60732 0.039285
0.57894 0.034386
0.90596 0.040172
0.58796 0.035925
0.58427 0.039191
0.96953 0.035615
0.97001 0.029061
0.57721 0.040366
0.5925 0.040964
0.91908 0.040949
0.63767 0.036847
0.56377 0.039358
0.51151 0.039994
0.64527 0.039198
0.60892 0.039404
0.63121 0.031677
0.9636 0.038426
0.67022 0.034902
0.92503 0.039613
0.96198 0.025213
0.97423 0.025973
0.9669 0.026936
0.96843 0.027697
0.86933 0.037693
0.62487 0.038539
0.63917 0.029894
0.97554 0.026445
0.6632 0.035717
0.97591 0.026487
0.97587 0.026576
0.97574 0.026315
0.6368 0.026875
0.97513 0.025941
0.78658 0.038953
0.94849 0.03954
0.97507 0.02591
0.77735 0.039408
0.96929 0.024851
0.8516 0.039586
0.96795 0.024746
0.9704 0.024946
0.96492 0.024561
0.65942 0.031712
0.95541 0.038893
0.70829 0.038308
0.95549 0.024191
0.96053 0.024343
0.95851 0.024282
0.65843 0.028052
0.93471 0.039939
0.67396 0.031382
0.90032 0.039517
0.95064 0.02425
0.68163 0.035355
0.86653 0.03882
0.72934 0.040084
0.93291 0.025833
0.93105 0.024554
0.93363 0.025862
0.68997 0.036961
0.9412 0.026583
0.68871 0.034292
0.94535 0.027391
0.94398 0.026941
0.94529 0.027368
0.68925 0.034105
0.94992 0.029063
0.70067 0.037355
0.83316 0.038872
0.94902 0.028784
0.95376 0.032363
0.70121 0.035438
0.80399 0.037917
0.698 0.030848
0.93693 0.035796
0.94779 0.033957
0.93901 0.036029
0.70231 0.029239
0.74417 0.040091
0.70389 0.023454
0.73885 0.040448
0.92636 0.036128
0.92472 0.035762
0.71183 0.026543
0.92215 0.035654
0.72285 0.025927
0.74802 0.039275
0.92018 0.035407
0.91712 0.03497
0.73499 0.039199
0.7644 0.039921
0.73323 0.024828
0.81332 0.039445
0.91189 0.033683
0.91471 0.033982
0.74769 0.033188
0.91396 0.033666
0.76154 0.036072
0.7853 0.037524
0.91415 0.033745
0.91315 0.03321
0.74784 0.026522
0.8124 0.039041
0.75902 0.02673
0.78401 0.035357
0.90899 0.032694
0.77367 0.030976
0.80013 0.037908
0.76578 0.026134
0.79717 0.037397
0.88548 0.039138
0.87506 0.039732
0.77809 0.027712
0.80619 0.034668
0.78666 0.026557
0.82327 0.039071
0.87269 0.038499
0.8736 0.039695
0.79403 0.028442
0.8753 0.0396
0.81771 0.034053
0.82214 0.038717
0.87662 0.039324
0.88482 0.038631
0.81903 0.032378
0.84746 0.035163
0.82428 0.032426
0.84011 0.030455
0.88153 0.036523
0.87875 0.035239
0.82261 0.02714
0.84484 0.031975
0.83098 0.02297
0.85917 0.031451
0.87653 0.032872
0.87737 0.030397
0.84607 0.02471
0.86421 0.028742
0.8541 0.023355
0.88021 0.025145
0.87747 0.02811
0.87782 0.026919
0.87059 0.02235
0.88688 0.0238
0.9488 0.020335
0.94826 0.022068
