348
0.064592 0.020876
0.045032 0.024147
0.11459 0.020605
0.065538 0.025195
0.031278 0.024072
0.066271 0.025222
0.13515 0.020961
0.14412 0.022732
0.17016 0.021702
0.10228 0.028044
0.097819 0.026975
0.10269 0.028221
0.18499 0.025064
0.17449 0.026916
0.18882 0.027986
0.1185 0.028323
0.11009 0.028436
0.11726 0.028225
0.195 0.030464
0.12149 0.02936
0.2008 0.02953
0.18 0.039378
0.12038 0.029664
0.11473 0.030636
0.19719 0.033106
0.11494 0.031237
0.21826 0.026069
0.19209 0.039113
0.11255 0.031278
0.11938 0.031496
0.22697 0.028536
0.12827 0.032658
0.23619 0.026829
0.19144 0.039447
0.12817 0.032457
0.12491 0.032425
0.24263 0.02469
0.11646 0.03239
0.25439 0.026106
0.22098 0.037009
0.11379 0.033051
0.26202 0.021701
0.09432 0.031832
0.26844 0.026556
0.23675 0.035961
0.092855 0.030784
0.27006 0.030667
0.095743 0.033434
0.28131 0.023806
0.11053 0.03375
0.10755 0.033775
0.28562 0.027797
0.24376 0.037584
0.28533 0.030093
0.25776 0.037983
0.12811 0.038935
0.30216 0.028519
0.26532 0.039243
0.30651 0.031202
0.12189 0.035461
0.12582 0.036889
0.12294 0.035572
0.31366 0.03199
0.113 0.035326
0.32902 0.025589
0.10602 0.035266
0.11296 0.035318
0.1059 0.035301
0.32141 0.030707
0.08902 0.030596
0.32371 0.032978
0.23972 0.038104
0.096074 0.036421
0.08072 0.029829
0.34503 0.025993
0.059852 0.032249
0.35023 0.026315
0.19501 0.038936
0.064463 0.032097
0.049018 0.032564
0.35333 0.026522
0.12825 0.040282
0.34199 0.036716
0.21668 0.039848
0.042653 0.030478
0.03279 0.027358
0.30926 0.039296
0.14418 0.038488
0.35097 0.035891
0.15153 0.038277
0.028525 0.027781
0.026866 0.030674
0.3036 0.037921
0.06523 0.035115
0.36524 0.029217
0.030826 0.035478
0.028486 0.034062
0.030862 0.03557
0.32855 0.03807
0.047573 0.03467
0.20576 0.040091
0.061712 0.039484
0.030976 0.035782
0.031651 0.036921
0.36095 0.03715
0.031905 0.037904
0.35844 0.038143
0.075587 0.033449
0.032474 0.038448
0.36135 0.038897
0.043297 0.035619
0.36982 0.03718
0.074816 0.034463
0.033741 0.038668
0.36946 0.03843
0.035732 0.038889
0.33557 0.037632
0.095762 0.039536
0.037921 0.039086
0.042408 0.039656
0.31896 0.03879
0.12779 0.040358
0.37807 0.026659
0.079789 0.038152
0.11279 0.039938
0.071965 0.039324
0.32581 0.038622
0.37847 0.027758
0.28605 0.038788
0.3859 0.022403
0.38526 0.026316
0.37988 0.033003
0.084796 0.039186
0.38721 0.033311
0.2925 0.037711
0.068915 0.03944
0.067662 0.039483
0.40275 0.033155
0.39806 0.035898
0.38085 0.037075
0.38632 0.035588
0.40739 0.03978
0.40708 0.039916
0.39353 0.038839
0.38636 0.036674
0.39427 0.038985
0.42516 0.037256
0.42763 0.021592
0.43766 0.023697
0.45294 0.02063
0.48299 0.021401
0.41001 0.02565
0.45877 0.022732
0.41696 0.031039
0.41748 0.032859
0.45317 0.028843
0.47545 0.021804
0.45002 0.035319
0.45402 0.035752
0.46625 0.027943
0.47114 0.022975
0.44506 0.036632
0.45818 0.035985
0.46306 0.026148
0.46891 0.026
0.45902 0.035876
0.47651 0.03527
0.48049 0.02486
0.47873 0.02954
0.47631 0.035304
0.47524 0.02536
0.51766 0.021099
0.50307 0.021037
0.57798 0.020308
0.54152 0.022296
0.56226 0.024746
0.48948 0.021327
0.52547 0.028141
0.50141 0.023415
0.49908 0.024013
0.54823 0.029013
0.5541 0.033026
0.49422 0.024193
0.50785 0.027427
0.51508 0.032939
0.54445 0.034325
0.49566 0.026766
0.50714 0.031755
0.51021 0.035495
0.54509 0.037068
0.50589 0.031794
0.49297 0.02824
0.50704 0.035628
0.48625 0.035085
0.48689 0.026636
0.51614 0.035665
0.59446 0.020976
0.59609 0.025367
0.61838 0.028988
0.69946 0.036417
0.60389 0.032898
0.65864 0.03835
0.60691 0.036738
0.56774 0.032662
0.90319 0.040386
0.57786 0.032999
0.57302 0.03675
0.96919 0.035762
0.97011 0.029159
0.56537 0.038149
0.5833 0.037001
0.91865 0.039825
0.63443 0.035205
0.54954 0.036901
0.48619 0.03509
0.64252 0.038456
0.60914 0.036922
0.62829 0.031064
0.96305 0.038657
0.66775 0.03739
0.92553 0.038798
0.96216 0.025234
0.97429 0.026035
0.96703 0.026954
0.96855 0.027714
0.86967 0.03591
0.62334 0.038498
0.63738 0.028608
0.97559 0.026512
0.65998 0.037229
0.97595 0.026554
0.97591 0.026644
0.97578 0.026381
0.63451 0.026128
0.97518 0.026002
0.78294 0.039418
0.94774 0.039055
0.97512 0.025971
0.77341 0.038874
0.9694 0.024878
0.85241 0.039551
0.96808 0.024758
0.9705 0.024998
0.96508 0.024576
0.65755 0.032431
0.95408 0.038829
0.70564 0.037066
0.95547 0.024215
0.96075 0.024362
0.95851 0.024303
0.65754 0.028515
0.93596 0.040009
0.67151 0.033866
0.89816 0.040091
0.95077 0.02428
0.6764 0.03861
0.86686 0.037235
0.72632 0.039895
0.93375 0.02585
0.93181 0.024536
0.9345 0.025894
0.6824 0.038594
0.94164 0.026815
0.6817 0.036008
0.94565 0.027766
0.94432 0.027257
0.9456 0.02774
0.68247 0.035575
0.95003 0.029117
0.6946 0.035746
0.83411 0.039341
0.9492 0.02893
0.95338 0.032473
0.69585 0.034026
0.80119 0.036799
0.6925 0.029812
0.93771 0.03629
0.94751 0.034533
0.93922 0.036679
0.69807 0.028392
0.74321 0.039422
0.70001 0.023124
0.73792 0.038967
0.92695 0.035437
0.92516 0.035138
0.70905 0.026413
0.92236 0.035082
0.71924 0.02634
0.74647 0.039879
0.9201 0.034855
0.91633 0.034468
0.73173 0.038056
0.76004 0.039484
0.72927 0.024543
0.81477 0.037698
0.91102 0.033409
0.91395 0.033527
0.7453 0.033731
0.91321 0.033227
0.75784 0.03577
0.78211 0.038092
0.91341 0.033302
0.91245 0.032785
0.74482 0.026772
0.81318 0.037037
0.75563 0.026522
0.78129 0.035917
0.9082 0.03254
0.77118 0.030412
0.79678 0.037631
0.763 0.025674
0.79405 0.037254
0.88604 0.039081
0.8761 0.037993
0.77618 0.027506
0.80439 0.033416
0.78425 0.026781
0.82517 0.039142
0.87344 0.036831
0.87453 0.037767
0.79128 0.028773
0.87636 0.037983
0.81864 0.033678
0.82426 0.038905
0.87778 0.038067
0.88552 0.038678
0.81954 0.032078
0.84712 0.035834
0.82447 0.032544
0.83909 0.030673
0.88273 0.036199
0.87954 0.034565
0.82231 0.02706
0.84394 0.032255
0.82997 0.023107
0.85772 0.031085
0.87695 0.032029
0.87769 0.029749
0.84469 0.024816
0.8628 0.028156
0.85268 0.02339
0.88086 0.024941
0.87778 0.027604
0.87816 0.026507
0.87007 0.022083
0.88734 0.02385
0.94899 0.020342
0.94847 0.022136
