348
0.062702 0.02085
0.042931 0.024241
0.11487 0.0206
0.063641 0.025041
0.030083 0.024517
0.064368 0.025069
0.13687 0.020984
0.14506 0.022803
0.17062 0.021815
0.10333 0.027948
0.098811 0.026578
0.10373 0.028154
0.18489 0.025415
0.17463 0.027139
0.18838 0.028795
0.1191 0.027931
0.11062 0.02859
0.11775 0.027942
0.19381 0.031676
0.12227 0.028685
0.19866 0.029866
0.17776 0.04041
0.12108 0.029032
0.11483 0.030525
0.19531 0.034303
0.11493 0.031093
0.21747 0.026151
0.18932 0.040825
0.11263 0.031364
0.11986 0.030845
0.22531 0.029647
0.12992 0.032046
0.23322 0.02735
0.18875 0.0412
0.1298 0.031851
0.12606 0.03158
0.24006 0.025065
0.11637 0.032049
0.25032 0.026988
0.22178 0.03819
0.11358 0.03298
0.25716 0.021879
0.093993 0.030734
0.26286 0.027181
0.23444 0.036949
0.092588 0.029697
0.26436 0.031534
0.095786 0.03227
0.27529 0.024191
0.11059 0.033928
0.10803 0.033988
0.27888 0.028416
0.24208 0.038861
0.27854 0.030872
0.25419 0.040113
0.12975 0.037793
0.2938 0.028541
0.26079 0.041
0.29816 0.030887
0.12223 0.03426
0.12694 0.035788
0.12352 0.034384
0.30557 0.031465
0.11257 0.035294
0.32124 0.025963
0.10666 0.035398
0.11254 0.035291
0.10656 0.035425
0.31394 0.03088
0.088559 0.029341
0.31619 0.033184
0.23774 0.039381
0.096297 0.034908
0.079474 0.029213
0.33554 0.026654
0.058829 0.031949
0.34058 0.026325
0.1921 0.04099
0.062897 0.031727
0.047717 0.032254
0.34375 0.026192
0.1299 0.039663
0.33379 0.038111
0.21746 0.039916
0.040708 0.030893
0.031434 0.028094
0.29873 0.038276
0.14556 0.038716
0.34327 0.035008
0.15386 0.037954
0.027621 0.028699
0.026179 0.031939
0.29238 0.037754
0.06398 0.034636
0.35783 0.028447
0.03045 0.037086
0.027999 0.035695
0.0305 0.03718
0.32116 0.039362
0.047013 0.03441
0.20301 0.039224
0.061653 0.03888
0.030647 0.037392
0.031513 0.038516
0.35573 0.035699
0.031952 0.039517
0.35242 0.036147
0.0742 0.032646
0.032659 0.040083
0.3571 0.037682
0.043209 0.035842
0.36448 0.037955
0.073407 0.03364
0.034026 0.040151
0.36469 0.040049
0.036283 0.040043
0.32797 0.03955
0.095942 0.037549
0.038658 0.039911
0.043973 0.039889
0.31035 0.038688
0.12933 0.039731
0.36933 0.027804
0.077473 0.036959
0.11183 0.040055
0.070681 0.038417
0.3184 0.039558
0.36963 0.029099
0.27913 0.040694
0.37595 0.0229
0.37538 0.027664
0.37123 0.035339
0.082786 0.038044
0.37747 0.035447
0.2839 0.039758
0.067798 0.039079
0.066633 0.039203
0.39134 0.033434
0.387 0.036747
0.37259 0.040265
0.377 0.038137
0.39689 0.039706
0.39664 0.039947
0.38326 0.041136
0.37716 0.039285
0.38392 0.041241
0.4145 0.037017
0.4151 0.021627
0.42543 0.023699
0.44032 0.02068
0.46405 0.021776
0.39814 0.025767
0.44566 0.023188
0.40507 0.031465
0.40595 0.033056
0.44053 0.029571
0.45864 0.022276
0.43869 0.03646
0.44279 0.037545
0.45141 0.03013
0.45528 0.023889
0.43456 0.038658
0.44583 0.038609
0.44894 0.02749
0.45355 0.027855
0.44637 0.038523
0.45794 0.039155
0.46221 0.026173
0.46055 0.032065
0.45777 0.039266
0.45848 0.026762
0.49346 0.021306
0.4803 0.021226
0.55154 0.020288
0.51277 0.022462
0.53329 0.02431
0.46975 0.021693
0.49897 0.029971
0.47894 0.024097
0.47709 0.02489
0.51933 0.029448
0.52418 0.032602
0.4734 0.025162
0.48436 0.028697
0.48985 0.035052
0.51303 0.035151
0.47448 0.028244
0.48285 0.033637
0.48469 0.037941
0.51241 0.038427
0.48182 0.033696
0.47221 0.030251
0.48205 0.038342
0.46531 0.038961
0.46776 0.028496
0.49034 0.038684
0.56884 0.020941
0.57075 0.025161
0.59803 0.026228
0.69113 0.037935
0.57671 0.03088
0.65128 0.036555
0.57648 0.033785
0.53985 0.031295
0.90065 0.037514
0.55053 0.031926
0.54555 0.034193
0.96959 0.035702
0.97007 0.029117
0.53573 0.036171
0.55679 0.034955
0.91649 0.038759
0.6216 0.032734
0.51763 0.037621
0.46522 0.038965
0.63095 0.035457
0.57785 0.033976
0.61301 0.028301
0.9637 0.038411
0.65868 0.035508
0.92334 0.037917
0.96209 0.0252
0.97427 0.02601
0.96698 0.026955
0.9685 0.02773
0.85973 0.035394
0.60156 0.032417
0.62382 0.027666
0.97557 0.026485
0.65203 0.035295
0.97593 0.026527
0.97589 0.026617
0.97577 0.026354
0.62081 0.025197
0.97516 0.025977
0.77584 0.038979
0.94841 0.039147
0.9751 0.025946
0.76766 0.040181
0.96936 0.024877
0.83819 0.038562
0.96803 0.024765
0.97046 0.024977
0.96502 0.024564
0.64799 0.030904
0.95545 0.038711
0.69554 0.038043
0.95554 0.024151
0.96065 0.024325
0.95861 0.024255
0.64688 0.027427
0.93395 0.03881
0.66232 0.032031
0.89374 0.037103
0.95061 0.024187
0.66942 0.035646
0.8562 0.036445
0.71473 0.038727
0.9322 0.025477
0.9302 0.024254
0.93297 0.025515
0.67762 0.037298
0.94104 0.026325
0.67622 0.034598
0.94524 0.027181
0.94385 0.026719
0.94519 0.027158
0.67677 0.034385
0.94989 0.028916
0.68783 0.036843
0.81989 0.039661
0.94897 0.02862
0.95378 0.032222
0.68838 0.035042
0.79492 0.037953
0.68533 0.030666
0.93642 0.034996
0.94771 0.033651
0.93869 0.035307
0.68961 0.029164
0.73209 0.038947
0.69122 0.023483
0.72589 0.03884
0.92494 0.034811
0.92318 0.034388
0.69952 0.026585
0.92038 0.034154
0.71005 0.025895
0.73618 0.038304
0.91817 0.033829
0.91461 0.03328
0.72148 0.03754
0.7545 0.039201
0.7211 0.024453
0.80389 0.039719
0.90859 0.031856
0.91186 0.03229
0.73643 0.032522
0.91101 0.031978
0.7512 0.035313
0.77467 0.037616
0.91124 0.032057
0.91012 0.031531
0.7368 0.026196
0.80314 0.039222
0.74856 0.026359
0.77354 0.035516
0.90532 0.030977
0.76369 0.031146
0.79083 0.037159
0.75574 0.025934
0.78775 0.03635
0.87786 0.037034
0.86611 0.037209
0.7681 0.028067
0.79686 0.03456
0.77588 0.026687
0.81209 0.040291
0.86357 0.03598
0.86446 0.037087
0.78366 0.02826
0.8664 0.037085
0.80758 0.03448
0.81118 0.039759
0.86793 0.036875
0.87722 0.036563
0.80883 0.032826
0.83499 0.034591
0.81357 0.033189
0.82874 0.030703
0.87386 0.034601
0.87083 0.033393
0.81217 0.027598
0.83322 0.031674
0.82 0.023117
0.84881 0.030191
0.86858 0.031246
0.86981 0.029105
0.83488 0.024564
0.85457 0.027681
0.84336 0.023129
0.87312 0.024539
0.86996 0.027105
0.87037 0.026069
0.86206 0.022041
0.88059 0.023397
0.94875 0.020328
0.9482 0.022025
