348
0.074803 0.020716
0.050718 0.023318
0.13097 0.02056
0.075959 0.024252
0.03364 0.023338
0.076854 0.024281
0.1542 0.020896
0.16315 0.022803
0.18806 0.021696
0.11749 0.027482
0.11271 0.026511
0.11796 0.027643
0.20319 0.025172
0.19249 0.026751
0.20679 0.028293
0.13504 0.027575
0.1262 0.027807
0.13376 0.027526
0.21254 0.030691
0.13812 0.028399
0.21814 0.028953
0.19611 0.0393
0.13693 0.02872
0.13111 0.029823
0.21397 0.033061
0.13129 0.030366
0.23957 0.025366
0.20797 0.039702
0.12875 0.030489
0.1359 0.030412
0.24851 0.028646
0.1464 0.030949
0.2571 0.027362
0.20733 0.040082
0.14628 0.030783
0.14231 0.030941
0.26307 0.025123
0.13279 0.031352
0.27372 0.026739
0.24276 0.035672
0.12993 0.032065
0.28065 0.021766
0.10895 0.031083
0.28695 0.026374
0.25735 0.037228
0.10754 0.030126
0.28868 0.03024
0.11025 0.032547
0.30099 0.023729
0.1264 0.032728
0.12319 0.032682
0.30514 0.027853
0.26356 0.039259
0.30488 0.030148
0.27562 0.03938
0.1463 0.036292
0.32133 0.028448
0.28245 0.039242
0.32574 0.031027
0.13828 0.033779
0.14334 0.03474
0.13962 0.033803
0.33303 0.031957
0.12891 0.034175
0.34856 0.025755
0.12141 0.034079
0.12887 0.034169
0.12128 0.034114
0.3407 0.030571
0.10354 0.029864
0.34322 0.03293
0.25987 0.039688
0.11033 0.035305
0.094351 0.028492
0.36295 0.027027
0.069634 0.029954
0.36727 0.027141
0.21062 0.039577
0.074778 0.029879
0.056343 0.029945
0.36985 0.027194
0.14651 0.037439
0.36049 0.039412
0.23702 0.036923
0.048005 0.028423
0.035467 0.026016
0.32815 0.038975
0.16386 0.039167
0.36735 0.037874
0.17029 0.039524
0.030309 0.026434
0.028432 0.028826
0.32215 0.037708
0.075791 0.032359
0.38161 0.029189
0.034187 0.032707
0.030913 0.031621
0.034251 0.032781
0.34887 0.038512
0.055203 0.031635
0.22112 0.037833
0.072198 0.035852
0.034441 0.03295
0.035563 0.033863
0.37652 0.037759
0.036116 0.034662
0.37373 0.039208
0.08801 0.031262
0.037027 0.035153
0.37678 0.039501
0.050514 0.032528
0.38577 0.037145
0.087023 0.032065
0.038809 0.035318
0.38533 0.038385
0.041594 0.035434
0.35547 0.039239
0.10974 0.038223
0.044753 0.035506
0.050893 0.035904
0.33853 0.038567
0.14591 0.037558
0.39435 0.026599
0.092377 0.035449
0.12835 0.038379
0.083481 0.035936
0.34588 0.038767
0.39475 0.027678
0.30553 0.038988
0.40232 0.022314
0.40166 0.026098
0.39611 0.032806
0.097901 0.036995
0.40368 0.032769
0.31123 0.038112
0.08003 0.03613
0.078637 0.036085
0.42018 0.032522
0.41531 0.035069
0.397 0.036761
0.4027 0.034994
0.4254 0.038947
0.42506 0.039068
0.41051 0.03786
0.40273 0.036037
0.41133 0.03799
0.44373 0.038494
0.44531 0.021745
0.45396 0.024345
0.46666 0.020763
0.49006 0.021917
0.42777 0.025439
0.47141 0.023361
0.43505 0.030969
0.43576 0.032832
0.46687 0.030712
0.48456 0.022391
0.46436 0.038536
0.46795 0.03905
0.47758 0.030124
0.48142 0.023873
0.45974 0.040098
0.47172 0.039782
0.47493 0.02773
0.47973 0.027736
0.47248 0.039755
0.48631 0.040408
0.48823 0.02658
0.48716 0.032827
0.48618 0.040445
0.48441 0.027099
0.51633 0.021387
0.50505 0.021359
0.56942 0.020324
0.53588 0.022663
0.55452 0.025169
0.49481 0.021788
0.52261 0.03007
0.50377 0.024489
0.50197 0.0253
0.54189 0.030163
0.54707 0.034452
0.49827 0.025594
0.50874 0.029627
0.51404 0.036449
0.53834 0.036411
0.49932 0.029001
0.50799 0.035264
0.51015 0.039956
0.53886 0.0395
0.50703 0.035355
0.49734 0.031023
0.50771 0.040317
0.49277 0.040467
0.49291 0.028989
0.51468 0.039864
0.58483 0.021049
0.58637 0.025734
0.6072 0.029422
0.69283 0.039649
0.59305 0.033633
0.65237 0.035571
0.59498 0.037767
0.55931 0.033526
0.90005 0.038802
0.56895 0.033634
0.56409 0.037664
0.9703 0.037072
0.97086 0.029917
0.55711 0.039552
0.57364 0.03784
0.91772 0.037731
0.62323 0.033678
0.54289 0.038951
0.49272 0.040479
0.63232 0.036022
0.59696 0.038104
0.61661 0.030557
0.96495 0.039712
0.6635 0.034808
0.92589 0.036642
0.96353 0.025501
0.97473 0.026534
0.96802 0.027463
0.96942 0.028333
0.86705 0.037422
0.60988 0.038438
0.62715 0.027566
0.97593 0.027051
0.65398 0.034628
0.97626 0.027097
0.97622 0.027194
0.97611 0.026908
0.62399 0.02552
0.97555 0.026499
0.77951 0.038708
0.95076 0.038692
0.97549 0.026465
0.76658 0.036303
0.97021 0.025285
0.84986 0.037271
0.96899 0.025129
0.97122 0.025412
0.96622 0.02487
0.65086 0.030546
0.95687 0.039186
0.69757 0.039473
0.95709 0.024304
0.96222 0.024558
0.96016 0.024453
0.65079 0.027223
0.93871 0.038344
0.66763 0.03194
0.89432 0.038759
0.95233 0.024279
0.67473 0.037714
0.86479 0.038282
0.7175 0.039642
0.9344 0.025278
0.9322 0.024046
0.93525 0.025342
0.68133 0.039968
0.94307 0.026434
0.68031 0.036932
0.94714 0.027496
0.94579 0.026954
0.94709 0.027469
0.68079 0.036679
0.95159 0.029084
0.6895 0.039523
0.8272 0.036236
0.95074 0.028837
0.95535 0.032634
0.6903 0.037238
0.79475 0.038831
0.68757 0.032203
0.94011 0.035073
0.94979 0.034187
0.94192 0.035572
0.69185 0.030146
0.73513 0.039594
0.69337 0.023722
0.72988 0.039114
0.92722 0.033639
0.9251 0.033411
0.7013 0.027092
0.92181 0.033417
0.71095 0.026443
0.73785 0.040112
0.91915 0.033259
0.91488 0.032986
0.72366 0.037581
0.7504 0.038611
0.7212 0.024469
0.80557 0.038518
0.90892 0.032122
0.91219 0.032184
0.73725 0.033857
0.91136 0.031926
0.74883 0.035377
0.77813 0.037211
0.91158 0.03199
0.9105 0.031541
0.73692 0.02683
0.80422 0.038326
0.74745 0.026553
0.77668 0.034946
0.90577 0.031419
0.76413 0.029146
0.79138 0.039772
0.75487 0.025304
0.78901 0.039374
0.8811 0.03918
0.87226 0.039519
0.76996 0.026573
0.79697 0.035078
0.77927 0.026579
0.81571 0.037514
0.87013 0.038619
0.871 0.039498
0.78573 0.029325
0.87246 0.039473
0.8097 0.033416
0.81458 0.037483
0.87361 0.03936
0.88057 0.038855
0.81079 0.031731
0.84338 0.033625
0.81597 0.031537
0.83376 0.029033
0.8779 0.036721
0.8753 0.035397
0.81392 0.026649
0.83959 0.030477
0.82296 0.022676
0.85551 0.030497
0.87325 0.032959
0.87402 0.030442
0.84046 0.024124
0.86078 0.028236
0.84963 0.023
0.87689 0.025167
0.87413 0.028139
0.87447 0.026944
0.86726 0.02229
0.88344 0.023821
0.95053 0.020338
0.95 0.022096
