348
0.070689 0.020735
0.048577 0.023703
0.12456 0.020565
0.071862 0.024333
0.032975 0.023552
0.072769 0.024332
0.14794 0.020909
0.15733 0.022506
0.18208 0.021854
0.11262 0.028291
0.10863 0.027022
0.11302 0.028492
0.19717 0.024806
0.18642 0.02721
0.20132 0.027556
0.12906 0.027512
0.1202 0.028276
0.12743 0.027515
0.20792 0.029939
0.13286 0.028238
0.2137 0.029031
0.19167 0.039004
0.13148 0.028576
0.12461 0.029929
0.20989 0.032512
0.12468 0.030485
0.23389 0.025609
0.20414 0.038469
0.12234 0.030721
0.13002 0.030307
0.2423 0.029081
0.14123 0.031708
0.25052 0.027367
0.20345 0.038754
0.14106 0.03148
0.13698 0.0308
0.25627 0.024941
0.12595 0.031449
0.26804 0.026274
0.23706 0.036465
0.12319 0.032321
0.27545 0.02178
0.1052 0.031706
0.28147 0.027
0.25117 0.037195
0.10362 0.030567
0.28302 0.031271
0.10667 0.033425
0.29403 0.0238
0.11994 0.033573
0.11709 0.034415
0.29845 0.027585
0.25784 0.038496
0.29823 0.029838
0.27167 0.038897
0.14251 0.037875
0.31476 0.028446
0.27817 0.040508
0.31929 0.031089
0.13312 0.0336
0.13868 0.034865
0.13454 0.033589
0.32685 0.031736
0.12199 0.034595
0.34207 0.025462
0.11544 0.036092
0.12195 0.034591
0.11533 0.036126
0.33477 0.030414
0.099499 0.029897
0.33695 0.032617
0.25361 0.03914
0.10703 0.0365
0.090533 0.0286
0.35894 0.025985
0.065167 0.030556
0.36427 0.026401
0.20722 0.038288
0.070789 0.030147
0.053024 0.031278
0.36724 0.026466
0.14298 0.038793
0.35675 0.036482
0.23235 0.038353
0.045994 0.029328
0.034713 0.026435
0.32234 0.039203
0.16105 0.036255
0.36629 0.035962
0.17017 0.03935
0.029807 0.026764
0.028017 0.029279
0.31661 0.038106
0.072125 0.032588
0.37941 0.028868
0.03272 0.033583
0.029959 0.032224
0.032763 0.033667
0.34166 0.03819
0.051444 0.033245
0.21811 0.038765
0.067752 0.036581
0.032899 0.033862
0.033698 0.034903
0.37603 0.036967
0.034009 0.035798
0.37322 0.038196
0.085372 0.031465
0.034671 0.036296
0.37686 0.03857
0.046798 0.034054
0.3856 0.036463
0.084686 0.032299
0.036128 0.03654
0.38548 0.037643
0.038401 0.036817
0.35032 0.03719
0.10682 0.03957
0.040871 0.037069
0.04589 0.03762
0.33251 0.038597
0.14224 0.0385
0.39276 0.026585
0.091883 0.036232
0.12091 0.039031
0.082297 0.036278
0.33882 0.038503
0.39318 0.027665
0.29915 0.03789
0.40027 0.022306
0.3996 0.026089
0.39516 0.032844
0.096627 0.037616
0.40178 0.032675
0.3061 0.03815
0.07802 0.035902
0.076232 0.035915
0.41964 0.031065
0.41398 0.033549
0.39659 0.036916
0.40106 0.034938
0.42624 0.037527
0.42585 0.037558
0.40822 0.036681
0.40117 0.03598
0.40921 0.036664
0.44455 0.03899
0.44585 0.021774
0.4542 0.024326
0.46785 0.020721
0.49178 0.021888
0.42817 0.025054
0.47314 0.023156
0.43567 0.030701
0.4364 0.03266
0.46808 0.030126
0.48649 0.022374
0.46627 0.037419
0.47044 0.038232
0.47921 0.029871
0.48329 0.023876
0.46201 0.038723
0.47448 0.038596
0.47654 0.027361
0.48146 0.027681
0.47517 0.038591
0.48874 0.040359
0.49001 0.026496
0.48905 0.032703
0.48862 0.040393
0.48634 0.027049
0.51883 0.021362
0.50696 0.021323
0.57177 0.020336
0.53797 0.022682
0.55703 0.025102
0.49671 0.021782
0.52508 0.030105
0.50568 0.024382
0.50393 0.025189
0.54398 0.030069
0.54894 0.034101
0.50031 0.025512
0.51085 0.029322
0.51653 0.036026
0.53922 0.036512
0.50139 0.028852
0.51023 0.034785
0.5126 0.039313
0.5392 0.03964
0.50923 0.034899
0.49937 0.030883
0.51012 0.039665
0.49516 0.040477
0.49473 0.028986
0.51723 0.039405
0.5861 0.021184
0.58746 0.026571
0.6066 0.028855
0.68508 0.038272
0.59324 0.035513
0.64545 0.040046
0.59502 0.039913
0.56202 0.033613
0.90209 0.03938
0.57187 0.034179
0.56722 0.038083
0.97016 0.035692
0.97001 0.029087
0.55945 0.039446
0.57723 0.039204
0.91593 0.039053
0.62337 0.034804
0.54377 0.038848
0.49511 0.040486
0.6311 0.039352
0.59653 0.039895
0.61728 0.030633
0.96543 0.038805
0.6536 0.038643
0.92331 0.037204
0.96198 0.02529
0.97424 0.025975
0.9669 0.026965
0.96843 0.027704
0.86464 0.035193
0.61006 0.037621
0.62663 0.028701
0.97554 0.026447
0.64675 0.03893
0.97591 0.026489
0.97587 0.026578
0.97574 0.026317
0.62384 0.025993
0.97513 0.025942
0.77042 0.03958
0.9507 0.039317
0.97507 0.025912
0.76102 0.039321
0.9693 0.024858
0.84347 0.035739
0.96796 0.024756
0.9704 0.02495
0.96493 0.024599
0.64528 0.033545
0.95777 0.039373
0.69011 0.039222
0.95558 0.024312
0.96058 0.02442
0.95854 0.024377
0.64569 0.029285
0.93627 0.038192
0.65749 0.034486
0.89666 0.038419
0.95095 0.024412
0.6619 0.03908
0.86184 0.036023
0.71027 0.03841
0.933 0.025174
0.93075 0.023948
0.93387 0.025246
0.66857 0.038691
0.94196 0.026427
0.66814 0.036033
0.94591 0.02755
0.9446 0.026985
0.94586 0.027523
0.66895 0.035678
0.95023 0.029355
0.68076 0.037178
0.82089 0.03662
0.94941 0.029049
0.95454 0.032835
0.68199 0.035384
0.78804 0.037197
0.67924 0.030608
0.93822 0.034993
0.94906 0.034472
0.94056 0.035573
0.68427 0.02929
0.73001 0.037885
0.68599 0.023486
0.72387 0.037373
0.92513 0.03396
0.92296 0.033884
0.69388 0.027087
0.91957 0.034144
0.7034 0.026235
0.73408 0.038852
0.91743 0.03414
0.91385 0.034129
0.71672 0.036254
0.74864 0.040215
0.71454 0.024113
0.8001 0.037778
0.9087 0.033224
0.91154 0.033434
0.73222 0.032881
0.91081 0.033204
0.74588 0.036089
0.76946 0.038357
0.911 0.033262
0.91005 0.032769
0.73143 0.026318
0.79869 0.037238
0.74283 0.026522
0.76841 0.036176
0.90592 0.032099
0.75783 0.030647
0.78386 0.038002
0.74984 0.025897
0.78104 0.037525
0.88248 0.037405
0.87151 0.037417
0.76272 0.027671
0.7908 0.033714
0.77062 0.026868
0.81032 0.037575
0.86865 0.03653
0.86988 0.037369
0.77752 0.028815
0.87177 0.037384
0.80408 0.033275
0.80924 0.037546
0.87324 0.03733
0.88182 0.037099
0.80513 0.031605
0.83668 0.033116
0.81042 0.031534
0.82781 0.029011
0.87829 0.035061
0.87457 0.033778
0.80827 0.026595
0.83308 0.030221
0.81699 0.022708
0.85063 0.029235
0.87164 0.031514
0.87214 0.02927
0.83416 0.023996
0.85683 0.027196
0.8442 0.022709
0.87529 0.024613
0.87214 0.027225
0.87253 0.026169
0.86435 0.021986
0.88263 0.023457
0.9492 0.020345
0.94869 0.022134
