348
0.065017 0.020866
0.045163 0.024094
0.11443 0.02059
0.065974 0.025134
0.031305 0.024059
0.066715 0.025162
0.1356 0.020932
0.14484 0.022655
0.17036 0.021864
0.10183 0.028104
0.097446 0.027149
0.10225 0.028269
0.18403 0.025418
0.17431 0.027525
0.18765 0.028492
0.11843 0.028103
0.10982 0.028241
0.11716 0.028012
0.1934 0.03074
0.12151 0.029103
0.19897 0.02936
0.17923 0.040949
0.12036 0.029401
0.11455 0.030369
0.19508 0.033253
0.11473 0.030955
0.21815 0.025641
0.18975 0.040122
0.11228 0.031005
0.11929 0.031189
0.22732 0.028135
0.1285 0.032278
0.23692 0.026593
0.18915 0.040574
0.12839 0.032084
0.12501 0.032068
0.24357 0.02455
0.11624 0.032072
0.25564 0.025943
0.22067 0.035925
0.11345 0.032728
0.26348 0.021651
0.094037 0.032292
0.27011 0.026349
0.23744 0.035414
0.092713 0.031265
0.27182 0.030382
0.09526 0.033885
0.28315 0.023952
0.11002 0.033428
0.10691 0.033599
0.28711 0.02829
0.24479 0.037074
0.28686 0.030715
0.25934 0.037481
0.12833 0.038368
0.30259 0.028658
0.26743 0.038653
0.30695 0.031123
0.12179 0.035034
0.12591 0.036398
0.12289 0.035135
0.31428 0.031748
0.11249 0.034952
0.32993 0.025564
0.10519 0.035167
0.11245 0.034945
0.10506 0.03521
0.32227 0.030576
0.08912 0.031155
0.32452 0.03285
0.24059 0.037524
0.095376 0.036957
0.081254 0.030079
0.34596 0.026003
0.060288 0.032085
0.35114 0.026335
0.19234 0.039516
0.064982 0.031951
0.049248 0.032367
0.35423 0.026543
0.12848 0.039679
0.34292 0.036725
0.21556 0.038341
0.042747 0.030361
0.03282 0.027326
0.30919 0.038906
0.1455 0.037969
0.35188 0.035941
0.15342 0.038043
0.028545 0.027763
0.026883 0.030649
0.30329 0.038108
0.065914 0.034936
0.3661 0.029251
0.030856 0.035432
0.028508 0.034029
0.030892 0.035524
0.3293 0.037982
0.047799 0.034455
0.20282 0.039069
0.062445 0.039235
0.031007 0.035734
0.031685 0.036862
0.36182 0.037211
0.03194 0.037837
0.35932 0.038205
0.07645 0.03357
0.032511 0.038372
0.36222 0.038964
0.043432 0.035437
0.37066 0.037245
0.075749 0.034558
0.033783 0.038575
0.3703 0.0385
0.03578 0.038769
0.33644 0.037602
0.094923 0.04021
0.037975 0.038935
0.042541 0.039439
0.31951 0.038511
0.12799 0.03976
0.37888 0.026677
0.081192 0.038585
0.11198 0.039455
0.073192 0.03928
0.32651 0.038478
0.37928 0.027779
0.28783 0.040045
0.38669 0.022407
0.38606 0.026327
0.38069 0.033035
0.085579 0.039946
0.38801 0.03333
0.29321 0.038935
0.069997 0.039231
0.068685 0.039267
0.40353 0.033174
0.39884 0.035919
0.38165 0.037114
0.38712 0.035612
0.40816 0.03981
0.40785 0.039946
0.39432 0.038862
0.38716 0.036701
0.39506 0.039008
0.42589 0.037319
0.42834 0.021599
0.43834 0.023715
0.45353 0.020634
0.4834 0.021409
0.41078 0.025659
0.45931 0.022748
0.41771 0.031068
0.41824 0.032893
0.45375 0.028897
0.4759 0.021814
0.45062 0.035413
0.4546 0.035847
0.46676 0.027989
0.47162 0.022993
0.44569 0.036727
0.45873 0.03608
0.46359 0.026184
0.4694 0.026034
0.45957 0.035971
0.47695 0.035358
0.48091 0.024888
0.47916 0.029595
0.47675 0.035392
0.4757 0.025391
0.51786 0.021107
0.50336 0.021044
0.5777 0.02031
0.54151 0.022314
0.5621 0.024781
0.48985 0.021335
0.5256 0.028209
0.50171 0.023437
0.4994 0.024038
0.54818 0.029081
0.55399 0.033122
0.49456 0.024218
0.50811 0.027476
0.51529 0.033032
0.54442 0.034438
0.49599 0.026807
0.50741 0.031831
0.51045 0.035598
0.54506 0.037201
0.50616 0.03187
0.49332 0.028289
0.50731 0.03573
0.48665 0.035172
0.48728 0.026674
0.51634 0.03578
0.59409 0.020981
0.59571 0.025393
0.61793 0.02899
0.69901 0.036534
0.60347 0.032943
0.65834 0.0383
0.60649 0.036787
0.56754 0.032754
0.90325 0.039968
0.57759 0.033086
0.57278 0.036868
0.96911 0.035979
0.97022 0.029263
0.56519 0.038281
0.58299 0.037108
0.91945 0.039022
0.63401 0.035153
0.54948 0.037027
0.48658 0.035177
0.64214 0.038373
0.60872 0.036965
0.62786 0.031038
0.96275 0.039253
0.66746 0.037395
0.92693 0.037831
0.96236 0.025411
0.97436 0.026103
0.96718 0.027091
0.96867 0.027832
0.8693 0.035842
0.62289 0.038478
0.63698 0.028576
0.97564 0.026585
0.6597 0.03719
0.976 0.026629
0.97596 0.026719
0.97583 0.026453
0.6341 0.026107
0.97524 0.02607
0.78283 0.039379
0.94925 0.04021
0.97517 0.026038
0.77325 0.038745
0.96952 0.024941
0.85196 0.039436
0.96821 0.024837
0.9706 0.025055
0.96524 0.024692
0.65725 0.032394
0.95462 0.039908
0.70515 0.037184
0.95598 0.02444
0.96096 0.024528
0.95882 0.024494
0.65724 0.028489
0.93861 0.039756
0.67121 0.033886
0.89804 0.039758
0.95159 0.024567
0.67609 0.038667
0.86648 0.037157
0.72577 0.039823
0.935 0.025671
0.93295 0.024341
0.9358 0.025742
0.68207 0.038687
0.94306 0.02695
0.68139 0.036084
0.94681 0.028117
0.94557 0.027524
0.94676 0.028088
0.68215 0.035653
0.95091 0.029746
0.69418 0.035862
0.83362 0.039405
0.95013 0.029539
0.95403 0.033212
0.69543 0.034129
0.80104 0.036945
0.6921 0.029886
0.94005 0.036248
0.94881 0.035379
0.94164 0.036804
0.69763 0.028452
0.74277 0.039258
0.69955 0.023147
0.73743 0.038824
0.92821 0.034611
0.92625 0.034371
0.70853 0.026457
0.92321 0.034385
0.71865 0.026346
0.74606 0.039699
0.92076 0.034222
0.91681 0.033937
0.73121 0.03794
0.75977 0.039307
0.72873 0.024518
0.81443 0.037916
0.91128 0.033029
0.91432 0.033081
0.74488 0.03361
0.91354 0.032806
0.75755 0.035624
0.78201 0.038048
0.91374 0.032875
0.91273 0.032394
0.7444 0.026712
0.81287 0.037259
0.75531 0.02646
0.78119 0.035871
0.90834 0.032225
0.771 0.030329
0.79666 0.037734
0.76275 0.025623
0.79393 0.037325
0.88578 0.038918
0.87576 0.037888
0.77604 0.027465
0.8042 0.03356
0.78414 0.026772
0.82473 0.039291
0.87309 0.036746
0.87418 0.037671
0.79116 0.028794
0.87602 0.037877
0.81825 0.033824
0.82382 0.03906
0.87744 0.037953
0.88525 0.03852
0.81914 0.032202
0.84663 0.035767
0.82403 0.032646
0.83857 0.030678
0.88244 0.036075
0.87921 0.034466
0.82188 0.027124
0.84343 0.032226
0.8295 0.023124
0.8573 0.031026
0.87662 0.031956
0.87735 0.029688
0.84419 0.024803
0.86241 0.028116
0.85223 0.02337
0.88055 0.024906
0.87744 0.027557
0.87783 0.026465
0.86971 0.022074
0.88708 0.023816
0.94993 0.020365
0.94944 0.022272
