348
0.066152 0.020885
0.046516 0.024049
0.11716 0.020582
0.067082 0.025255
0.03211 0.023813
0.067802 0.025287
0.13925 0.020948
0.14784 0.022939
0.17133 0.021824
0.1047 0.027877
0.10025 0.026751
0.10512 0.028058
0.1856 0.024998
0.17536 0.027276
0.18962 0.027692
0.12126 0.027901
0.1126 0.028253
0.11987 0.027843
0.19606 0.029677
0.12448 0.028796
0.20231 0.028537
0.17983 0.039955
0.12326 0.029116
0.11721 0.030227
0.19801 0.032003
0.11732 0.030801
0.22255 0.026245
0.19172 0.038118
0.1149 0.030924
0.122 0.030887
0.22979 0.030207
0.13178 0.031827
0.2372 0.027956
0.19098 0.03852
0.13167 0.031629
0.12801 0.031548
0.24279 0.025141
0.11868 0.031856
0.25444 0.026219
0.22595 0.038885
0.11591 0.032597
0.26192 0.02176
0.096583 0.03136
0.26801 0.026878
0.23768 0.038417
0.095017 0.030306
0.26972 0.031232
0.098101 0.032965
0.28032 0.023977
0.11257 0.033468
0.10963 0.033708
0.28446 0.028146
0.24427 0.038962
0.2842 0.030548
0.25888 0.038504
0.13142 0.037707
0.30015 0.028759
0.26618 0.040095
0.30432 0.031408
0.12415 0.03454
0.12872 0.035661
0.12538 0.034588
0.31159 0.031975
0.11482 0.034837
0.32678 0.025788
0.10801 0.03515
0.11479 0.034831
0.1079 0.035181
0.31949 0.0309
0.09094 0.029988
0.32185 0.033291
0.24014 0.040179
0.098499 0.035899
0.08216 0.02957
0.34231 0.02599
0.061791 0.032304
0.34763 0.026201
0.19487 0.037621
0.066321 0.03222
0.050746 0.03243
0.35081 0.026368
0.13156 0.038909
0.33985 0.036883
0.22249 0.040385
0.044144 0.030164
0.033732 0.026922
0.30671 0.039565
0.14996 0.039935
0.3493 0.035537
0.1568 0.040468
0.029153 0.027247
0.027426 0.029941
0.30084 0.038539
0.06741 0.035285
0.36289 0.029589
0.031891 0.034527
0.029279 0.033097
0.031933 0.034616
0.32686 0.038713
0.049439 0.034478
0.20802 0.037545
0.064487 0.039641
0.032067 0.034825
0.03285 0.035938
0.36021 0.037613
0.03317 0.036889
0.35771 0.03839
0.077357 0.033403
0.033815 0.037425
0.361 0.039459
0.045154 0.035256
0.36843 0.038463
0.076707 0.034467
0.035214 0.037705
0.36833 0.039799
0.037404 0.038039
0.33365 0.038202
0.098251 0.038929
0.039805 0.038372
0.044497 0.039159
0.31712 0.039051
0.13096 0.03888
0.37459 0.0271
0.08194 0.037847
0.11402 0.039162
0.074459 0.039557
0.32423 0.039166
0.37496 0.028244
0.28511 0.039773
0.38191 0.022398
0.38123 0.026341
0.37672 0.033635
0.087031 0.038449
0.38375 0.033106
0.29095 0.038756
0.071519 0.039633
0.070297 0.039706
0.40038 0.031836
0.39559 0.034526
0.37813 0.037727
0.38307 0.035454
0.40628 0.037471
0.40592 0.037587
0.39106 0.037433
0.38324 0.036517
0.39186 0.037515
0.4263 0.037549
0.42755 0.021648
0.43661 0.024095
0.45052 0.020685
0.47938 0.021404
0.40837 0.024958
0.45589 0.022916
0.41653 0.029991
0.4174 0.031752
0.45072 0.029609
0.47197 0.021831
0.448 0.036712
0.45165 0.037061
0.46294 0.028284
0.46774 0.023055
0.44355 0.038258
0.45544 0.037089
0.45986 0.026476
0.46555 0.026205
0.45621 0.03693
0.47301 0.03547
0.47692 0.024889
0.47519 0.029628
0.47282 0.03551
0.47177 0.025443
0.51503 0.021042
0.49978 0.021006
0.57839 0.02031
0.54053 0.02216
0.56232 0.02459
0.48596 0.021315
0.52331 0.027638
0.49808 0.023319
0.49572 0.023913
0.54761 0.028532
0.55379 0.032431
0.49077 0.024117
0.50477 0.027152
0.51233 0.032321
0.54361 0.033513
0.49223 0.02663
0.50404 0.031331
0.50724 0.03487
0.5443 0.03611
0.50273 0.031389
0.4895 0.028107
0.50393 0.035067
0.48268 0.035024
0.48332 0.026602
0.51344 0.034895
0.5943 0.021042
0.59587 0.025768
0.61571 0.029654
0.6947 0.038089
0.60268 0.034313
0.65535 0.038512
0.60497 0.0388
0.56792 0.032352
0.90144 0.039059
0.57827 0.033066
0.57331 0.03658
0.96968 0.035085
0.96962 0.028735
0.5655 0.037637
0.58349 0.037376
0.91695 0.038769
0.63091 0.034806
0.54899 0.03602
0.48261 0.035031
0.63917 0.038287
0.60683 0.039183
0.62515 0.031152
0.96465 0.038028
0.66465 0.037795
0.92373 0.037971
0.96127 0.025064
0.97401 0.025748
0.96639 0.026685
0.96798 0.0274
0.86515 0.036743
0.61859 0.039492
0.63475 0.028422
0.97537 0.026202
0.65675 0.037419
0.97575 0.026243
0.97571 0.026329
0.97557 0.026077
0.6318 0.025966
0.97494 0.025717
0.78096 0.038154
0.94871 0.038431
0.97487 0.025687
0.77057 0.037702
0.96887 0.024669
0.84664 0.038945
0.96748 0.024567
0.97002 0.024761
0.96433 0.02441
0.65477 0.032525
0.9564 0.038491
0.69976 0.038916
0.95454 0.024114
0.9598 0.024229
0.95766 0.024183
0.65503 0.02858
0.93435 0.039212
0.66854 0.034211
0.89589 0.038897
0.94969 0.024204
0.67316 0.039349
0.86224 0.037904
0.71902 0.039512
0.93195 0.025585
0.92992 0.024326
0.93274 0.025629
0.67908 0.039685
0.94026 0.026528
0.67851 0.036916
0.9444 0.027453
0.94304 0.026961
0.94435 0.027429
0.67922 0.036493
0.94894 0.028953
0.69032 0.037267
0.82816 0.039253
0.94807 0.028711
0.9533 0.032236
0.69154 0.035394
0.80054 0.037603
0.68863 0.030734
0.93622 0.035625
0.94734 0.033966
0.93817 0.035977
0.69379 0.029217
0.73708 0.038844
0.69555 0.023436
0.73158 0.038325
0.92507 0.034778
0.9232 0.034457
0.70363 0.0271
0.92028 0.03435
0.71292 0.0265
0.74067 0.039316
0.91805 0.034091
0.91409 0.033658
0.72504 0.037177
0.75589 0.038486
0.72337 0.02435
0.81095 0.04008
0.90834 0.032374
0.91148 0.032732
0.73973 0.033339
0.91066 0.032437
0.7532 0.035041
0.77986 0.036995
0.91087 0.032512
0.90979 0.031951
0.73943 0.026577
0.80977 0.039421
0.75063 0.026242
0.77871 0.034949
0.90524 0.031579
0.76729 0.029706
0.79608 0.037644
0.75839 0.02533
0.79297 0.036726
0.88236 0.038714
0.87165 0.038745
0.77263 0.027036
0.80273 0.034404
0.7811 0.026371
0.81916 0.04014
0.86894 0.037824
0.87006 0.038674
0.78864 0.02826
0.87191 0.03871
0.8141 0.035073
0.81828 0.040057
0.87335 0.038649
0.88174 0.038386
0.81497 0.0332
0.84159 0.035617
0.81945 0.033204
0.83461 0.030584
0.87838 0.036203
0.87489 0.034832
0.81769 0.027533
0.83894 0.032106
0.82545 0.023117
0.85361 0.031008
0.8723 0.032404
0.8729 0.029988
0.84013 0.024742
0.85893 0.028311
0.84848 0.023263
0.87581 0.024967
0.8729 0.027785
0.87326 0.026646
0.86569 0.022201
0.88266 0.023719
0.94786 0.020333
0.94732 0.022065
