348
0.063146 0.020862
0.042955 0.024178
0.11347 0.020552
0.064098 0.025119
0.030096 0.024528
0.064835 0.025151
0.13624 0.020911
0.14529 0.022826
0.17017 0.021675
0.10005 0.027868
0.095747 0.027029
0.1005 0.028018
0.18481 0.025308
0.17457 0.026935
0.18839 0.028505
0.11774 0.027562
0.10857 0.027806
0.11639 0.02748
0.19405 0.030876
0.12105 0.028483
0.19964 0.029568
0.1795 0.039878
0.11979 0.028766
0.11357 0.029692
0.19548 0.033483
0.11377 0.030238
0.21808 0.026082
0.18976 0.040325
0.11114 0.030295
0.11863 0.030437
0.22632 0.029049
0.12865 0.03141
0.23485 0.027205
0.18915 0.040693
0.12853 0.031229
0.12486 0.031231
0.24096 0.024822
0.11537 0.031274
0.2528 0.025994
0.22127 0.037433
0.11239 0.031898
0.26055 0.021631
0.092395 0.03222
0.26743 0.026162
0.23572 0.036785
0.091042 0.031237
0.26923 0.029975
0.093658 0.033763
0.28125 0.023731
0.1087 0.032705
0.1054 0.033025
0.28544 0.027824
0.2425 0.037975
0.28517 0.030114
0.25644 0.037469
0.12871 0.037083
0.30134 0.029002
0.26455 0.038266
0.30545 0.03192
0.1214 0.034011
0.12597 0.03526
0.12262 0.0341
0.31214 0.03279
0.11135 0.033977
0.32661 0.025865
0.10354 0.034618
0.11131 0.03397
0.10341 0.034665
0.31935 0.031328
0.087423 0.031013
0.32154 0.033698
0.23857 0.038807
0.093859 0.036826
0.079403 0.03
0.34203 0.026123
0.058435 0.031969
0.34718 0.026393
0.1923 0.039821
0.063145 0.0319
0.046927 0.032288
0.35025 0.026579
0.12893 0.038292
0.33903 0.037169
0.21667 0.039691
0.040401 0.030752
0.031449 0.028096
0.30827 0.040608
0.14621 0.039246
0.34791 0.036069
0.15268 0.039745
0.027631 0.028692
0.026094 0.031924
0.30303 0.038974
0.064103 0.034883
0.36209 0.029229
0.029276 0.037277
0.027347 0.035709
0.029301 0.037378
0.32617 0.038975
0.04521 0.034517
0.20299 0.039688
0.060655 0.039097
0.029384 0.037607
0.029881 0.038815
0.35779 0.037218
0.030025 0.03988
0.35531 0.038243
0.074646 0.033518
0.030464 0.040401
0.35819 0.038967
0.040441 0.035992
0.36668 0.037154
0.07397 0.034513
0.031514 0.040465
0.36632 0.038405
0.033171 0.040433
0.33287 0.038312
0.093511 0.040103
0.034994 0.040347
0.038935 0.040296
0.31713 0.039931
0.12838 0.038363
0.37495 0.026636
0.079652 0.038484
0.11076 0.038128
0.071528 0.039233
0.32355 0.039611
0.37536 0.02773
0.28683 0.039024
0.38281 0.022391
0.38218 0.026287
0.37677 0.032953
0.084249 0.039772
0.38414 0.033245
0.29272 0.038411
0.068295 0.039183
0.066965 0.039203
0.39977 0.033044
0.39505 0.035782
0.37774 0.037006
0.38324 0.035513
0.40446 0.039592
0.40414 0.039728
0.39049 0.038721
0.38328 0.036594
0.39124 0.038863
0.42245 0.036982
0.42496 0.021565
0.43518 0.023627
0.45077 0.020617
0.48142 0.021374
0.40711 0.025593
0.45671 0.022678
0.41413 0.0309
0.41466 0.032694
0.451 0.028665
0.47373 0.021769
0.44778 0.03501
0.45187 0.035436
0.46435 0.027789
0.46933 0.022918
0.44273 0.036305
0.45611 0.035668
0.4611 0.026027
0.46706 0.025884
0.45697 0.035562
0.4748 0.034974
0.47886 0.024765
0.47707 0.029354
0.4746 0.035008
0.47352 0.025257
0.51685 0.021069
0.50191 0.021014
0.57889 0.020301
0.54146 0.02223
0.56277 0.024625
0.48804 0.021301
0.52489 0.027898
0.50021 0.023341
0.49783 0.023927
0.54836 0.028769
0.55438 0.032683
0.49287 0.024107
0.5068 0.027257
0.51421 0.032611
0.54447 0.033923
0.49434 0.026625
0.50608 0.031486
0.50922 0.035133
0.54513 0.036592
0.5048 0.031527
0.4916 0.028073
0.50598 0.035272
0.48475 0.034787
0.4854 0.026505
0.51529 0.035261
0.59572 0.02096
0.59738 0.025282
0.61988 0.028973
0.69943 0.03719
0.60528 0.032757
0.65977 0.038616
0.60833 0.036587
0.56839 0.032343
0.90091 0.03853
0.57877 0.032701
0.5738 0.036345
0.96977 0.03642
0.9705 0.029534
0.56596 0.037689
0.58433 0.036633
0.91828 0.037802
0.63585 0.035322
0.54971 0.03645
0.48467 0.034792
0.64387 0.03866
0.61057 0.036793
0.62975 0.031117
0.96408 0.039426
0.66874 0.03765
0.92587 0.037175
0.96287 0.025454
0.97452 0.026282
0.96754 0.027247
0.969 0.028039
0.86739 0.037398
0.62482 0.038528
0.63879 0.028685
0.97576 0.026778
0.66109 0.03748
0.97611 0.026823
0.97607 0.026916
0.97595 0.026642
0.63593 0.026176
0.97537 0.026248
0.78477 0.039463
0.94934 0.039693
0.97531 0.026215
0.77499 0.038899
0.96982 0.025081
0.84974 0.038676
0.96855 0.024958
0.97087 0.025203
0.96566 0.024768
0.6587 0.032611
0.95561 0.039637
0.70494 0.038052
0.95647 0.024392
0.96151 0.024545
0.95939 0.024483
0.65868 0.028638
0.93723 0.039233
0.67244 0.034097
0.89558 0.038652
0.95194 0.02446
0.67725 0.038986
0.86484 0.038455
0.72418 0.039128
0.93485 0.025523
0.93275 0.024231
0.93567 0.025591
0.68306 0.039048
0.94315 0.02675
0.68242 0.036391
0.94701 0.027873
0.94574 0.027301
0.94696 0.027845
0.68316 0.035956
0.95124 0.029499
0.6948 0.036353
0.83014 0.039628
0.95043 0.029284
0.95459 0.033002
0.69606 0.034599
0.80291 0.038634
0.69294 0.030156
0.93921 0.035806
0.94895 0.034927
0.94089 0.036338
0.69836 0.028768
0.7431 0.038454
0.70022 0.023275
0.73733 0.037845
0.92746 0.034151
0.92551 0.033815
0.7087 0.026826
0.92245 0.033668
0.71827 0.026356
0.7466 0.039
0.91998 0.033387
0.91574 0.032917
0.73052 0.036792
0.76136 0.039051
0.7289 0.024254
0.81312 0.040577
0.90972 0.031814
0.91305 0.032005
0.74571 0.033099
0.91221 0.031717
0.75897 0.035339
0.78385 0.03816
0.91243 0.03179
0.91134 0.031304
0.74542 0.026456
0.81197 0.040013
0.75671 0.026306
0.78289 0.035971
0.90652 0.031159
0.77252 0.030414
0.79899 0.038903
0.76432 0.025571
0.7961 0.038089
0.88296 0.038941
0.87327 0.03929
0.77752 0.027519
0.80514 0.035222
0.78555 0.026809
0.82122 0.040742
0.87084 0.038384
0.87185 0.039264
0.79255 0.028974
0.8735 0.039244
0.81638 0.035455
0.82035 0.040637
0.87477 0.039136
0.88241 0.038619
0.81728 0.033541
0.84413 0.035255
0.82163 0.03358
0.83632 0.030596
0.87935 0.036495
0.87622 0.035185
0.81999 0.027741
0.84106 0.031946
0.82749 0.023217
0.85591 0.031087
0.87384 0.032759
0.87441 0.030267
0.84214 0.024677
0.86098 0.028491
0.8506 0.023255
0.87724 0.025079
0.87444 0.028002
0.87479 0.026827
0.86751 0.02229
0.88403 0.023754
0.95023 0.020355
0.94973 0.022209
