348
0.064301 0.020817
0.043728 0.024081
0.11585 0.020512
0.065284 0.024843
0.030443 0.024366
0.066046 0.024869
0.14092 0.020969
0.14868 0.022864
0.1735 0.021793
0.10276 0.028056
0.098914 0.027024
0.10316 0.028222
0.18913 0.02471
0.17756 0.026616
0.19303 0.027606
0.12062 0.026896
0.11105 0.027742
0.11911 0.026885
0.19965 0.030575
0.12475 0.027594
0.20475 0.0292
0.17924 0.040018
0.12318 0.027881
0.11573 0.028985
0.20153 0.033145
0.11571 0.029474
0.22464 0.025395
0.19452 0.038041
0.113 0.029785
0.12146 0.029437
0.23392 0.028022
0.13352 0.030668
0.24369 0.025994
0.1938 0.039002
0.13337 0.030465
0.12921 0.030191
0.25152 0.024189
0.11702 0.030387
0.26438 0.025514
0.23088 0.035167
0.11368 0.031007
0.27309 0.021522
0.094682 0.032062
0.2799 0.026395
0.24467 0.033759
0.093495 0.031083
0.28117 0.030287
0.09616 0.033548
0.29349 0.023737
0.10995 0.032688
0.10704 0.033401
0.29759 0.027688
0.25209 0.035192
0.29683 0.029878
0.26816 0.036528
0.13367 0.035628
0.31195 0.029492
0.27684 0.037763
0.31556 0.031768
0.12436 0.032389
0.13024 0.033799
0.12621 0.032536
0.32246 0.03198
0.11188 0.033196
0.33758 0.026063
0.10517 0.035039
0.11184 0.033205
0.10505 0.035085
0.33101 0.031138
0.09005 0.030333
0.33288 0.033238
0.24785 0.036412
0.096515 0.036331
0.082 0.02956
0.35298 0.02702
0.06039 0.031398
0.35814 0.027577
0.19809 0.03959
0.064698 0.031206
0.049253 0.031921
0.36082 0.027806
0.13405 0.038293
0.35589 0.039545
0.22758 0.038718
0.041632 0.030482
0.031842 0.02782
0.3154 0.040201
0.15044 0.039701
0.3638 0.039308
0.15855 0.039075
0.027893 0.0284
0.026584 0.031528
0.3088 0.039377
0.065942 0.033907
0.37026 0.030628
0.032634 0.036414
0.02933 0.035145
0.032724 0.036501
0.33654 0.038984
0.049174 0.033982
0.21065 0.038291
0.063531 0.037726
0.03297 0.036699
0.034432 0.037737
0.37005 0.041398
0.035369 0.038682
0.36898 0.043773
0.076584 0.032517
0.036563 0.039341
0.371 0.044247
0.046113 0.035136
0.37476 0.039922
0.075837 0.033413
0.038446 0.03944
0.37485 0.044789
0.041424 0.039261
0.34855 0.038801
0.09616 0.039373
0.043708 0.039149
0.048234 0.039488
0.3273 0.040613
0.13333 0.038294
0.38132 0.028831
0.080511 0.037178
0.10945 0.038711
0.073384 0.038383
0.33421 0.039558
0.38183 0.030382
0.29448 0.039614
0.40433 0.022897
0.40215 0.027998
0.3841 0.037735
0.085572 0.039791
0.40524 0.034993
0.2987 0.039178
0.070297 0.038767
0.069026 0.039097
0.42384 0.03368
0.41855 0.035999
0.38519 0.044136
0.4006 0.039163
0.42776 0.040815
0.42738 0.041481
0.41262 0.040711
0.3997 0.041193
0.41348 0.041097
0.44377 0.043747
0.44547 0.022215
0.45284 0.024895
0.46477 0.020877
0.48293 0.022298
0.4317 0.026222
0.46859 0.024144
0.43793 0.033635
0.43847 0.035658
0.4647 0.032346
0.47862 0.022893
0.46199 0.040846
0.46491 0.042364
0.47264 0.033328
0.47599 0.024909
0.45778 0.04411
0.46669 0.043734
0.47105 0.02979
0.47459 0.030125
0.46708 0.043647
0.47582 0.043893
0.4814 0.027944
0.47943 0.035419
0.47566 0.044034
0.47849 0.02859
0.50631 0.021629
0.49541 0.021538
0.55598 0.020378
0.52192 0.02275
0.54106 0.024978
0.48731 0.022216
0.51057 0.032471
0.49438 0.025162
0.49297 0.026193
0.52833 0.030093
0.53289 0.033589
0.49012 0.026593
0.49868 0.030787
0.50267 0.03837
0.5212 0.036819
0.49091 0.030507
0.497 0.036979
0.498 0.042191
0.51997 0.040834
0.49606 0.0371
0.48897 0.033179
0.49546 0.042741
0.48166 0.044156
0.48569 0.03109
0.5027 0.042985
0.56839 0.021395
0.56972 0.027784
0.58613 0.0307
0.65481 0.041763
0.57443 0.037187
0.62178 0.042877
0.57464 0.042098
0.5472 0.033529
0.87576 0.03514
0.5558 0.035471
0.55217 0.037738
0.9652 0.030838
0.96595 0.026308
0.5444 0.03978
0.56155 0.040475
0.89486 0.036203
0.60046 0.040117
0.526 0.038764
0.48158 0.044156
0.60603 0.043864
0.57553 0.043652
0.59555 0.0333
0.95502 0.033392
0.6269 0.041695
0.90359 0.035141
0.95388 0.023841
0.9718 0.024199
0.96136 0.024967
0.96354 0.025445
0.81711 0.03805
0.58919 0.041617
0.60169 0.032113
0.97366 0.024531
0.62226 0.040883
0.97418 0.024561
0.97412 0.024623
0.97394 0.02444
0.59995 0.028239
0.97308 0.024177
0.72653 0.040526
0.93478 0.035148
0.97298 0.024155
0.71693 0.039388
0.96477 0.023397
0.79036 0.039984
0.96286 0.023378
0.96634 0.023439
0.95836 0.023304
0.61912 0.034677
0.9449 0.033928
0.65903 0.042454
0.94615 0.023124
0.95198 0.023226
0.94953 0.023179
0.61831 0.030007
0.91443 0.035219
0.62927 0.036507
0.8681 0.035603
0.93966 0.02325
0.63419 0.040424
0.81235 0.037517
0.67208 0.044658
0.91521 0.024478
0.91286 0.023496
0.91614 0.024496
0.64142 0.04077
0.92671 0.024766
0.63985 0.037853
0.93206 0.025302
0.93028 0.024957
0.93199 0.025284
0.64039 0.037501
0.93868 0.026901
0.65128 0.039642
0.77443 0.040856
0.93731 0.026632
0.94407 0.029256
0.65142 0.037563
0.74551 0.039553
0.64782 0.032206
0.91934 0.031782
0.93527 0.030409
0.92302 0.031688
0.6514 0.030696
0.68495 0.041488
0.65281 0.024113
0.68019 0.043126
0.9062 0.032562
0.9044 0.032223
0.65985 0.028183
0.90059 0.031972
0.66777 0.027703
0.68818 0.040626
0.89806 0.031732
0.89438 0.031281
0.67664 0.041918
0.69961 0.040326
0.67623 0.025602
0.75573 0.039744
0.88784 0.030374
0.89157 0.030432
0.68887 0.034129
0.89067 0.030235
0.6995 0.035288
0.72588 0.038113
0.89091 0.030282
0.88973 0.029953
0.68967 0.02698
0.75472 0.039416
0.70016 0.026404
0.72541 0.035809
0.88428 0.029571
0.71609 0.030152
0.74196 0.03859
0.70788 0.025523
0.73877 0.037904
0.85123 0.037824
0.83891 0.038409
0.72164 0.028051
0.74771 0.035737
0.72943 0.026963
0.76657 0.040673
0.82971 0.037741
0.83503 0.037828
0.73616 0.028876
0.83944 0.038067
0.75916 0.034386
0.76529 0.039824
0.84195 0.037727
0.85168 0.035977
0.76034 0.032938
0.78639 0.034445
0.76581 0.033615
0.7789 0.031591
0.84979 0.034543
0.84711 0.03372
0.76385 0.027927
0.7839 0.031764
0.77101 0.023435
0.79893 0.029649
0.84395 0.03188
0.84632 0.029713
0.78482 0.024605
0.8053 0.027384
0.79327 0.023038
0.85108 0.024732
0.84722 0.027598
0.84799 0.026462
0.81874 0.022387
0.8572 0.02351
0.93697 0.020252
0.93619 0.02155
