348
0.073653 0.020806
0.051765 0.023438
0.12474 0.02054
0.074754 0.024774
0.034564 0.023184
0.075607 0.024795
0.14841 0.02083
0.15977 0.022003
0.18781 0.021881
0.11219 0.028233
0.10842 0.027058
0.11258 0.028422
0.20349 0.024427
0.19199 0.027044
0.2081 0.026834
0.12951 0.027281
0.12008 0.028021
0.12781 0.027241
0.21504 0.029116
0.13327 0.02809
0.22153 0.02837
0.19495 0.038465
0.13188 0.028383
0.12471 0.029482
0.21643 0.031526
0.12466 0.030017
0.24296 0.025511
0.20872 0.036874
0.12211 0.030288
0.13027 0.030025
0.25126 0.02907
0.14112 0.031561
0.25952 0.027502
0.20788 0.037098
0.14101 0.031362
0.13707 0.030766
0.26511 0.02499
0.12578 0.03098
0.27694 0.026138
0.24543 0.036339
0.12259 0.031805
0.28455 0.021753
0.1047 0.031943
0.29069 0.026951
0.25963 0.037648
0.10337 0.030809
0.29223 0.031312
0.10576 0.033666
0.30296 0.023955
0.11877 0.033265
0.11551 0.034237
0.30711 0.028053
0.26605 0.038825
0.30699 0.030434
0.28025 0.03831
0.14079 0.037568
0.32238 0.028755
0.28712 0.039858
0.32692 0.031355
0.13246 0.03339
0.13772 0.034946
0.13398 0.033446
0.33421 0.031903
0.12067 0.03422
0.34972 0.025141
0.11333 0.036047
0.12063 0.034218
0.11321 0.036088
0.34187 0.030271
0.099373 0.030292
0.34383 0.032372
0.26209 0.039405
0.10543 0.036861
0.090942 0.029552
0.36696 0.026227
0.068464 0.031209
0.37194 0.026658
0.21225 0.036805
0.073747 0.031121
0.056635 0.030867
0.3747 0.026536
0.14101 0.038223
0.36397 0.036947
0.24038 0.037637
0.048937 0.028524
0.036516 0.025783
0.32996 0.039781
0.16416 0.032661
0.37317 0.036447
0.17732 0.037438
0.031008 0.026036
0.029 0.028266
0.32494 0.038881
0.074932 0.033886
0.38766 0.027886
0.034278 0.032173
0.03118 0.030911
0.034326 0.032249
0.3479 0.037347
0.054903 0.032591
0.22433 0.03715
0.070741 0.037884
0.034479 0.032426
0.035376 0.033375
0.38322 0.03581
0.035725 0.034184
0.37988 0.037417
0.086365 0.033166
0.036468 0.034645
0.3842 0.03703
0.049815 0.032896
0.39491 0.034686
0.085684 0.034172
0.038104 0.034896
0.39478 0.035692
0.040622 0.035195
0.35712 0.036939
0.10455 0.040085
0.043325 0.035476
0.048819 0.036095
0.3384 0.038645
0.14033 0.038168
0.40292 0.026672
0.091073 0.038028
0.11823 0.038805
0.083279 0.038825
0.34483 0.038061
0.40333 0.02782
0.30776 0.038926
0.40949 0.022628
0.40895 0.026872
0.40557 0.033598
0.095088 0.038948
0.41118 0.034817
0.31536 0.039384
0.079831 0.038032
0.078356 0.037897
0.42553 0.032998
0.42133 0.036295
0.40712 0.038359
0.41078 0.037307
0.43022 0.040131
0.42994 0.040186
0.41701 0.040214
0.41097 0.038552
0.41782 0.040208
0.44526 0.037703
0.45089 0.021556
0.46064 0.023723
0.47606 0.02067
0.50291 0.02174
0.43302 0.025715
0.48171 0.022896
0.4392 0.030917
0.43922 0.032904
0.47621 0.029434
0.49681 0.022131
0.47224 0.035782
0.47711 0.037035
0.4882 0.028772
0.49309 0.023403
0.46674 0.036523
0.48219 0.037089
0.48553 0.026627
0.49105 0.026759
0.48323 0.037036
0.50118 0.038391
0.50091 0.025901
0.50016 0.031443
0.50102 0.038382
0.49664 0.026326
0.53152 0.021312
0.51884 0.021231
0.58763 0.020354
0.55099 0.02241
0.57346 0.024861
0.5079 0.021665
0.53794 0.029868
0.51746 0.024088
0.51557 0.02489
0.55824 0.028573
0.5653 0.032428
0.51177 0.025202
0.52299 0.028697
0.52986 0.035518
0.5538 0.034623
0.51284 0.028375
0.52321 0.033857
0.52636 0.03809
0.55447 0.037102
0.52219 0.033991
0.51097 0.030244
0.52386 0.038137
0.50831 0.039054
0.50595 0.028357
0.53087 0.038276
0.60139 0.021191
0.60276 0.026538
0.6234 0.028385
0.70316 0.040033
0.60866 0.034404
0.66329 0.040129
0.61066 0.038452
0.57894 0.033781
0.90423 0.039203
0.58793 0.034985
0.58419 0.038653
0.97097 0.036577
0.97056 0.029599
0.57788 0.039385
0.59243 0.040046
0.9204 0.039435
0.64083 0.035196
0.56013 0.036166
0.50826 0.039056
0.65001 0.040285
0.61401 0.03813
0.63484 0.030619
0.96685 0.039676
0.67042 0.039601
0.92769 0.039204
0.96295 0.025618
0.97454 0.026311
0.9676 0.027372
0.96905 0.028145
0.87194 0.035887
0.62984 0.038224
0.64338 0.028905
0.97578 0.02681
0.66429 0.039433
0.97613 0.026855
0.97609 0.026949
0.97597 0.026673
0.64033 0.025976
0.97539 0.026277
0.78241 0.038604
0.95335 0.040181
0.97533 0.026245
0.77428 0.038771
0.96987 0.02513
0.85151 0.039951
0.9686 0.02503
0.97091 0.025229
0.96573 0.024875
0.66228 0.033562
0.95991 0.040145
0.70738 0.041535
0.95693 0.024599
0.96162 0.024699
0.95968 0.02466
0.66227 0.029268
0.93985 0.039947
0.67369 0.035182
0.90002 0.038945
0.95262 0.02472
0.67758 0.039598
0.86909 0.036545
0.7235 0.040357
0.93613 0.025841
0.93419 0.024491
0.93688 0.025903
0.68492 0.039024
0.94422 0.02703
0.68418 0.036302
0.94791 0.028141
0.94669 0.027568
0.94786 0.028113
0.68509 0.035949
0.95193 0.030014
0.69876 0.038081
0.83412 0.038666
0.95118 0.029698
0.9563 0.033685
0.69947 0.036247
0.80087 0.037879
0.6954 0.030967
0.94132 0.036622
0.95132 0.035495
0.94352 0.037124
0.69985 0.029829
0.74253 0.039026
0.70141 0.023745
0.73612 0.038869
0.92926 0.035763
0.92734 0.035339
0.70854 0.028252
0.92436 0.035054
0.71625 0.027348
0.74705 0.038654
0.92227 0.034659
0.91831 0.033956
0.72957 0.037927
0.76314 0.038102
0.72602 0.024645
0.81261 0.038162
0.91276 0.032345
0.91588 0.032859
0.74325 0.03385
0.91511 0.032516
0.7582 0.03464
0.78134 0.037446
0.91531 0.032604
0.91432 0.031986
0.74114 0.026825
0.81102 0.037847
0.75221 0.025847
0.78024 0.035182
0.90977 0.031714
0.76992 0.030141
0.7968 0.037986
0.76128 0.025084
0.79406 0.03717
0.88918 0.038052
0.8808 0.03788
0.77499 0.027442
0.80373 0.034385
0.78279 0.02654
0.82418 0.038254
0.87695 0.037252
0.87873 0.037833
0.79072 0.028231
0.88104 0.037862
0.81658 0.033662
0.82288 0.038161
0.88226 0.037828
0.88861 0.037757
0.81739 0.031901
0.84638 0.036881
0.82313 0.031913
0.83921 0.030829
0.88539 0.03567
0.88212 0.034311
0.82046 0.026704
0.84365 0.032801
0.82928 0.022804
0.85685 0.030905
0.8781 0.031876
0.87774 0.029516
0.84429 0.024999
0.86253 0.027892
0.85174 0.023399
0.88085 0.024747
0.87748 0.027407
0.87789 0.026327
0.86969 0.022024
0.88755 0.023581
0.95098 0.02037
0.9505 0.022292
