348
0.072676 0.020682
0.048807 0.023499
0.13423 0.020546
0.073853 0.024025
0.032739 0.023566
0.074765 0.024034
0.15848 0.020945
0.16661 0.022821
0.19159 0.02181
0.12155 0.027333
0.11668 0.025971
0.122 0.027534
0.20686 0.024712
0.19554 0.026878
0.21096 0.027434
0.13885 0.027209
0.12964 0.027813
0.13729 0.027224
0.21758 0.030404
0.14239 0.027876
0.22297 0.029221
0.19829 0.039214
0.14106 0.028198
0.13427 0.029581
0.21977 0.032977
0.13443 0.0301
0.24227 0.025602
0.21278 0.037791
0.13199 0.030348
0.13985 0.029852
0.25115 0.028617
0.15133 0.031112
0.25977 0.026755
0.21206 0.037973
0.15116 0.030918
0.14691 0.030439
0.26679 0.024593
0.13604 0.03097
0.2786 0.026325
0.24756 0.036071
0.13316 0.031827
0.2859 0.021751
0.11215 0.029625
0.29203 0.026597
0.26187 0.035653
0.11039 0.028625
0.29364 0.030653
0.11427 0.031112
0.3054 0.023782
0.12999 0.032692
0.12718 0.032903
0.30948 0.02777
0.26941 0.037257
0.30913 0.03004
0.28242 0.038571
0.15228 0.036523
0.32632 0.02817
0.28927 0.039302
0.33076 0.03045
0.143 0.032926
0.14864 0.034226
0.14448 0.033016
0.33792 0.031291
0.13228 0.033949
0.3552 0.025065
0.12579 0.034343
0.13224 0.033946
0.12568 0.034375
0.34647 0.029842
0.10552 0.028055
0.34873 0.031768
0.26533 0.037848
0.11511 0.033591
0.094251 0.027245
0.37298 0.025762
0.067416 0.029727
0.37852 0.025819
0.21643 0.038433
0.072651 0.029407
0.054118 0.030266
0.38151 0.025919
0.15284 0.038175
0.37046 0.035794
0.24257 0.037849
0.046246 0.028924
0.034446 0.02642
0.33256 0.037948
0.16857 0.039045
0.38013 0.034391
0.17605 0.038622
0.029628 0.026886
0.027875 0.02945
0.32714 0.037101
0.073687 0.031709
0.39543 0.027701
0.03325 0.03357
0.030192 0.032434
0.033309 0.033649
0.35415 0.036484
0.053042 0.032063
0.2281 0.038905
0.070042 0.035287
0.033487 0.033828
0.034535 0.034793
0.39205 0.03478
0.035051 0.035641
0.38858 0.035925
0.087124 0.029948
0.035902 0.036157
0.39299 0.036368
0.048615 0.033218
0.40211 0.035141
0.086049 0.030735
0.037567 0.036316
0.40203 0.036818
0.040193 0.036413
0.36306 0.036115
0.11515 0.036067
0.043176 0.03646
0.048972 0.036759
0.34233 0.037336
0.15219 0.038126
0.40978 0.026237
0.092284 0.033301
0.13191 0.038214
0.082222 0.034511
0.35058 0.037136
0.41018 0.027267
0.31019 0.038906
0.41767 0.022337
0.417 0.02617
0.41196 0.032275
0.099318 0.034165
0.41955 0.032639
0.31657 0.037467
0.078306 0.034955
0.076731 0.035022
0.43584 0.031693
0.43115 0.034204
0.41342 0.036257
0.41888 0.034776
0.44211 0.037943
0.44181 0.038029
0.42668 0.037322
0.41907 0.035745
0.42747 0.037375
0.45857 0.040171
0.46022 0.021897
0.46871 0.024207
0.48277 0.020711
0.50625 0.021725
0.44406 0.025308
0.48772 0.023327
0.45135 0.031719
0.45198 0.033694
0.483 0.030009
0.50027 0.022298
0.48158 0.037145
0.4853 0.038057
0.49363 0.030296
0.49714 0.023872
0.47694 0.039114
0.48886 0.039666
0.49116 0.027833
0.49555 0.027828
0.48944 0.039681
0.49998 0.039628
0.50424 0.026082
0.50254 0.03207
0.49982 0.039717
0.5001 0.026832
0.53802 0.021297
0.52408 0.021114
0.59328 0.020275
0.55549 0.022857
0.57482 0.024515
0.51195 0.021542
0.54441 0.030702
0.52248 0.023728
0.52026 0.024444
0.56141 0.030183
0.5669 0.033712
0.51593 0.024699
0.52855 0.027813
0.53532 0.034337
0.55819 0.036978
0.51717 0.027535
0.52737 0.032342
0.52997 0.036055
0.55877 0.040041
0.52617 0.032441
0.51468 0.029314
0.52686 0.036531
0.50744 0.038288
0.50982 0.027825
0.53665 0.037773
0.60891 0.021126
0.61032 0.026224
0.63116 0.0288
0.71058 0.039189
0.61638 0.033935
0.67594 0.039345
0.61788 0.037966
0.58021 0.031391
0.9056 0.040653
0.59352 0.031456
0.58797 0.034057
0.97102 0.037416
0.97105 0.030106
0.5778 0.036564
0.60097 0.036319
0.92133 0.040007
0.64946 0.034589
0.56265 0.038589
0.50737 0.038314
0.65935 0.03764
0.61953 0.038282
0.64165 0.030713
0.9662 0.040005
0.68272 0.03742
0.92762 0.038742
0.96384 0.025597
0.97483 0.026661
0.96825 0.027638
0.96962 0.028543
0.87308 0.037744
0.63534 0.037831
0.65087 0.028506
0.976 0.027188
0.67643 0.037676
0.97633 0.027235
0.97629 0.027334
0.97618 0.027043
0.64805 0.026022
0.97564 0.026626
0.79143 0.040969
0.95183 0.039544
0.97558 0.026591
0.78389 0.041128
0.9704 0.025407
0.85654 0.040039
0.9692 0.025255
0.97139 0.025516
0.96648 0.024972
0.67255 0.03261
0.95885 0.039665
0.7151 0.038967
0.95769 0.024348
0.96254 0.024628
0.96071 0.024515
0.67128 0.028581
0.93799 0.039426
0.68546 0.033547
0.89919 0.040874
0.95283 0.024294
0.6918 0.039068
0.87037 0.038751
0.73571 0.039385
0.93498 0.025683
0.93304 0.02442
0.93573 0.025718
0.69816 0.040277
0.94339 0.02652
0.69714 0.037412
0.94754 0.02738
0.94617 0.026912
0.94749 0.027357
0.69754 0.037088
0.95212 0.029121
0.70696 0.039049
0.83957 0.038647
0.95122 0.028807
0.95629 0.032718
0.70761 0.036801
0.80795 0.038497
0.70445 0.032127
0.93984 0.035563
0.95046 0.033999
0.94187 0.035858
0.7088 0.029861
0.75125 0.039058
0.71035 0.023629
0.7457 0.039426
0.92871 0.035414
0.92694 0.035138
0.71816 0.026821
0.92421 0.035147
0.72855 0.025992
0.75524 0.038342
0.92211 0.034993
0.91854 0.034709
0.74147 0.03829
0.77197 0.0405
0.73934 0.024607
0.81788 0.039167
0.91303 0.033633
0.91598 0.033826
0.7547 0.032558
0.9152 0.03354
0.76913 0.036328
0.79044 0.039489
0.91541 0.033612
0.91438 0.033116
0.75475 0.02621
0.81686 0.038996
0.7665 0.02674
0.78944 0.037117
0.91011 0.032796
0.7804 0.031923
0.80388 0.038873
0.77292 0.026387
0.80099 0.038582
0.88718 0.041238
0.87835 0.040551
0.78443 0.028477
0.81027 0.035066
0.79202 0.027243
0.82859 0.038314
0.87623 0.038987
0.87699 0.040326
0.79858 0.029104
0.87859 0.040462
0.82205 0.033881
0.82729 0.038139
0.87984 0.040379
0.88673 0.040724
0.82325 0.032172
0.85239 0.03557
0.82883 0.031989
0.84482 0.030542
0.88436 0.038042
0.88219 0.036346
0.82675 0.026933
0.84958 0.032288
0.83552 0.022895
0.86329 0.03156
0.88044 0.033604
0.88149 0.031064
0.85053 0.024846
0.86835 0.028744
0.85834 0.023418
0.88411 0.025586
0.88165 0.028638
0.88199 0.027388
0.87479 0.022381
0.88994 0.024316
0.95099 0.020336
0.95045 0.022073
