348
0.071723 0.020728
0.049246 0.02362
0.12571 0.020569
0.072907 0.024293
0.03328 0.023471
0.073823 0.024293
0.14881 0.020924
0.15804 0.022489
0.18364 0.021829
0.11383 0.028312
0.10984 0.027029
0.11423 0.028515
0.19867 0.02484
0.18796 0.027189
0.20279 0.027623
0.13017 0.02758
0.12139 0.028322
0.12855 0.027578
0.20931 0.030054
0.13393 0.028325
0.21502 0.029175
0.1932 0.039097
0.13257 0.028662
0.12576 0.030001
0.21125 0.03267
0.12583 0.030561
0.23472 0.025816
0.20556 0.038654
0.12351 0.030789
0.13112 0.030404
0.2428 0.029542
0.14221 0.03187
0.25054 0.027806
0.20489 0.038936
0.14205 0.031638
0.13802 0.030931
0.25594 0.025039
0.12709 0.031538
0.26808 0.025897
0.23751 0.037155
0.12435 0.032404
0.27608 0.021688
0.10641 0.031705
0.28241 0.026801
0.25039 0.038187
0.10484 0.030561
0.28401 0.031018
0.10788 0.03343
0.29493 0.023801
0.12113 0.033647
0.11829 0.034476
0.29935 0.027571
0.25632 0.038741
0.29912 0.029821
0.2718 0.037646
0.14348 0.038133
0.31576 0.028401
0.27957 0.039662
0.32032 0.031045
0.13419 0.033744
0.1397 0.035056
0.13559 0.033742
0.32788 0.031719
0.12316 0.034686
0.34311 0.02546
0.11664 0.036151
0.12312 0.034682
0.11653 0.036184
0.33581 0.030409
0.10072 0.029879
0.338 0.032612
0.2524 0.03994
0.10824 0.036509
0.09171 0.02856
0.35999 0.025986
0.066145 0.030422
0.36532 0.026405
0.2086 0.038495
0.071824 0.030049
0.053796 0.031048
0.36828 0.026471
0.14393 0.039068
0.3578 0.036485
0.23295 0.03898
0.046603 0.029117
0.03506 0.026288
0.32338 0.039146
0.16179 0.035961
0.36734 0.035974
0.17132 0.038534
0.030038 0.026608
0.028206 0.029065
0.31764 0.038019
0.073173 0.032471
0.38045 0.028881
0.033019 0.033272
0.030194 0.031942
0.033063 0.033354
0.3427 0.038183
0.052179 0.032961
0.21936 0.039137
0.068756 0.036398
0.033202 0.033544
0.03402 0.034562
0.37707 0.03699
0.034338 0.035436
0.37426 0.038217
0.086524 0.031397
0.035016 0.035923
0.37789 0.038596
0.047426 0.033736
0.38662 0.036495
0.085834 0.032224
0.036507 0.036162
0.3865 0.037678
0.038834 0.036434
0.35137 0.037187
0.10803 0.03958
0.041362 0.03668
0.046497 0.037221
0.33355 0.038587
0.14321 0.038764
0.39376 0.026607
0.093067 0.036164
0.12209 0.039141
0.083433 0.036168
0.33987 0.038495
0.39418 0.02769
0.30018 0.037851
0.40125 0.022319
0.40059 0.026121
0.39616 0.032894
0.097834 0.037568
0.40275 0.032751
0.30713 0.03805
0.079128 0.035777
0.077321 0.035783
0.42046 0.031149
0.41485 0.033657
0.39758 0.036991
0.40204 0.035024
0.42702 0.037648
0.42663 0.03768
0.40914 0.036815
0.40214 0.036073
0.41011 0.036803
0.44536 0.038498
0.44678 0.021723
0.45544 0.024234
0.46904 0.020738
0.49345 0.021805
0.42893 0.025089
0.47419 0.023193
0.43639 0.03063
0.43711 0.032556
0.46926 0.030374
0.48781 0.022257
0.46711 0.03773
0.471 0.038697
0.48009 0.029715
0.4844 0.023742
0.46303 0.038797
0.4748 0.03873
0.47749 0.027332
0.48245 0.027479
0.47546 0.038666
0.49027 0.039143
0.49156 0.026128
0.49057 0.031944
0.49013 0.03918
0.48765 0.026707
0.51949 0.021454
0.5085 0.021407
0.57198 0.020334
0.53763 0.02274
0.55704 0.024996
0.4987 0.021765
0.52541 0.030711
0.50731 0.02462
0.5057 0.025406
0.54363 0.030043
0.54874 0.033786
0.50235 0.025603
0.5121 0.030054
0.51772 0.037162
0.53885 0.036784
0.50335 0.029064
0.51195 0.035954
0.51442 0.040732
0.53885 0.039965
0.51105 0.036075
0.50157 0.030995
0.51224 0.041105
0.49795 0.040064
0.4966 0.028775
0.51855 0.040721
0.58624 0.021204
0.58757 0.026694
0.60622 0.029135
0.6846 0.037857
0.59322 0.035893
0.64312 0.039422
0.59494 0.040413
0.56213 0.033391
0.90202 0.03933
0.57208 0.034091
0.56738 0.037871
0.97016 0.035689
0.97001 0.029085
0.55953 0.039084
0.57748 0.039249
0.91588 0.039022
0.62211 0.035516
0.54343 0.038814
0.49789 0.040065
0.62892 0.04039
0.59641 0.040411
0.61652 0.031073
0.96543 0.038799
0.65278 0.037668
0.92327 0.03718
0.96198 0.025288
0.97423 0.025973
0.9669 0.026963
0.96843 0.027702
0.86445 0.035149
0.6094 0.038209
0.62547 0.029153
0.97554 0.026446
0.64473 0.038182
0.97591 0.026488
0.97587 0.026577
0.97574 0.026316
0.62283 0.026285
0.97513 0.025941
0.77167 0.040396
0.95069 0.039308
0.97507 0.02591
0.76292 0.039243
0.96929 0.024857
0.84322 0.035703
0.96795 0.024755
0.9704 0.024949
0.96492 0.024598
0.6434 0.033121
0.95776 0.039365
0.68976 0.038573
0.95557 0.02431
0.96058 0.024419
0.95854 0.024376
0.64408 0.028965
0.93625 0.038174
0.65702 0.033943
0.89657 0.038362
0.95094 0.02441
0.66215 0.0387
0.86164 0.035976
0.70997 0.038505
0.93298 0.025169
0.93073 0.023943
0.93385 0.02524
0.66851 0.038781
0.94195 0.026422
0.6679 0.036078
0.9459 0.027546
0.94459 0.02698
0.94585 0.027518
0.66866 0.035769
0.95022 0.029351
0.68015 0.036954
0.82061 0.036647
0.9494 0.029044
0.95453 0.03283
0.68137 0.035141
0.78822 0.037549
0.67846 0.030508
0.93821 0.034979
0.94905 0.034464
0.94054 0.03556
0.68358 0.029097
0.72912 0.038093
0.68537 0.023401
0.72327 0.03754
0.92509 0.033941
0.92293 0.033864
0.69354 0.026896
0.91953 0.034123
0.70325 0.026184
0.73293 0.038788
0.91739 0.034117
0.9138 0.034105
0.71636 0.036373
0.74867 0.038867
0.71434 0.02414
0.79993 0.037979
0.90864 0.033198
0.91149 0.03341
0.73162 0.032925
0.91076 0.03318
0.74557 0.035209
0.77069 0.039149
0.91095 0.033238
0.91 0.032746
0.73107 0.026358
0.79855 0.037449
0.74257 0.026247
0.76955 0.036788
0.90586 0.032072
0.75878 0.030376
0.78419 0.038466
0.75012 0.025475
0.78145 0.038039
0.88234 0.037346
0.87134 0.037366
0.76361 0.027694
0.79084 0.033954
0.77118 0.027162
0.81008 0.037655
0.86847 0.036483
0.8697 0.037319
0.77779 0.029115
0.8716 0.037333
0.80387 0.03339
0.80901 0.037638
0.87307 0.037279
0.88168 0.037041
0.80491 0.031698
0.83641 0.033096
0.81019 0.031586
0.82753 0.029009
0.87814 0.035012
0.8744 0.033736
0.80804 0.026634
0.8328 0.030209
0.81672 0.022716
0.85039 0.029207
0.87146 0.031481
0.87197 0.029243
0.83389 0.023991
0.85662 0.027175
0.84395 0.022703
0.87512 0.024598
0.87197 0.027204
0.87236 0.026151
0.86416 0.02198
0.88249 0.023446
0.94919 0.020345
0.94868 0.022133
