348
0.074304 0.020663
0.049713 0.023386
0.13719 0.020539
0.075513 0.023917
0.033128 0.023459
0.076451 0.023926
0.16175 0.020931
0.17001 0.022773
0.19537 0.02179
0.12433 0.027217
0.11938 0.025868
0.12479 0.027416
0.21076 0.024688
0.19937 0.026813
0.21488 0.027404
0.14187 0.027116
0.13254 0.027706
0.14029 0.02713
0.22152 0.030373
0.14546 0.027777
0.22693 0.029202
0.20215 0.039053
0.14411 0.028095
0.13723 0.029454
0.22372 0.032943
0.13739 0.029967
0.24624 0.025607
0.2167 0.037725
0.13491 0.030209
0.14288 0.029727
0.25511 0.028634
0.15451 0.03097
0.26371 0.026772
0.21598 0.037904
0.15433 0.030778
0.15003 0.030313
0.27071 0.024606
0.13903 0.030826
0.28248 0.026343
0.25152 0.036097
0.1361 0.03167
0.28976 0.021756
0.11476 0.029445
0.29587 0.026617
0.2658 0.035693
0.11296 0.028459
0.29748 0.030684
0.11692 0.030911
0.3092 0.023792
0.13289 0.032519
0.13004 0.03272
0.31327 0.027793
0.27332 0.037308
0.31292 0.03007
0.28629 0.038625
0.15546 0.036307
0.33003 0.028219
0.29312 0.039359
0.33445 0.030529
0.14607 0.032765
0.15178 0.034053
0.14757 0.032856
0.34156 0.031417
0.13521 0.033762
0.35857 0.025192
0.12863 0.034134
0.13517 0.033759
0.12852 0.034165
0.34998 0.029993
0.10799 0.027887
0.3522 0.031969
0.26925 0.037898
0.11778 0.033349
0.096467 0.027067
0.37571 0.026068
0.068898 0.02946
0.38102 0.026211
0.22038 0.038376
0.074278 0.029154
0.055201 0.029947
0.38376 0.026362
0.15603 0.037935
0.37328 0.036532
0.24654 0.037865
0.047066 0.02864
0.034887 0.026226
0.33624 0.0381
0.17201 0.038716
0.38247 0.035419
0.17962 0.038332
0.029923 0.026682
0.028116 0.02917
0.33085 0.037206
0.075343 0.031394
0.39649 0.028573
0.033655 0.033161
0.030504 0.032064
0.033717 0.033237
0.35754 0.036876
0.054089 0.031685
0.23206 0.038882
0.071597 0.034874
0.0339 0.033411
0.03498 0.034345
0.39324 0.036298
0.035512 0.035166
0.39009 0.037407
0.089147 0.029686
0.036388 0.035664
0.39405 0.038096
0.049515 0.032793
0.40212 0.037159
0.088044 0.030451
0.038104 0.035815
0.40196 0.039054
0.040812 0.035904
0.36618 0.036679
0.11782 0.035781
0.043894 0.035943
0.049884 0.03622
0.34591 0.037566
0.15537 0.03789
0.40908 0.027216
0.094447 0.032965
0.13483 0.03797
0.084113 0.034126
0.35403 0.037467
0.40943 0.028416
0.31398 0.038966
0.4159 0.022651
0.41532 0.027011
0.4106 0.03418
0.10167 0.03384
0.41697 0.034277
0.32035 0.037542
0.080091 0.034556
0.078472 0.03462
0.43231 0.032004
0.42753 0.035403
0.41137 0.038726
0.41608 0.036742
0.4382 0.037646
0.43782 0.037776
0.42263 0.039192
0.4161 0.037838
0.42342 0.039202
0.45738 0.039272
0.45822 0.02182
0.46676 0.024142
0.48137 0.020651
0.50716 0.021707
0.44076 0.025108
0.48703 0.022956
0.44869 0.030827
0.44948 0.032741
0.48162 0.029142
0.50128 0.022176
0.47944 0.03582
0.48397 0.036284
0.49378 0.029257
0.49778 0.023578
0.47461 0.038104
0.48838 0.037343
0.49095 0.026906
0.49596 0.027145
0.48911 0.037292
0.50208 0.038679
0.50518 0.025931
0.50373 0.031641
0.50194 0.038744
0.5011 0.026463
0.5387 0.021211
0.52474 0.02112
0.59596 0.020303
0.5591 0.022545
0.57884 0.024709
0.51276 0.021567
0.54585 0.029418
0.52314 0.023752
0.52092 0.024482
0.56564 0.029627
0.57135 0.03369
0.51667 0.024758
0.52922 0.02782
0.53566 0.033735
0.56302 0.035627
0.51789 0.02762
0.52796 0.032367
0.53035 0.036052
0.56402 0.038599
0.52677 0.03248
0.51544 0.029442
0.52733 0.036575
0.50897 0.038326
0.51067 0.027947
0.53668 0.036866
0.60993 0.021273
0.61117 0.027072
0.62889 0.030686
0.70733 0.039308
0.61624 0.036136
0.66666 0.03871
0.6173 0.040856
0.58399 0.032099
0.90528 0.039632
0.59619 0.032629
0.59114 0.035335
0.96971 0.03676
0.97069 0.029724
0.58198 0.037469
0.60279 0.038206
0.92257 0.039039
0.64288 0.036513
0.56767 0.037875
0.5089 0.038343
0.65083 0.039087
0.61865 0.041277
0.63708 0.032485
0.96356 0.040184
0.67521 0.035785
0.93005 0.037867
0.96321 0.025732
0.97463 0.02641
0.96779 0.027483
0.96922 0.028255
0.87231 0.038687
0.6308 0.041335
0.64581 0.02948
0.97585 0.026916
0.66774 0.037039
0.97619 0.026962
0.97615 0.027057
0.97603 0.026777
0.64321 0.0268
0.97546 0.026375
0.79131 0.040336
0.95153 0.041644
0.9754 0.026342
0.7831 0.040255
0.97002 0.025201
0.85893 0.03985
0.96877 0.0251
0.97105 0.025308
0.96595 0.024958
0.66531 0.0326
0.95619 0.041046
0.71171 0.039249
0.95726 0.024725
0.96186 0.024802
0.95993 0.024772
0.66497 0.028678
0.94225 0.040537
0.67963 0.031939
0.89922 0.039374
0.95313 0.024877
0.68701 0.036705
0.87021 0.039902
0.73088 0.039825
0.93727 0.025806
0.93524 0.024424
0.93806 0.02589
0.69498 0.038898
0.9451 0.027249
0.69375 0.036042
0.94863 0.028537
0.94746 0.027891
0.94858 0.028506
0.69423 0.035805
0.9525 0.030427
0.70381 0.039101
0.83935 0.039171
0.95176 0.030152
0.95552 0.034038
0.70443 0.03685
0.80857 0.038614
0.70129 0.031901
0.94306 0.036849
0.95086 0.036248
0.94459 0.037487
0.70551 0.029907
0.74783 0.036587
0.70704 0.023644
0.7407 0.037932
0.93107 0.034702
0.92906 0.034415
0.71478 0.026942
0.92599 0.034408
0.72494 0.026216
0.75294 0.036124
0.92364 0.034248
0.91944 0.033953
0.73604 0.037951
0.77155 0.038468
0.7352 0.024551
0.81891 0.039882
0.91379 0.032878
0.91686 0.033088
0.75222 0.031058
0.91607 0.03281
0.76858 0.034492
0.79031 0.039035
0.91628 0.032879
0.91525 0.032401
0.75214 0.025461
0.81764 0.039695
0.76549 0.025971
0.7894 0.03689
0.91078 0.032186
0.78068 0.031326
0.80452 0.039045
0.77268 0.025822
0.80168 0.038615
0.88542 0.039381
0.87659 0.040356
0.78483 0.028217
0.81092 0.035208
0.79262 0.027047
0.82901 0.039672
0.87489 0.039382
0.87552 0.04038
0.79935 0.029015
0.87677 0.040258
0.82286 0.034633
0.82782 0.039457
0.87777 0.040016
0.88493 0.039068
0.82388 0.032883
0.85294 0.035513
0.82894 0.033011
0.84402 0.030552
0.88234 0.037032
0.88002 0.035782
0.82692 0.027437
0.84923 0.032014
0.8348 0.023098
0.86301 0.031977
0.87849 0.033341
0.87964 0.030715
0.84972 0.024722
0.86727 0.02922
0.8578 0.02346
0.88258 0.02526
0.87983 0.028347
0.88018 0.027115
0.87333 0.022459
0.88922 0.023821
0.95157 0.020388
0.95111 0.022406
