348
0.067872 0.020758
0.04713 0.024029
0.12072 0.020534
0.069048 0.024497
0.032448 0.023729
0.069958 0.024541
0.14361 0.020862
0.1545 0.022075
0.18148 0.021994
0.10725 0.027337
0.10297 0.026387
0.10769 0.027529
0.19609 0.024834
0.1854 0.027521
0.20023 0.027522
0.12534 0.027475
0.1162 0.027649
0.12369 0.027336
0.20652 0.030208
0.12898 0.02835
0.21237 0.029469
0.18815 0.039856
0.12763 0.028652
0.12069 0.029376
0.20771 0.032943
0.12064 0.029901
0.23102 0.025739
0.20067 0.038591
0.11819 0.029969
0.12609 0.030346
0.23966 0.028567
0.13664 0.031976
0.24892 0.026691
0.19991 0.038809
0.13653 0.031769
0.1327 0.031131
0.25525 0.024469
0.12181 0.030953
0.26836 0.025439
0.23184 0.036853
0.1188 0.031491
0.27709 0.021556
0.09865 0.031265
0.28395 0.02618
0.24759 0.035732
0.097186 0.03034
0.2857 0.030059
0.099823 0.032749
0.29761 0.023705
0.11505 0.032532
0.1113 0.033079
0.30187 0.027679
0.25511 0.036866
0.30176 0.029946
0.27152 0.036211
0.1365 0.038198
0.31742 0.028664
0.28007 0.037652
0.322 0.031278
0.12841 0.03382
0.13349 0.035461
0.12986 0.033884
0.32932 0.031729
0.11721 0.033654
0.34552 0.024777
0.10881 0.034465
0.11718 0.033649
0.10867 0.034484
0.33705 0.029837
0.093148 0.030266
0.33915 0.03176
0.25006 0.037178
0.09931 0.035813
0.085357 0.030035
0.36417 0.025751
0.062192 0.031195
0.36956 0.026154
0.20381 0.038668
0.067938 0.030455
0.051149 0.03227
0.37255 0.026047
0.13673 0.03888
0.36086 0.035659
0.2274 0.039188
0.044707 0.029984
0.034116 0.026773
0.3252 0.039694
0.1588 0.033094
0.37072 0.035211
0.17152 0.038204
0.029409 0.027067
0.027692 0.029671
0.32019 0.03872
0.069181 0.03309
0.38651 0.02733
0.032134 0.034258
0.029525 0.032776
0.032173 0.034346
0.34356 0.036231
0.04952 0.03448
0.21424 0.039488
0.064239 0.037479
0.032298 0.034554
0.033035 0.035666
0.3814 0.034676
0.033309 0.036614
0.37788 0.036148
0.081307 0.033462
0.033924 0.037155
0.38235 0.035815
0.045203 0.035109
0.39376 0.033103
0.080747 0.034431
0.035299 0.037449
0.39351 0.034029
0.037413 0.0378
0.35353 0.035665
0.098083 0.039064
0.039625 0.038131
0.044157 0.038859
0.33356 0.038089
0.13608 0.038817
0.4035 0.025474
0.085635 0.038971
0.115 0.037731
0.078826 0.038899
0.34023 0.037102
0.40404 0.026388
0.30333 0.038169
0.41212 0.022015
0.41141 0.025293
0.40657 0.030872
0.08909 0.039834
0.41402 0.031347
0.31081 0.039065
0.074817 0.037632
0.073095 0.037303
0.43308 0.030257
0.42754 0.032612
0.40811 0.03448
0.41328 0.033246
0.43957 0.037404
0.43922 0.037328
0.42166 0.035572
0.41344 0.034202
0.42275 0.035581
0.45329 0.040211
0.45869 0.02181
0.46708 0.024281
0.48066 0.020736
0.50629 0.021839
0.44227 0.0252
0.48596 0.023123
0.44869 0.03139
0.44873 0.033517
0.48062 0.030364
0.5006 0.022236
0.47569 0.037644
0.47923 0.038674
0.49213 0.029109
0.49679 0.023551
0.47075 0.038894
0.48424 0.038363
0.4896 0.026911
0.49485 0.027036
0.4853 0.038248
0.50406 0.039402
0.50443 0.026222
0.50359 0.032057
0.5039 0.039386
0.50042 0.026635
0.53291 0.021415
0.52114 0.021321
0.58759 0.020345
0.55105 0.02252
0.57321 0.024851
0.51092 0.021787
0.53864 0.030625
0.51983 0.024389
0.51803 0.025249
0.55789 0.028786
0.56467 0.032511
0.51451 0.025581
0.52499 0.029344
0.53107 0.036813
0.55279 0.0352
0.5155 0.028988
0.52515 0.034897
0.5279 0.03949
0.55296 0.037588
0.52424 0.035039
0.51376 0.030991
0.52571 0.039511
0.51109 0.040354
0.50911 0.028906
0.53183 0.039716
0.60166 0.021218
0.60294 0.026729
0.62225 0.028921
0.70116 0.039283
0.60859 0.035268
0.66487 0.039015
0.61041 0.039488
0.57839 0.033647
0.90464 0.037861
0.58791 0.034564
0.58373 0.038299
0.97082 0.036279
0.97038 0.029426
0.5768 0.039199
0.59307 0.039521
0.92243 0.038871
0.63826 0.0349
0.55842 0.036557
0.51105 0.040355
0.64889 0.038473
0.61329 0.039316
0.63295 0.030865
0.96662 0.039538
0.67238 0.039139
0.92964 0.039243
0.96263 0.025719
0.97444 0.026198
0.96737 0.027326
0.96885 0.028034
0.87173 0.037906
0.62731 0.039329
0.64149 0.028529
0.9757 0.026688
0.66584 0.038423
0.97606 0.026732
0.97602 0.026824
0.9759 0.026553
0.63829 0.025866
0.97531 0.026165
0.78591 0.038713
0.9533 0.04133
0.97524 0.026132
0.77799 0.038518
0.96968 0.02504
0.85294 0.039112
0.96839 0.024973
0.97075 0.025135
0.96547 0.024892
0.66298 0.032697
0.9595 0.040643
0.70633 0.039519
0.9568 0.024827
0.96128 0.024817
0.95932 0.024825
0.66257 0.028656
0.94124 0.041107
0.67515 0.035094
0.90018 0.037515
0.95285 0.02506
0.68003 0.039998
0.86957 0.038984
0.72575 0.039195
0.93754 0.026069
0.93562 0.024633
0.93829 0.026152
0.6862 0.04017
0.94515 0.027529
0.68533 0.037174
0.94853 0.028838
0.94741 0.028179
0.94848 0.028806
0.68605 0.036869
0.95219 0.030772
0.69729 0.038219
0.83245 0.039137
0.95151 0.030472
0.95611 0.03439
0.69808 0.03623
0.8031 0.040133
0.69493 0.031336
0.94243 0.037689
0.9515 0.036686
0.94439 0.038367
0.6992 0.029713
0.74525 0.038354
0.70073 0.023642
0.73828 0.038039
0.93101 0.035932
0.92911 0.035354
0.70876 0.02742
0.92617 0.034886
0.71756 0.026618
0.74993 0.037788
0.92408 0.034371
0.92 0.033452
0.73182 0.036904
0.76663 0.037467
0.72805 0.024404
0.81251 0.040915
0.91388 0.031617
0.91729 0.032264
0.74619 0.033301
0.91643 0.031898
0.76171 0.034115
0.78497 0.037557
0.91666 0.031991
0.91556 0.031355
0.74417 0.026507
0.81126 0.040741
0.75554 0.025625
0.78405 0.035241
0.91061 0.030895
0.77393 0.029918
0.79976 0.039699
0.76507 0.024886
0.79727 0.038437
0.88814 0.036559
0.87881 0.038292
0.77926 0.027377
0.80584 0.036524
0.78695 0.026613
0.8226 0.039913
0.87571 0.03842
0.8771 0.038671
0.79472 0.028643
0.87903 0.038222
0.81658 0.035448
0.82132 0.039962
0.88029 0.037909
0.88749 0.036416
0.81759 0.033386
0.84639 0.036088
0.82289 0.03302
0.83866 0.030751
0.88386 0.035104
0.88019 0.034392
0.82089 0.027411
0.8433 0.03239
0.82927 0.022941
0.85775 0.031017
0.87653 0.032521
0.8762 0.03007
0.84413 0.024813
0.86303 0.02845
0.85209 0.023243
0.87892 0.024848
0.87595 0.027864
0.8763 0.026686
0.86922 0.022323
0.88628 0.023356
0.95135 0.0204
0.95091 0.022483
