348
0.079625 0.020524
0.049129 0.023054
0.14581 0.020544
0.081061 0.023101
0.032185 0.023699
0.082233 0.023119
0.16908 0.021205
0.17516 0.023829
0.19466 0.021928
0.13317 0.027693
0.12899 0.026332
0.13359 0.02789
0.2094 0.024661
0.19856 0.02703
0.21372 0.02726
0.15036 0.027132
0.14125 0.02795
0.14905 0.027191
0.22178 0.028915
0.15413 0.027852
0.22761 0.027855
0.20133 0.041353
0.15269 0.028111
0.14585 0.029528
0.22541 0.031119
0.14597 0.030043
0.2486 0.025099
0.219 0.036354
0.14339 0.030207
0.15147 0.029696
0.25909 0.027611
0.16375 0.031633
0.26849 0.027194
0.21869 0.038404
0.16356 0.031391
0.15964 0.030939
0.27446 0.025708
0.14765 0.030994
0.28373 0.02727
0.25519 0.033854
0.14445 0.03154
0.29077 0.021776
0.12528 0.029986
0.2966 0.027039
0.26864 0.036275
0.12339 0.029049
0.29739 0.03101
0.12778 0.031619
0.31091 0.023782
0.14159 0.032967
0.1395 0.033416
0.31496 0.028446
0.27381 0.041346
0.31417 0.030699
0.28311 0.042154
0.16536 0.037463
0.32685 0.030135
0.29006 0.041798
0.33006 0.031996
0.1551 0.032775
0.16227 0.03511
0.15698 0.033062
0.33754 0.030687
0.1434 0.033657
0.35555 0.02544
0.13849 0.034886
0.14337 0.033663
0.13839 0.034924
0.34802 0.029769
0.11875 0.028046
0.35005 0.03147
0.27154 0.04505
0.12957 0.034176
0.10668 0.026397
0.37071 0.026533
0.07367 0.027264
0.37642 0.026197
0.22571 0.03948
0.080597 0.02697
0.056241 0.028155
0.3801 0.026294
0.16682 0.044447
0.36827 0.037233
0.25116 0.039918
0.044846 0.027965
0.033355 0.026533
0.32655 0.041794
0.17753 0.047025
0.37944 0.034803
0.18588 0.045321
0.028855 0.027199
0.02738 0.030059
0.3207 0.042431
0.08538 0.028455
0.39188 0.02851
0.034226 0.03421
0.030525 0.033547
0.034327 0.03427
0.35279 0.038264
0.056892 0.029623
0.23878 0.038976
0.085311 0.03075
0.034607 0.034393
0.036282 0.034996
0.38841 0.036801
0.037386 0.035634
0.38509 0.041438
0.10126 0.027865
0.038788 0.036001
0.38792 0.041223
0.052659 0.031126
0.39367 0.035671
0.10114 0.028379
0.041004 0.035796
0.39105 0.042863
0.045407 0.035195
0.3629 0.040557
0.13147 0.038667
0.049138 0.034744
0.056821 0.033783
0.33986 0.040671
0.16653 0.045378
0.40788 0.026683
0.11129 0.031786
0.14366 0.040896
0.10604 0.033018
0.35037 0.039503
0.40856 0.028032
0.31039 0.041811
0.42935 0.023075
0.42704 0.028798
0.41102 0.034704
0.1208 0.037185
0.42823 0.035855
0.31387 0.04253
0.10201 0.033083
0.10013 0.033193
0.44641 0.032336
0.44062 0.035702
0.41145 0.041936
0.42097 0.042236
0.44788 0.037628
0.44628 0.039369
0.43448 0.042523
0.41945 0.047231
0.43479 0.045272
0.47027 0.046353
0.47258 0.022386
0.48024 0.024794
0.4919 0.020966
0.50654 0.022406
0.45943 0.025018
0.49534 0.024883
0.4665 0.033484
0.46673 0.035341
0.49157 0.033499
0.50301 0.023397
0.48879 0.041659
0.49154 0.044566
0.4984 0.036259
0.50116 0.025965
0.48432 0.047079
0.49273 0.048238
0.49745 0.031796
0.50017 0.03243
0.49304 0.048052
0.49931 0.050512
0.50508 0.028759
0.50291 0.038016
0.4992 0.050962
0.50292 0.030108
0.5297 0.022063
0.5217 0.021642
0.56658 0.020499
0.5424 0.023869
0.55553 0.026646
0.51181 0.021948
0.53365 0.035471
0.52068 0.025325
0.51906 0.026099
0.54649 0.034915
0.54875 0.039239
0.51543 0.025758
0.5243 0.032571
0.52669 0.042041
0.54226 0.043956
0.51646 0.029509
0.5229 0.038677
0.5235 0.045627
0.54122 0.054164
0.52186 0.038227
0.5138 0.031373
0.52023 0.044408
0.50276 0.050118
0.50979 0.030275
0.52644 0.050983
0.57761 0.021231
0.5793 0.026682
0.59737 0.031384
0.66922 0.044525
0.58967 0.035665
0.63055 0.040532
0.59478 0.041912
0.55991 0.037463
0.86321 0.042341
0.56518 0.0406
0.5624 0.044011
0.96469 0.032122
0.96772 0.027354
0.55663 0.046098
0.56825 0.047318
0.87423 0.038205
0.61427 0.041968
0.54431 0.049756
0.5027 0.050167
0.61907 0.05025
0.59725 0.046475
0.60676 0.032689
0.95032 0.033546
0.6382 0.039143
0.88272 0.034328
0.95775 0.024006
0.97308 0.024975
0.96423 0.025508
0.96597 0.026176
0.81992 0.041349
0.60414 0.041916
0.61307 0.033539
0.97465 0.025368
0.63103 0.037961
0.97509 0.025404
0.97503 0.025478
0.97489 0.02526
0.61098 0.028686
0.97416 0.024948
0.73284 0.044775
0.92251 0.032129
0.97408 0.024923
0.72753 0.043874
0.96715 0.023917
0.80101 0.041902
0.96554 0.023804
0.96847 0.024037
0.96175 0.023577
0.62812 0.033435
0.93648 0.032411
0.67245 0.044003
0.94901 0.02301
0.95576 0.023307
0.95291 0.023182
0.62744 0.029546
0.89603 0.032486
0.64091 0.033777
0.85889 0.042406
0.94241 0.022802
0.64844 0.036556
0.81629 0.041761
0.68649 0.048088
0.91074 0.023272
0.90745 0.022539
0.91206 0.023281
0.66043 0.041907
0.92606 0.023672
0.65584 0.036679
0.9337 0.024351
0.93111 0.024017
0.9336 0.024334
0.65639 0.036439
0.9409 0.025875
0.66597 0.04032
0.78301 0.040253
0.93968 0.025583
0.94315 0.028314
0.6656 0.038068
0.74868 0.042556
0.66157 0.032543
0.91138 0.028287
0.93279 0.028514
0.9166 0.028213
0.66383 0.030907
0.70142 0.046772
0.66495 0.024195
0.69843 0.047158
0.89089 0.030158
0.88943 0.029973
0.67197 0.028597
0.88602 0.030049
0.67944 0.028673
0.70293 0.044249
0.88393 0.030164
0.88071 0.030428
0.69215 0.04078
0.71042 0.042808
0.68676 0.025701
0.75901 0.040003
0.87415 0.031581
0.87834 0.030367
0.70083 0.037239
0.87746 0.030445
0.70803 0.037136
0.73214 0.040422
0.8777 0.030418
0.87661 0.030437
0.7001 0.028692
0.75787 0.039418
0.70714 0.027465
0.73162 0.037847
0.87143 0.031482
0.72387 0.031862
0.74578 0.039686
0.71593 0.025406
0.74361 0.038779
0.84706 0.045127
0.83934 0.042988
0.72821 0.029378
0.75117 0.036131
0.73431 0.028035
0.77399 0.039729
0.83185 0.0408
0.83621 0.041267
0.74101 0.029722
0.83974 0.042161
0.76319 0.032907
0.772 0.037815
0.8412 0.042667
0.84773 0.041063
0.76435 0.031627
0.79458 0.033561
0.77176 0.032376
0.78561 0.031039
0.84665 0.039177
0.84469 0.037893
0.76877 0.027126
0.79124 0.03074
0.77667 0.023107
0.80548 0.030873
0.84265 0.035314
0.84457 0.032788
0.79137 0.024185
0.80986 0.028783
0.8002 0.02328
0.84865 0.026295
0.8455 0.030103
0.84615 0.02862
0.82198 0.022679
0.85298 0.024513
0.93967 0.020212
0.93881 0.021297
