348
0.070932 0.020583
0.044626 0.023618
0.14144 0.020504
0.072234 0.023439
0.030304 0.024372
0.073319 0.02345
0.16999 0.020792
0.18024 0.022248
0.21181 0.021413
0.12784 0.026439
0.12239 0.025017
0.12837 0.026643
0.22998 0.023892
0.21677 0.025466
0.23511 0.026094
0.14611 0.026379
0.13681 0.027362
0.14472 0.026521
0.2446 0.027766
0.15064 0.02674
0.25101 0.026844
0.22967 0.037216
0.14888 0.027071
0.14148 0.028827
0.25025 0.02962
0.1416 0.029299
0.27516 0.024333
0.24693 0.033832
0.13899 0.029507
0.14741 0.028567
0.28778 0.02597
0.16269 0.028518
0.30046 0.024912
0.24883 0.036058
0.16242 0.028379
0.15754 0.028749
0.30989 0.023775
0.14346 0.030068
0.32343 0.02559
0.28414 0.031295
0.14035 0.030713
0.33174 0.021469
0.11755 0.027816
0.33872 0.02596
0.30157 0.031024
0.11511 0.027244
0.33978 0.029332
0.12092 0.02912
0.35554 0.023451
0.13781 0.032005
0.13584 0.032269
0.3599 0.027944
0.31195 0.034066
0.35933 0.030007
0.32642 0.037104
0.16633 0.032141
0.37196 0.030209
0.33313 0.038543
0.37533 0.032263
0.15221 0.030827
0.16167 0.031304
0.15458 0.030846
0.38238 0.031288
0.13975 0.032659
0.39873 0.026051
0.13519 0.033472
0.13973 0.032664
0.1351 0.03349
0.39185 0.030756
0.10919 0.026899
0.39367 0.032677
0.3093 0.036985
0.12392 0.03134
0.096506 0.026312
0.4122 0.027471
0.065702 0.028211
0.41719 0.027189
0.25789 0.03794
0.071806 0.027739
0.050618 0.029595
0.42034 0.027405
0.17192 0.036294
0.40993 0.039582
0.28305 0.037804
0.041017 0.029432
0.031294 0.027725
0.37341 0.04298
0.19504 0.035989
0.41993 0.037362
0.20947 0.036657
0.027488 0.028513
0.02624 0.031895
0.36859 0.043204
0.076231 0.029291
0.4302 0.030592
0.03203 0.036804
0.0289 0.036019
0.032115 0.036874
0.39602 0.04026
0.051167 0.031307
0.27101 0.037773
0.076169 0.031814
0.032352 0.037021
0.033769 0.037738
0.428 0.040508
0.034702 0.038495
0.42523 0.045198
0.090953 0.028037
0.035887 0.038932
0.42787 0.045279
0.0476 0.033162
0.43247 0.039683
0.090836 0.028569
0.037765 0.038696
0.43091 0.047474
0.04149 0.037994
0.40497 0.043015
0.12798 0.035399
0.044633 0.037469
0.051106 0.036198
0.38458 0.042458
0.17189 0.037108
0.44244 0.029539
0.10133 0.031113
0.14149 0.039354
0.095984 0.032891
0.39385 0.041623
0.44312 0.031551
0.3582 0.040464
0.45701 0.024388
0.45554 0.032545
0.44564 0.041332
0.11287 0.034164
0.45691 0.04261
0.36242 0.042145
0.091786 0.033302
0.089844 0.033579
0.46821 0.041256
0.46548 0.046199
0.44699 0.053055
0.45185 0.054139
0.4696 0.050941
0.46871 0.053871
0.46239 0.056713
0.4526 0.065172
0.46294 0.063247
0.47938 0.060735
0.48335 0.023648
0.48873 0.026928
0.497 0.021304
0.5085 0.022952
0.47534 0.028373
0.49944 0.026452
0.4796 0.041394
0.47977 0.044207
0.49762 0.038268
0.50559 0.024267
0.49669 0.049297
0.49936 0.052867
0.50303 0.041077
0.50408 0.027588
0.49289 0.056444
0.50083 0.057614
0.50166 0.035379
0.50385 0.035917
0.50107 0.057359
0.50582 0.060359
0.50734 0.030853
0.50661 0.042797
0.5058 0.061015
0.50573 0.032708
0.52771 0.022466
0.52102 0.021974
0.55688 0.020692
0.53816 0.024821
0.54846 0.028633
0.51282 0.02236
0.53093 0.038804
0.52017 0.026406
0.5188 0.027348
0.5412 0.038792
0.54285 0.044594
0.5158 0.026956
0.52317 0.035081
0.52508 0.046597
0.53787 0.050047
0.51667 0.031479
0.52196 0.042532
0.52242 0.051318
0.53828 0.063005
0.52109 0.041986
0.51456 0.033759
0.5197 0.050036
0.50812 0.059621
0.51128 0.032471
0.52538 0.057683
0.56438 0.021817
0.56553 0.029935
0.57546 0.03647
0.64212 0.042189
0.56881 0.044319
0.60292 0.044291
0.56632 0.055399
0.55138 0.043714
0.88595 0.038923
0.55467 0.049843
0.55263 0.054622
0.96775 0.035357
0.97018 0.029223
0.54857 0.05563
0.55437 0.063171
0.90062 0.039231
0.58779 0.045079
0.5399 0.057646
0.50809 0.059692
0.56896 0.069251
0.56127 0.068291
0.5827 0.03596
0.95666 0.037996
0.6096 0.041538
0.90918 0.037558
0.96222 0.025195
0.97446 0.026219
0.96738 0.026989
0.96878 0.027791
0.8338 0.038209
0.57469 0.050186
0.58857 0.035557
0.97572 0.026711
0.60365 0.041324
0.97607 0.026754
0.97603 0.026847
0.97591 0.026575
0.58794 0.029952
0.97533 0.026185
0.72249 0.03708
0.93666 0.037919
0.97526 0.026153
0.71428 0.037726
0.96972 0.024922
0.80487 0.037605
0.96843 0.024805
0.97078 0.025053
0.9654 0.024576
0.60186 0.036232
0.94638 0.037241
0.64547 0.041406
0.95569 0.024014
0.9607 0.024317
0.95858 0.024192
0.60172 0.031529
0.91912 0.037983
0.6128 0.035337
0.88032 0.037541
0.9508 0.023782
0.62013 0.037122
0.82933 0.037762
0.66177 0.039933
0.92887 0.024989
0.92671 0.023855
0.92974 0.025002
0.63262 0.040627
0.93896 0.025354
0.6277 0.036341
0.94431 0.026131
0.94241 0.025734
0.94423 0.02611
0.62828 0.036052
0.94968 0.027979
0.63868 0.038554
0.78496 0.039679
0.94878 0.027629
0.95135 0.031206
0.63825 0.036555
0.75267 0.038389
0.63383 0.031789
0.92929 0.032635
0.94364 0.032052
0.93277 0.032409
0.63628 0.030101
0.68488 0.039969
0.63745 0.02386
0.68102 0.039459
0.91547 0.034077
0.91442 0.033615
0.64526 0.027655
0.91191 0.033059
0.65376 0.026979
0.68698 0.037842
0.91036 0.032769
0.90795 0.032431
0.67208 0.033044
0.6959 0.038107
0.66356 0.023907
0.76225 0.038751
0.90174 0.032385
0.90584 0.031869
0.68533 0.032072
0.90502 0.031785
0.69425 0.03295
0.72361 0.033557
0.90524 0.031802
0.90421 0.031616
0.68472 0.026042
0.76141 0.03772
0.694 0.025614
0.7239 0.03194
0.89905 0.031745
0.71538 0.028611
0.74986 0.034389
0.70564 0.024133
0.74602 0.032993
0.86136 0.039395
0.85301 0.039094
0.72179 0.026473
0.75602 0.033049
0.73132 0.025224
0.77656 0.039245
0.84616 0.037911
0.85045 0.037706
0.74187 0.026447
0.85413 0.037941
0.76874 0.031802
0.77575 0.036438
0.8557 0.038121
0.86556 0.034839
0.77032 0.030627
0.80186 0.031157
0.77762 0.03145
0.79288 0.030021
0.86531 0.033495
0.86346 0.032632
0.77568 0.026574
0.79943 0.02917
0.78389 0.022909
0.81818 0.02763
0.86212 0.031117
0.86595 0.02915
0.80006 0.02356
0.82476 0.026409
0.81073 0.02249
0.87264 0.02467
0.86802 0.027309
0.86895 0.026263
0.83967 0.022378
0.8784 0.023504
0.94877 0.02029
0.94812 0.021781
