348
0.072427 0.020684
0.048668 0.023517
0.13378 0.020547
0.073599 0.024042
0.032679 0.023583
0.074507 0.024051
0.15799 0.020947
0.16609 0.022829
0.19102 0.021813
0.12112 0.027351
0.11627 0.025987
0.12157 0.027553
0.20628 0.024714
0.19497 0.026885
0.21038 0.027435
0.13839 0.027223
0.1292 0.027829
0.13684 0.027238
0.21699 0.030404
0.14192 0.027891
0.22239 0.02922
0.19771 0.039232
0.14059 0.028214
0.13382 0.0296
0.21918 0.032976
0.13398 0.03012
0.2417 0.025599
0.21219 0.037795
0.13154 0.030369
0.13939 0.029871
0.25058 0.028611
0.15085 0.031132
0.25921 0.026751
0.21147 0.037976
0.15068 0.030938
0.14643 0.030459
0.26623 0.02459
0.13559 0.030991
0.27805 0.026321
0.24699 0.036061
0.13271 0.031851
0.28535 0.02175
0.11175 0.029653
0.29148 0.026596
0.26131 0.035642
0.10999 0.028651
0.29309 0.030651
0.11386 0.031143
0.30485 0.023783
0.12955 0.032718
0.12674 0.032931
0.30893 0.027773
0.26886 0.037244
0.30858 0.030044
0.28187 0.038562
0.15179 0.036554
0.32575 0.028179
0.28872 0.039295
0.3302 0.030462
0.14253 0.032951
0.14816 0.034252
0.14401 0.033041
0.33735 0.031306
0.13183 0.033977
0.3546 0.025072
0.12535 0.034375
0.13179 0.033974
0.12524 0.034407
0.34588 0.029856
0.10514 0.028081
0.34814 0.031785
0.26477 0.037835
0.1147 0.033629
0.093912 0.027273
0.37236 0.025767
0.067188 0.029769
0.37789 0.02582
0.21585 0.038435
0.072402 0.029446
0.053952 0.030317
0.38088 0.025918
0.15235 0.03821
0.36984 0.035812
0.24199 0.037839
0.04612 0.02897
0.034378 0.026451
0.33199 0.037969
0.16805 0.039095
0.3795 0.034391
0.17551 0.038665
0.029583 0.026918
0.027838 0.029495
0.32658 0.037119
0.073434 0.031758
0.39482 0.027681
0.033187 0.033635
0.030144 0.032492
0.033247 0.033714
0.35355 0.036507
0.052881 0.032123
0.22751 0.038899
0.069804 0.035351
0.033424 0.033894
0.034467 0.034864
0.39143 0.034755
0.03498 0.035716
0.38796 0.03591
0.086815 0.02999
0.035827 0.036235
0.39238 0.036336
0.048477 0.033286
0.40151 0.035071
0.085744 0.030779
0.037484 0.036396
0.40144 0.03674
0.040098 0.036494
0.36245 0.036135
0.11474 0.036112
0.043065 0.036542
0.048832 0.036845
0.34175 0.037359
0.1517 0.038161
0.40924 0.026194
0.091953 0.033355
0.13146 0.038251
0.081933 0.034572
0.34999 0.037161
0.40965 0.027216
0.30964 0.038916
0.41719 0.022309
0.41651 0.026099
0.41143 0.032175
0.098959 0.034216
0.41908 0.032472
0.31602 0.03748
0.078034 0.035017
0.076465 0.035085
0.43574 0.031358
0.43101 0.033895
0.41292 0.036108
0.41841 0.034588
0.44256 0.03726
0.44223 0.03735
0.42645 0.037011
0.41861 0.035542
0.42728 0.037054
0.46073 0.040208
0.46113 0.021907
0.46918 0.024415
0.48277 0.020704
0.50682 0.02176
0.44421 0.025092
0.48796 0.023212
0.45201 0.031242
0.45287 0.033188
0.48301 0.029899
0.50104 0.02229
0.48078 0.037112
0.4847 0.037682
0.49413 0.029987
0.49781 0.02381
0.47637 0.039514
0.48843 0.038912
0.49155 0.027523
0.49615 0.027653
0.48906 0.038869
0.50042 0.039526
0.50487 0.026157
0.50317 0.032136
0.50026 0.039602
0.50087 0.026804
0.5376 0.021319
0.52407 0.021149
0.59301 0.020274
0.55503 0.022848
0.57449 0.024485
0.51233 0.021594
0.54394 0.030782
0.52251 0.023845
0.52036 0.024587
0.56097 0.03013
0.56651 0.033615
0.51617 0.024854
0.52841 0.028049
0.53498 0.034647
0.55774 0.036908
0.51737 0.027782
0.52727 0.032718
0.52979 0.036534
0.55832 0.039953
0.5261 0.032823
0.51497 0.029625
0.52677 0.037035
0.50778 0.03874
0.51027 0.028094
0.53627 0.038122
0.6087 0.02112
0.61011 0.02619
0.63086 0.028938
0.70708 0.040019
0.61621 0.033937
0.67517 0.039518
0.61772 0.037994
0.57993 0.031339
0.90736 0.041002
0.59325 0.031436
0.58769 0.034032
0.96992 0.03618
0.97036 0.029389
0.57749 0.036474
0.60071 0.036261
0.92164 0.040763
0.64854 0.035498
0.56222 0.038484
0.50771 0.038762
0.65797 0.03828
0.61938 0.038339
0.64115 0.031167
0.96424 0.039134
0.68173 0.037769
0.9276 0.039496
0.96261 0.025419
0.97443 0.026189
0.96736 0.027191
0.96883 0.027974
0.87255 0.037294
0.63499 0.0383
0.64981 0.029049
0.9757 0.026678
0.67552 0.037846
0.97605 0.026722
0.97601 0.026814
0.97589 0.026544
0.64716 0.026375
0.9753 0.026156
0.79404 0.039649
0.95005 0.040407
0.97524 0.026124
0.78531 0.03962
0.96967 0.025026
0.855 0.039597
0.96837 0.024919
0.97073 0.025125
0.96545 0.024734
0.67109 0.032645
0.95641 0.039705
0.71119 0.039451
0.95636 0.024372
0.96121 0.024518
0.95926 0.024459
0.66962 0.028587
0.93744 0.040298
0.68395 0.033874
0.90154 0.040578
0.95173 0.024445
0.69013 0.039708
0.86971 0.038409
0.73284 0.038136
0.93469 0.025931
0.93283 0.024609
0.93541 0.02597
0.69589 0.041123
0.94274 0.026825
0.69497 0.038046
0.94669 0.027738
0.94539 0.027243
0.94664 0.027713
0.69534 0.037714
0.95105 0.029481
0.70384 0.039842
0.83731 0.039566
0.95019 0.029205
0.95475 0.032907
0.70456 0.037507
0.81016 0.039573
0.70189 0.032617
0.93926 0.036271
0.94918 0.034685
0.94114 0.036591
0.70616 0.030284
0.74976 0.03824
0.70764 0.023787
0.74382 0.038453
0.92865 0.036044
0.92696 0.035741
0.71512 0.026853
0.92436 0.035726
0.7259 0.025661
0.75404 0.037542
0.92235 0.035547
0.91897 0.03522
0.73935 0.037264
0.77206 0.039482
0.7375 0.024336
0.81883 0.040771
0.91374 0.034062
0.91654 0.034286
0.75356 0.032011
0.91579 0.033984
0.76888 0.035578
0.79267 0.038026
0.91598 0.034059
0.91499 0.033539
0.75365 0.02594
0.81794 0.040537
0.76594 0.026434
0.79123 0.035698
0.91091 0.033176
0.78064 0.031121
0.80663 0.039398
0.77267 0.026056
0.80404 0.038703
0.88809 0.039986
0.87821 0.039753
0.78495 0.027837
0.81191 0.036089
0.79325 0.026755
0.82795 0.040189
0.8759 0.038343
0.87675 0.0396
0.80042 0.02895
0.87845 0.03965
0.82241 0.035132
0.82686 0.039951
0.87979 0.039498
0.88753 0.039465
0.82349 0.033296
0.85089 0.035208
0.82846 0.033225
0.84347 0.030674
0.88467 0.037037
0.88216 0.035533
0.8267 0.027621
0.84822 0.032079
0.83462 0.023102
0.8624 0.031328
0.88007 0.032995
0.88108 0.030539
0.84937 0.024736
0.86758 0.028582
0.85738 0.023345
0.88385 0.025282
0.88121 0.028225
0.88156 0.027028
0.87414 0.02231
0.89011 0.024016
0.94998 0.020351
0.94947 0.022174
