348
0.065984 0.020696
0.044467 0.024158
0.12736 0.02051
0.067085 0.024098
0.030669 0.024236
0.068001 0.024104
0.15337 0.02091
0.16237 0.022654
0.18919 0.021548
0.11387 0.026761
0.10881 0.025416
0.11438 0.026956
0.20556 0.024596
0.19409 0.026012
0.20984 0.027139
0.13204 0.026625
0.12273 0.027426
0.13065 0.026721
0.21799 0.0286
0.13642 0.027171
0.2241 0.027298
0.20498 0.04027
0.13478 0.027454
0.1274 0.028942
0.22336 0.030298
0.12753 0.029426
0.24677 0.024721
0.21961 0.035122
0.12491 0.029554
0.13333 0.02896
0.25824 0.026662
0.14721 0.029794
0.26946 0.025541
0.22124 0.037364
0.14697 0.029633
0.1426 0.02974
0.27784 0.024223
0.12941 0.030308
0.29013 0.025856
0.25497 0.032525
0.12634 0.030795
0.29838 0.021482
0.10443 0.028714
0.30548 0.026281
0.27043 0.032429
0.10223 0.028215
0.30651 0.029956
0.10747 0.029936
0.31973 0.024283
0.12387 0.032078
0.12189 0.03241
0.32298 0.029444
0.27976 0.035663
0.32263 0.031993
0.29348 0.037519
0.15035 0.03396
0.33468 0.029197
0.30086 0.038698
0.33895 0.030795
0.13795 0.031622
0.14635 0.032985
0.14006 0.031813
0.34697 0.030874
0.12589 0.032731
0.36139 0.026641
0.12131 0.033657
0.12586 0.032736
0.12122 0.033679
0.35546 0.032217
0.096987 0.028155
0.35698 0.034552
0.2774 0.039018
0.11025 0.032144
0.086877 0.027999
0.37525 0.026596
0.061564 0.029901
0.38119 0.026526
0.23005 0.03891
0.066723 0.029226
0.049328 0.03177
0.38478 0.026936
0.15444 0.038794
0.37268 0.037584
0.25394 0.039703
0.041583 0.03042
0.031694 0.027575
0.33971 0.040434
0.17313 0.039388
0.38556 0.036355
0.18547 0.038173
0.027754 0.028221
0.02653 0.031487
0.33299 0.04201
0.070411 0.031073
0.39441 0.030773
0.032986 0.036655
0.029545 0.03547
0.033085 0.036743
0.35854 0.042986
0.049788 0.03395
0.24275 0.039174
0.070188 0.034073
0.033355 0.036939
0.034974 0.037972
0.39309 0.041028
0.03608 0.038964
0.39104 0.046907
0.082554 0.030094
0.037447 0.039706
0.39316 0.047032
0.04709 0.035634
0.39698 0.039829
0.082457 0.030758
0.039521 0.039924
0.39568 0.049092
0.04285 0.040038
0.36519 0.045649
0.11417 0.036152
0.045121 0.040116
0.049805 0.039976
0.35197 0.044515
0.15437 0.039738
0.40668 0.028687
0.090612 0.033837
0.12824 0.039642
0.086411 0.036338
0.35706 0.046141
0.40758 0.030398
0.32304 0.045462
0.42471 0.023254
0.42338 0.02941
0.41155 0.038075
0.10026 0.036316
0.42833 0.036168
0.32619 0.045621
0.083117 0.036746
0.081592 0.036989
0.44396 0.03411
0.44164 0.037848
0.41695 0.044472
0.42655 0.043756
0.4487 0.04163
0.45063 0.043799
0.44686 0.045195
0.45878 0.054647
0.46541 0.054266
0.47339 0.053289
0.46419 0.022425
0.47208 0.024948
0.48284 0.02103
0.49722 0.022187
0.45172 0.025494
0.48579 0.025084
0.45988 0.034261
0.46031 0.036625
0.48192 0.034298
0.49302 0.023244
0.48076 0.04718
0.48786 0.054856
0.48613 0.037797
0.4911 0.025843
0.48441 0.055085
0.49302 0.066404
0.4868 0.032031
0.48898 0.032344
0.49298 0.065969
0.49592 0.077718
0.49527 0.02813
0.4894 0.040927
0.49586 0.079483
0.49236 0.029677
0.5264 0.021482
0.51536 0.021285
0.58556 0.020336
0.5441 0.022698
0.56426 0.023751
0.50354 0.021657
0.53301 0.030991
0.51412 0.024211
0.51215 0.024903
0.5469 0.030253
0.54786 0.033541
0.50782 0.02472
0.5203 0.029495
0.53037 0.040126
0.54274 0.040436
0.50923 0.027817
0.52285 0.036015
0.51435 0.05237
0.51 0.067275
0.52052 0.035476
0.50618 0.029344
0.5111 0.052702
0.49703 0.077555
0.50112 0.028974
0.50613 0.067298
0.59831 0.02121
0.59998 0.026865
0.61242 0.033921
0.69064 0.043314
0.60336 0.037404
0.64888 0.040906
0.5962 0.040593
0.56518 0.030086
0.90818 0.043357
0.57043 0.032026
0.56058 0.035663
0.97285 0.045086
0.97408 0.035086
0.55162 0.040043
0.55415 0.043466
0.92438 0.040918
0.62453 0.041151
0.5348 0.047086
0.49701 0.077715
0.58033 0.043986
0.55868 0.044478
0.62035 0.033926
0.96627 0.048647
0.65536 0.03972
0.93234 0.040319
0.96913 0.028276
0.97661 0.030172
0.97229 0.031338
0.97317 0.032705
0.8708 0.042128
0.61094 0.044755
0.6269 0.033067
0.97738 0.030976
0.64914 0.037963
0.9776 0.031048
0.97757 0.031199
0.9775 0.030755
0.62658 0.028395
0.97714 0.030117
0.77006 0.042179
0.95466 0.048482
0.9771 0.030064
0.76419 0.041114
0.97371 0.028048
0.8416 0.040527
0.97293 0.027826
0.97436 0.028265
0.97107 0.027366
0.64587 0.033252
0.95989 0.047485
0.69322 0.041728
0.96496 0.026271
0.9682 0.026846
0.96687 0.026607
0.64471 0.029366
0.94176 0.042278
0.65769 0.033796
0.90473 0.043336
0.96172 0.025822
0.66526 0.034956
0.86643 0.039952
0.70604 0.040274
0.94797 0.027169
0.94636 0.025329
0.94859 0.027272
0.68075 0.038641
0.95415 0.028376
0.67456 0.034157
0.95752 0.029733
0.9563 0.0291
0.95747 0.029701
0.67526 0.03394
0.96103 0.032251
0.68678 0.037521
0.8261 0.04023
0.96042 0.03178
0.96244 0.037265
0.68617 0.035588
0.79242 0.042096
0.6812 0.030601
0.94929 0.038363
0.9577 0.039108
0.95153 0.038652
0.68361 0.029346
0.73113 0.040191
0.68483 0.023617
0.72745 0.03962
0.93777 0.036633
0.93676 0.035997
0.69302 0.027689
0.93441 0.035223
0.70108 0.027402
0.73347 0.037897
0.93297 0.034812
0.93077 0.034254
0.7192 0.032654
0.74303 0.037152
0.7104 0.023864
0.79908 0.040219
0.92521 0.033483
0.92884 0.033372
0.73237 0.03217
0.92811 0.03317
0.74145 0.032275
0.77021 0.037482
0.92831 0.033218
0.92738 0.032884
0.73194 0.026096
0.79864 0.039121
0.74136 0.025322
0.77014 0.035397
0.92277 0.032626
0.76294 0.030206
0.79011 0.037359
0.75392 0.024147
0.78696 0.035822
0.89227 0.042546
0.88446 0.043175
0.76796 0.028201
0.79492 0.035166
0.77511 0.026808
0.81571 0.03747
0.87894 0.042668
0.88217 0.041825
0.78338 0.028013
0.8854 0.04132
0.80636 0.031408
0.81469 0.034824
0.88685 0.041123
0.89564 0.03783
0.80834 0.029974
0.83953 0.03288
0.81694 0.03054
0.8319 0.031315
0.89528 0.036146
0.8935 0.034747
0.81471 0.025932
0.83755 0.030602
0.8238 0.022898
0.85423 0.028197
0.89214 0.032804
0.89547 0.031022
0.83813 0.024116
0.8605 0.026845
0.8473 0.022781
0.90093 0.026059
0.89728 0.029042
0.89805 0.02783
0.87367 0.022949
0.90496 0.024677
0.96039 0.020447
0.95997 0.022764
