348
0.063522 0.020895
0.044511 0.024266
0.11369 0.020577
0.064453 0.025302
0.031072 0.024151
0.065173 0.025327
0.13565 0.020923
0.14473 0.022787
0.1704 0.021614
0.1009 0.027897
0.096427 0.026912
0.10132 0.028063
0.18583 0.024943
0.17496 0.026617
0.18972 0.027852
0.11775 0.027881
0.10901 0.028141
0.11646 0.027805
0.19596 0.030168
0.12092 0.028817
0.20194 0.029124
0.18059 0.038734
0.11971 0.02912
0.11378 0.030136
0.19799 0.032669
0.11396 0.030705
0.22058 0.026227
0.19251 0.038725
0.11146 0.030787
0.1186 0.030869
0.22836 0.029497
0.12829 0.031785
0.23645 0.027699
0.19186 0.039084
0.12818 0.0316
0.12462 0.031636
0.24217 0.025232
0.11549 0.031773
0.25286 0.026639
0.22408 0.038032
0.11262 0.032456
0.25984 0.021801
0.092736 0.031822
0.26611 0.026782
0.23737 0.037971
0.091406 0.030804
0.26769 0.030969
0.093941 0.03339
0.27872 0.023724
0.10908 0.033255
0.1059 0.033387
0.28329 0.027479
0.24356 0.039573
0.28298 0.029695
0.256 0.03932
0.12835 0.037643
0.30083 0.028319
0.26308 0.040128
0.30516 0.031111
0.12126 0.034559
0.12569 0.035797
0.12244 0.034636
0.31227 0.032077
0.11159 0.034645
0.32748 0.025657
0.10407 0.034895
0.11155 0.034638
0.10394 0.034934
0.31996 0.030811
0.08762 0.030641
0.32223 0.033113
0.24001 0.040283
0.093897 0.036372
0.079392 0.029925
0.34334 0.026013
0.058865 0.032555
0.34854 0.026314
0.19542 0.038416
0.063378 0.032357
0.04837 0.032958
0.35164 0.026515
0.12856 0.038889
0.3403 0.036805
0.22027 0.040214
0.042206 0.030762
0.032555 0.027509
0.3079 0.03933
0.14567 0.038926
0.34928 0.035883
0.15234 0.039166
0.028369 0.027926
0.02674 0.030873
0.30227 0.037591
0.064103 0.03543
0.36358 0.029187
0.030628 0.035775
0.02833 0.034324
0.030663 0.035869
0.32701 0.038288
0.04697 0.035116
0.20714 0.038991
0.06066 0.039943
0.030775 0.036086
0.031438 0.037255
0.35926 0.037108
0.031687 0.03826
0.35675 0.038107
0.074243 0.033625
0.032245 0.038822
0.35967 0.038849
0.042829 0.036049
0.36818 0.037108
0.073464 0.03466
0.03349 0.039062
0.36781 0.038354
0.035444 0.039313
0.33394 0.037801
0.093228 0.039511
0.037593 0.039542
0.041967 0.040184
0.31753 0.038958
0.12802 0.038971
0.37646 0.026633
0.0782 0.038339
0.11094 0.039004
0.070584 0.039622
0.3243 0.03883
0.37687 0.027728
0.28375 0.037986
0.38432 0.022394
0.38368 0.026294
0.37828 0.032953
0.082931 0.039319
0.38564 0.033265
0.29064 0.036688
0.06763 0.039791
0.066416 0.039854
0.40123 0.033099
0.39652 0.035836
0.37926 0.03701
0.38475 0.035533
0.40589 0.039688
0.40558 0.039824
0.39197 0.038773
0.38478 0.036616
0.39272 0.038917
0.42377 0.037119
0.42626 0.021579
0.43639 0.023661
0.45183 0.020623
0.48219 0.021387
0.40853 0.025622
0.45771 0.022703
0.41551 0.030971
0.41603 0.032778
0.45205 0.028748
0.47457 0.021785
0.44887 0.035154
0.45292 0.035583
0.46528 0.027861
0.47022 0.022945
0.44386 0.03646
0.45712 0.035816
0.46206 0.026084
0.46797 0.025938
0.45797 0.035709
0.47564 0.035113
0.47966 0.024809
0.47788 0.029441
0.47544 0.035147
0.47436 0.025305
0.51726 0.021083
0.50249 0.021025
0.57847 0.020304
0.54151 0.022261
0.56254 0.024682
0.48875 0.021313
0.52519 0.028013
0.50081 0.023376
0.49845 0.023968
0.54832 0.028885
0.55426 0.032846
0.49354 0.024147
0.50732 0.027338
0.51465 0.032766
0.54448 0.034115
0.49499 0.026692
0.50661 0.031614
0.50972 0.035304
0.54513 0.036819
0.50535 0.031654
0.49228 0.028152
0.50651 0.035441
0.48549 0.034927
0.48613 0.026566
0.51572 0.035453
0.59513 0.020967
0.59678 0.025321
0.61918 0.028979
0.70019 0.036402
0.60464 0.032821
0.65928 0.038401
0.60767 0.036655
0.56809 0.032494
0.90123 0.038272
0.57835 0.032841
0.57345 0.036536
0.96986 0.036611
0.97061 0.029646
0.5657 0.037906
0.58385 0.036806
0.91897 0.037679
0.63519 0.03526
0.54965 0.036664
0.48542 0.034932
0.64326 0.038542
0.60991 0.03685
0.62907 0.031091
0.9642 0.039781
0.6684 0.037388
0.92695 0.036901
0.96306 0.025555
0.97458 0.026355
0.96769 0.027345
0.96912 0.028135
0.86757 0.038211
0.62414 0.038512
0.63814 0.028643
0.97581 0.026858
0.66062 0.037269
0.97616 0.026903
0.97612 0.026997
0.976 0.026719
0.63528 0.02615
0.97543 0.026321
0.78372 0.039906
0.95042 0.04032
0.97536 0.026288
0.77475 0.039557
0.96994 0.02514
0.85111 0.039446
0.96868 0.02502
0.97097 0.025264
0.96583 0.024842
0.65821 0.03247
0.95607 0.040138
0.70629 0.03709
0.95679 0.024503
0.96172 0.024636
0.95962 0.024583
0.65819 0.028541
0.9393 0.039321
0.67216 0.033851
0.89553 0.038194
0.95241 0.024594
0.67705 0.038573
0.86527 0.039306
0.72617 0.040472
0.93567 0.025499
0.93352 0.024188
0.9365 0.025578
0.68306 0.038536
0.94391 0.026873
0.68237 0.03596
0.94765 0.0281
0.94641 0.027486
0.9476 0.02807
0.68313 0.035526
0.95173 0.029792
0.69531 0.035705
0.83236 0.040196
0.95095 0.029578
0.95503 0.033352
0.69657 0.033996
0.80137 0.037052
0.69321 0.029779
0.94085 0.03595
0.94981 0.035438
0.94245 0.036561
0.69881 0.02838
0.74271 0.038778
0.70075 0.023122
0.73705 0.038882
0.92842 0.033901
0.92637 0.033603
0.70976 0.02643
0.92317 0.033507
0.71992 0.026463
0.74657 0.03886
0.92059 0.033269
0.9163 0.032867
0.73133 0.038552
0.76239 0.03934
0.7296 0.024709
0.81456 0.03811
0.91026 0.031851
0.91359 0.031996
0.74549 0.033105
0.91275 0.03172
0.75972 0.035442
0.78289 0.038564
0.91297 0.031789
0.91188 0.031318
0.74515 0.026477
0.81304 0.037378
0.75674 0.026296
0.78202 0.036348
0.90706 0.031127
0.77212 0.030818
0.7971 0.037911
0.76422 0.025706
0.79444 0.037538
0.88179 0.038866
0.87271 0.039987
0.77688 0.027755
0.80452 0.03361
0.78473 0.026942
0.82427 0.039999
0.87061 0.039229
0.87146 0.040073
0.79165 0.028922
0.87291 0.039921
0.81847 0.034109
0.82346 0.039717
0.87405 0.039709
0.88123 0.038587
0.81941 0.032482
0.8456 0.035776
0.82402 0.033092
0.83793 0.030932
0.87844 0.036669
0.87573 0.035533
0.82214 0.027337
0.84259 0.032342
0.8294 0.023278
0.85692 0.031571
0.87374 0.033169
0.8745 0.030565
0.84362 0.024834
0.86171 0.028875
0.85176 0.023391
0.87724 0.025166
0.87457 0.028232
0.87489 0.027014
0.86795 0.022398
0.88403 0.023713
0.95076 0.020367
0.95027 0.022281
