348
0.062684 0.020853
0.042923 0.024237
0.11333 0.020564
0.063622 0.025062
0.030096 0.024516
0.064348 0.02509
0.13555 0.021035
0.14318 0.02286
0.17041 0.021608
0.10132 0.028266
0.097472 0.027017
0.10169 0.02846
0.187 0.024654
0.175 0.026088
0.19091 0.027498
0.1177 0.027676
0.10893 0.028402
0.11633 0.02764
0.19756 0.03008
0.12134 0.028527
0.20308 0.028536
0.17815 0.038699
0.11997 0.02882
0.11322 0.0299
0.19961 0.032403
0.11321 0.030437
0.225 0.024979
0.19288 0.037623
0.11075 0.030719
0.11847 0.030524
0.23497 0.027485
0.12894 0.032085
0.24542 0.025613
0.19224 0.038624
0.12884 0.031863
0.12523 0.031547
0.25377 0.023989
0.11445 0.031475
0.26684 0.025595
0.2317 0.034137
0.11142 0.032074
0.27531 0.021529
0.093081 0.031692
0.28225 0.026297
0.24639 0.032888
0.09177 0.03065
0.28348 0.030097
0.094771 0.033277
0.2962 0.02381
0.10814 0.033667
0.10556 0.034161
0.30037 0.028031
0.25414 0.034502
0.29968 0.030276
0.26936 0.036973
0.12856 0.037741
0.31333 0.030457
0.27679 0.037859
0.31677 0.032952
0.12093 0.033896
0.12585 0.035664
0.12251 0.034115
0.32309 0.033136
0.10991 0.034418
0.33661 0.026763
0.10403 0.035703
0.10987 0.034425
0.10393 0.035739
0.3307 0.032384
0.088102 0.029854
0.33244 0.034737
0.24965 0.035389
0.095346 0.036055
0.079604 0.029507
0.35032 0.027419
0.058883 0.031893
0.35498 0.027426
0.19638 0.038797
0.062989 0.031711
0.048198 0.032395
0.35751 0.027346
0.1286 0.040731
0.35114 0.039856
0.22815 0.037365
0.040906 0.030876
0.031449 0.028092
0.31711 0.041804
0.14312 0.039542
0.35917 0.037579
0.15225 0.037539
0.027631 0.028688
0.026364 0.031924
0.31106 0.04114
0.064026 0.034539
0.36914 0.02853
0.032206 0.036988
0.029015 0.035665
0.032293 0.037079
0.33584 0.041071
0.048089 0.034538
0.20976 0.036477
0.061596 0.038514
0.032531 0.037285
0.033943 0.038367
0.36753 0.037297
0.034846 0.03935
0.36571 0.039322
0.074156 0.032797
0.035998 0.04004
0.36853 0.039076
0.045155 0.035725
0.37414 0.036134
0.073369 0.033766
0.037817 0.040152
0.37393 0.03959
0.040676 0.039984
0.34508 0.040901
0.095134 0.039007
0.042837 0.039881
0.047112 0.040253
0.32783 0.042115
0.12802 0.040775
0.38285 0.027308
0.077386 0.03725
0.10809 0.040103
0.070657 0.039118
0.33384 0.041577
0.38346 0.028605
0.29698 0.039815
0.40811 0.023062
0.4061 0.028221
0.38647 0.034801
0.082657 0.039355
0.40918 0.036065
0.30184 0.040019
0.067779 0.039646
0.066588 0.039981
0.42675 0.033016
0.42051 0.035951
0.38829 0.039897
0.40578 0.039461
0.43058 0.039425
0.4301 0.039979
0.4149 0.041477
0.40532 0.041198
0.41551 0.041686
0.44844 0.042945
0.44983 0.022169
0.45731 0.024948
0.46876 0.020933
0.48557 0.022494
0.43551 0.025864
0.4723 0.024466
0.44219 0.033081
0.44277 0.035045
0.46888 0.033142
0.4816 0.023133
0.46694 0.041915
0.4698 0.043776
0.47637 0.0344
0.47917 0.02531
0.46312 0.044773
0.47159 0.045369
0.4746 0.030569
0.47792 0.030947
0.47195 0.045306
0.48026 0.045991
0.48416 0.028613
0.48283 0.036707
0.48013 0.046142
0.48148 0.029302
0.50689 0.02181
0.49704 0.021688
0.54876 0.020426
0.52071 0.023266
0.53613 0.026038
0.48959 0.022409
0.51091 0.033979
0.49609 0.025656
0.49479 0.026774
0.52593 0.03237
0.52975 0.036821
0.49217 0.027188
0.50004 0.03188
0.50369 0.040332
0.52114 0.039967
0.49293 0.031465
0.49846 0.038661
0.49929 0.044395
0.52075 0.044434
0.49763 0.038773
0.49125 0.034347
0.49711 0.045048
0.48544 0.046555
0.48818 0.032046
0.50374 0.045148
0.56062 0.021302
0.56218 0.027108
0.58118 0.030153
0.65405 0.041018
0.56743 0.034872
0.6192 0.03941
0.56754 0.038979
0.54097 0.036152
0.87114 0.034943
0.54793 0.037598
0.54472 0.04083
0.96449 0.03032
0.96528 0.026009
0.53841 0.043618
0.55206 0.041536
0.89062 0.035734
0.59407 0.039783
0.52494 0.042833
0.48537 0.046551
0.59849 0.041789
0.5687 0.039978
0.59019 0.033682
0.95377 0.03268
0.62571 0.038458
0.89963 0.034557
0.95257 0.023635
0.97141 0.024009
0.96048 0.024719
0.96276 0.02518
0.82028 0.04135
0.58476 0.041038
0.59605 0.031711
0.97336 0.024326
0.61982 0.03776
0.97391 0.024355
0.97384 0.024414
0.97365 0.024239
0.59456 0.0281
0.97275 0.023988
0.73178 0.04323
0.9324 0.034386
0.97265 0.023967
0.72483 0.041991
0.96405 0.023234
0.79604 0.040733
0.96205 0.023212
0.96569 0.023276
0.95732 0.023134
0.61602 0.032479
0.94307 0.033183
0.65742 0.040701
0.94438 0.022956
0.95056 0.02305
0.94796 0.023004
0.61517 0.028508
0.911 0.03449
0.62839 0.034036
0.86339 0.03569
0.93753 0.023081
0.63489 0.038053
0.81604 0.040781
0.67441 0.03985
0.91182 0.024263
0.90935 0.023329
0.9128 0.02428
0.64319 0.039824
0.92391 0.024533
0.64149 0.036766
0.92954 0.02504
0.92766 0.024713
0.92946 0.025023
0.64193 0.036516
0.93649 0.026546
0.65127 0.039821
0.77765 0.040757
0.93505 0.026293
0.94218 0.028763
0.65147 0.037684
0.74912 0.039748
0.64829 0.032331
0.91616 0.031214
0.93291 0.029884
0.92003 0.031121
0.65172 0.03075
0.69178 0.037418
0.65311 0.024065
0.68527 0.038585
0.90236 0.032042
0.90047 0.031741
0.66011 0.027431
0.8965 0.03155
0.66982 0.026298
0.69612 0.037193
0.89391 0.031351
0.89013 0.030961
0.68061 0.037756
0.71042 0.039943
0.68018 0.024558
0.76006 0.039956
0.88342 0.030144
0.88724 0.030169
0.69622 0.031817
0.88632 0.029986
0.7092 0.035053
0.7313 0.040977
0.88657 0.03003
0.88535 0.029718
0.69674 0.025876
0.75898 0.039595
0.7086 0.026299
0.73095 0.038333
0.87976 0.029385
0.72336 0.031599
0.74539 0.039263
0.71572 0.026051
0.74202 0.03898
0.84749 0.039036
0.83686 0.041005
0.72773 0.029279
0.75164 0.035677
0.73452 0.027851
0.7701 0.041115
0.82972 0.041072
0.83381 0.040782
0.74039 0.029533
0.83723 0.040594
0.76322 0.034658
0.7689 0.040393
0.83914 0.039959
0.84781 0.037022
0.76428 0.033207
0.79071 0.034752
0.76959 0.034036
0.78288 0.03174
0.84599 0.035666
0.84347 0.035011
0.76779 0.028147
0.78789 0.031972
0.7748 0.023451
0.80215 0.030708
0.84039 0.033241
0.84246 0.030682
0.78858 0.024695
0.80747 0.02844
0.79665 0.023275
0.84695 0.025062
0.84329 0.028312
0.84402 0.027038
0.81893 0.022826
0.85275 0.023657
0.9347 0.02024
0.93387 0.021472
