348
0.043665 0.021303
0.031626 0.027662
0.086916 0.020605
0.044293 0.027677
0.025051 0.029
0.04478 0.027678
0.10823 0.020962
0.1175 0.022487
0.14301 0.022059
0.075537 0.028814
0.072159 0.027457
0.075898 0.029024
0.15619 0.025894
0.14633 0.027871
0.15915 0.02988
0.090983 0.028093
0.082696 0.028956
0.089823 0.028085
0.16413 0.03423
0.09427 0.029027
0.16775 0.032512
0.14853 0.045216
0.093017 0.029326
0.08687 0.030614
0.16559 0.037797
0.08688 0.031183
0.18245 0.026653
0.16065 0.043827
0.084498 0.031412
0.09177 0.031103
0.19062 0.028999
0.10193 0.031693
0.19928 0.026786
0.16014 0.045161
0.10184 0.031505
0.098385 0.032087
0.20634 0.0247
0.08818 0.032276
0.21797 0.026148
0.18681 0.03751
0.085261 0.032861
0.22578 0.02166
0.068007 0.032258
0.23212 0.026875
0.19786 0.035789
0.066666 0.031348
0.23301 0.030837
0.069754 0.033967
0.24586 0.023786
0.08227 0.034574
0.080143 0.035167
0.24975 0.027937
0.20316 0.038029
0.24906 0.030153
0.21675 0.038618
0.1016 0.037031
0.26309 0.029717
0.22552 0.03967
0.26635 0.031756
0.09412 0.034703
0.099276 0.036062
0.095564 0.034916
0.27361 0.031035
0.083995 0.035271
0.29002 0.026156
0.078816 0.036816
0.083962 0.035279
0.078709 0.036852
0.28349 0.030582
0.062964 0.030872
0.28546 0.032798
0.1993 0.041406
0.070443 0.036928
0.055008 0.03182
0.30478 0.026628
0.04068 0.03859
0.31028 0.026276
0.16357 0.046874
0.043313 0.03778
0.03433 0.041103
0.31354 0.026272
0.10125 0.041754
0.30404 0.037786
0.18262 0.044179
0.030328 0.040107
0.025622 0.036042
0.26568 0.040828
0.12344 0.037074
0.31344 0.034891
0.13611 0.041047
0.023741 0.037366
0.023113 0.044149
0.26002 0.040952
0.043958 0.041907
0.32649 0.027835
0.025875 0.054268
0.024376 0.052003
0.025913 0.054435
0.28888 0.040649
0.034366 0.045054
0.17171 0.04565
0.042331 0.049306
0.02602 0.054803
0.026662 0.056659
0.32306 0.03551
0.027056 0.058341
0.31972 0.039797
0.050662 0.037054
0.027581 0.059352
0.32308 0.039309
0.032763 0.048183
0.33052 0.034951
0.050065 0.03848
0.028458 0.059092
0.32902 0.040249
0.030026 0.057799
0.29729 0.040178
0.070372 0.0408
0.031254 0.056757
0.03368 0.055744
0.27914 0.041186
0.10073 0.042329
0.34153 0.02681
0.052671 0.041985
0.08291 0.042476
0.047797 0.047617
0.28685 0.04099
0.34213 0.028055
0.24742 0.041097
0.3697 0.022309
0.36673 0.026384
0.34475 0.033738
0.056973 0.043004
0.36939 0.031878
0.25111 0.040757
0.045886 0.049862
0.045051 0.051013
0.39397 0.03089
0.38677 0.032464
0.34553 0.03932
0.36151 0.0354
0.39616 0.036165
0.39528 0.037106
0.37829 0.035658
0.35962 0.037374
0.3791 0.036275
0.42028 0.035884
0.42403 0.02145
0.43625 0.023077
0.454 0.020649
0.4776 0.021657
0.40488 0.024687
0.45868 0.023213
0.413 0.02982
0.41334 0.031147
0.45354 0.029094
0.47159 0.02214
0.45097 0.034903
0.45486 0.036842
0.46345 0.030179
0.46817 0.023686
0.44497 0.037855
0.45677 0.039299
0.46183 0.027604
0.46639 0.027653
0.4571 0.03916
0.46651 0.038854
0.47542 0.025778
0.47186 0.031357
0.46634 0.039109
0.47142 0.026358
0.50781 0.021213
0.49514 0.021225
0.56745 0.020302
0.53096 0.022266
0.55062 0.024599
0.48388 0.021589
0.51487 0.0286
0.49393 0.02407
0.49202 0.024805
0.53774 0.02937
0.54187 0.033086
0.48791 0.024879
0.49891 0.028716
0.50216 0.034296
0.53232 0.03413
0.48906 0.027894
0.49589 0.033559
0.49575 0.038184
0.53196 0.039312
0.49467 0.033584
0.48612 0.029633
0.49225 0.038745
0.4737 0.038587
0.48151 0.027875
0.50091 0.039178
0.58565 0.020806
0.58802 0.024408
0.61743 0.025912
0.71356 0.040283
0.59847 0.029512
0.6749 0.036416
0.6007 0.032121
0.55664 0.03203
0.92551 0.042635
0.5656 0.032499
0.56088 0.03522
0.97384 0.044631
0.97387 0.034403
0.55182 0.038058
0.57102 0.035075
0.93745 0.048174
0.64498 0.032816
0.53639 0.037844
0.47357 0.038599
0.65512 0.036051
0.60363 0.033137
0.63424 0.027889
0.96982 0.048552
0.68301 0.036065
0.94183 0.048403
0.96858 0.028138
0.97642 0.029627
0.97187 0.031007
0.97281 0.032256
0.87855 0.044009
0.62731 0.032201
0.64411 0.028041
0.97723 0.030388
0.67498 0.034715
0.97746 0.030456
0.97744 0.030599
0.97736 0.030179
0.64116 0.025385
0.97698 0.029575
0.79153 0.039808
0.95918 0.047911
0.97694 0.029525
0.78279 0.040216
0.97336 0.027711
0.85736 0.041777
0.97253 0.027565
0.97404 0.027861
0.97057 0.027182
0.67004 0.03022
0.96468 0.047814
0.71734 0.038905
0.96465 0.0263
0.96768 0.026758
0.96645 0.026562
0.66851 0.027031
0.94718 0.048806
0.68495 0.031771
0.91935 0.040694
0.96127 0.026174
0.69305 0.035458
0.87543 0.04381
0.73781 0.040464
0.94773 0.028337
0.94643 0.026571
0.94826 0.028325
0.70283 0.039818
0.95427 0.028513
0.70007 0.035717
0.95735 0.029669
0.95635 0.028978
0.95731 0.029633
0.70058 0.035506
0.96075 0.032998
0.70989 0.038857
0.84348 0.041804
0.96005 0.032367
0.96372 0.038345
0.70985 0.036876
0.81228 0.041224
0.70602 0.031939
0.95009 0.041316
0.95918 0.039192
0.95221 0.040684
0.70915 0.030322
0.7603 0.040551
0.71074 0.023922
0.75449 0.039829
0.94319 0.04366
0.9423 0.042827
0.71857 0.026859
0.94038 0.041672
0.72874 0.026435
0.76239 0.040113
0.93906 0.040618
0.93703 0.039028
0.74559 0.035155
0.76906 0.042021
0.73859 0.024302
0.82107 0.041035
0.93298 0.036872
0.93536 0.037326
0.75862 0.033154
0.93481 0.036921
0.76723 0.036293
0.79123 0.036964
0.93495 0.03702
0.93419 0.036374
0.75727 0.02645
0.82024 0.040844
0.76618 0.026882
0.79101 0.034839
0.93044 0.035071
0.7819 0.03049
0.80891 0.03876
0.77417 0.025542
0.80619 0.03733
0.90377 0.041784
0.89476 0.0423
0.78791 0.027943
0.81431 0.03693
0.79524 0.026681
0.83404 0.040294
0.88782 0.042403
0.89192 0.041519
0.80305 0.028628
0.89516 0.041591
0.82421 0.034248
0.83185 0.039017
0.89698 0.041541
0.90437 0.038959
0.82536 0.032789
0.85251 0.034918
0.83221 0.03317
0.84551 0.032544
0.90314 0.037389
0.90111 0.036554
0.82956 0.027747
0.85019 0.032296
0.83734 0.023325
0.86398 0.030916
0.8988 0.0344
0.90085 0.031768
0.85041 0.024786
0.86851 0.029097
0.85832 0.023392
0.90491 0.025636
0.90162 0.029187
0.90229 0.027793
0.87904 0.023126
0.91011 0.024071
0.9599 0.02047
0.95951 0.022873
