348
0.079089 0.02055
0.049132 0.023067
0.1373 0.020571
0.080453 0.023265
0.032211 0.023693
0.081541 0.023293
0.16162 0.021139
0.16807 0.023612
0.18871 0.021821
0.12634 0.029113
0.12284 0.027529
0.1267 0.029332
0.20441 0.024352
0.19283 0.026619
0.20905 0.026842
0.14197 0.027115
0.13311 0.028781
0.14059 0.027282
0.21764 0.028959
0.14591 0.027584
0.22309 0.028248
0.19596 0.040006
0.1444 0.027914
0.13734 0.030006
0.22125 0.031491
0.13742 0.030534
0.24228 0.025629
0.21566 0.036136
0.13493 0.031022
0.14312 0.029565
0.25174 0.028112
0.15591 0.031046
0.26086 0.02716
0.21563 0.038135
0.15572 0.030818
0.15162 0.030418
0.2671 0.02548
0.13894 0.031323
0.27681 0.02689
0.24781 0.035159
0.13567 0.032332
0.28429 0.021671
0.11966 0.031821
0.2905 0.026587
0.26015 0.036227
0.11814 0.030689
0.29134 0.030295
0.12155 0.033793
0.3059 0.023493
0.13282 0.034318
0.13097 0.035145
0.31029 0.027816
0.26534 0.04048
0.30944 0.029892
0.27583 0.040882
0.15738 0.036564
0.32304 0.029534
0.28342 0.040481
0.32661 0.031334
0.14663 0.032292
0.15415 0.034364
0.14861 0.032478
0.33446 0.030739
0.13431 0.034799
0.3507 0.026077
0.1299 0.037002
0.13428 0.034811
0.12981 0.037062
0.3442 0.030838
0.11419 0.029454
0.34603 0.032969
0.26233 0.04382
0.12271 0.036859
0.10383 0.027318
0.3654 0.026247
0.073283 0.027514
0.37148 0.025763
0.22259 0.040254
0.080023 0.027332
0.056212 0.028245
0.37542 0.02581
0.15869 0.0429
0.3617 0.036999
0.24393 0.041815
0.044868 0.027987
0.033384 0.026527
0.32358 0.040362
0.17022 0.045325
0.37455 0.033684
0.17929 0.043784
0.028875 0.027183
0.027396 0.030037
0.31687 0.040789
0.084462 0.028996
0.38839 0.027687
0.034257 0.0342
0.030548 0.03352
0.034358 0.034259
0.34828 0.040782
0.05686 0.029735
0.23365 0.040761
0.084396 0.031436
0.034639 0.034384
0.036318 0.034995
0.38454 0.035251
0.037424 0.035639
0.3808 0.039557
0.099171 0.02882
0.038829 0.036013
0.38398 0.039268
0.052646 0.031207
0.39041 0.034199
0.099069 0.029393
0.041043 0.03582
0.38749 0.040609
0.045426 0.03524
0.35553 0.041339
0.12367 0.041999
0.04914 0.034806
0.056789 0.033943
0.33903 0.041235
0.15833 0.043715
0.4058 0.02627
0.10768 0.0337
0.13329 0.04232
0.1032 0.034854
0.34659 0.04186
0.40652 0.027548
0.30552 0.04013
0.42805 0.02305
0.42573 0.028674
0.4093 0.033905
0.1153 0.040232
0.42761 0.035694
0.30936 0.040765
0.099786 0.034712
0.098127 0.034734
0.44441 0.034284
0.44046 0.037333
0.41007 0.040704
0.42047 0.04144
0.44582 0.040671
0.44484 0.04214
0.43525 0.042964
0.41915 0.045807
0.43603 0.045411
0.46327 0.044557
0.46811 0.022254
0.47625 0.024468
0.4889 0.020889
0.50468 0.022255
0.4549 0.025561
0.49264 0.024511
0.46099 0.033725
0.46088 0.035601
0.48852 0.032421
0.50093 0.023169
0.48541 0.039948
0.48841 0.042529
0.49597 0.03508
0.49896 0.025552
0.48042 0.044615
0.4897 0.045871
0.49494 0.030927
0.4979 0.031555
0.49004 0.045713
0.49698 0.048177
0.50313 0.028193
0.50086 0.036806
0.49685 0.048583
0.50083 0.029429
0.52923 0.021951
0.52077 0.021551
0.56832 0.020469
0.54266 0.023654
0.55657 0.026262
0.51027 0.021836
0.53347 0.034626
0.51969 0.025027
0.51797 0.025756
0.54704 0.034079
0.54947 0.038156
0.51411 0.02543
0.52355 0.031875
0.52623 0.040833
0.54266 0.042642
0.51521 0.028969
0.52217 0.03764
0.52292 0.044197
0.54165 0.052339
0.52107 0.037211
0.51239 0.030722
0.51945 0.043023
0.50074 0.047948
0.50813 0.029669
0.5261 0.049294
0.58007 0.021162
0.58186 0.026313
0.60087 0.030993
0.66814 0.043037
0.59277 0.034913
0.6358 0.040804
0.59815 0.041069
0.56126 0.036436
0.8712 0.042914
0.56687 0.039364
0.56394 0.042605
0.96457 0.032036
0.96763 0.027298
0.55784 0.044616
0.57016 0.045699
0.88198 0.040373
0.61784 0.041584
0.54489 0.048145
0.50068 0.04799
0.62265 0.048868
0.60074 0.045624
0.61042 0.032462
0.95011 0.033482
0.64364 0.040987
0.88829 0.036957
0.95758 0.023982
0.97302 0.024935
0.9641 0.025469
0.96586 0.026131
0.82547 0.040012
0.6077 0.041454
0.6168 0.03335
0.9746 0.025325
0.63601 0.038388
0.97505 0.02536
0.97499 0.025434
0.97484 0.025218
0.61473 0.02856
0.97411 0.024909
0.73804 0.043515
0.92257 0.032581
0.97403 0.024883
0.73235 0.042706
0.96704 0.023888
0.8046 0.040175
0.96542 0.023776
0.96838 0.024006
0.9616 0.023553
0.63238 0.033388
0.9363 0.032542
0.67207 0.04233
0.94879 0.023
0.95558 0.023289
0.95272 0.023166
0.6314 0.029474
0.8985 0.03455
0.645 0.035451
0.86661 0.042725
0.94216 0.022813
0.65068 0.039721
0.82156 0.040236
0.68805 0.045829
0.91144 0.023494
0.90838 0.022757
0.91268 0.023493
0.6584 0.04289
0.92605 0.023775
0.65595 0.038693
0.93356 0.024411
0.93102 0.024083
0.93346 0.024394
0.65638 0.038324
0.94065 0.025908
0.66489 0.040374
0.78371 0.040475
0.93943 0.025622
0.94291 0.02834
0.66487 0.038227
0.75577 0.042009
0.66147 0.033195
0.91204 0.028837
0.93266 0.028639
0.91692 0.028646
0.66426 0.031152
0.70443 0.0449
0.66563 0.02423
0.70122 0.045204
0.89406 0.03222
0.89285 0.032096
0.67296 0.028188
0.89009 0.032118
0.68079 0.028166
0.70605 0.042589
0.8884 0.032085
0.88582 0.032137
0.69437 0.039295
0.71406 0.04136
0.68867 0.025307
0.76582 0.04169
0.88031 0.032882
0.88383 0.031871
0.70382 0.036064
0.88309 0.031888
0.71152 0.036015
0.73721 0.039599
0.88329 0.031877
0.88233 0.031807
0.70304 0.028097
0.76487 0.040994
0.71057 0.026973
0.73659 0.037123
0.87763 0.032518
0.72835 0.031287
0.75213 0.039202
0.71999 0.025097
0.74963 0.038228
0.8543 0.044599
0.84608 0.0423
0.73288 0.028967
0.75762 0.036361
0.73927 0.027729
0.77599 0.04168
0.83811 0.039975
0.84273 0.040575
0.7462 0.02941
0.84647 0.041541
0.76819 0.034579
0.77475 0.040156
0.84802 0.042068
0.85479 0.040848
0.76903 0.033255
0.79772 0.032683
0.77497 0.034009
0.78826 0.030783
0.85355 0.038977
0.85146 0.037622
0.77266 0.028278
0.79433 0.030099
0.77938 0.023344
0.80969 0.029983
0.84924 0.035019
0.8511 0.032587
0.79451 0.023934
0.81449 0.028066
0.80392 0.023038
0.8551 0.02626
0.85192 0.029963
0.85257 0.028515
0.82754 0.022523
0.85949 0.024551
0.93943 0.020213
0.93858 0.021308
