348
0.076725 0.020628
0.048595 0.023159
0.12912 0.020567
0.077975 0.023763
0.03205 0.02375
0.07893 0.023819
0.1547 0.021046
0.16181 0.023274
0.1845 0.021694
0.11823 0.029383
0.11484 0.027838
0.11858 0.029598
0.20057 0.024823
0.1889 0.026285
0.20435 0.028026
0.13378 0.02694
0.12496 0.028847
0.1324 0.02714
0.21134 0.030609
0.13786 0.027286
0.21587 0.029373
0.19408 0.040048
0.13628 0.027648
0.12916 0.029931
0.21404 0.033261
0.12922 0.030452
0.23411 0.025718
0.20957 0.039418
0.12672 0.031036
0.13496 0.029289
0.24363 0.028006
0.14856 0.030254
0.25294 0.026879
0.2095 0.041714
0.14836 0.030047
0.14396 0.029792
0.25951 0.025169
0.13071 0.031173
0.26999 0.026387
0.23949 0.035143
0.1274 0.032316
0.27806 0.021555
0.11165 0.032432
0.28471 0.026149
0.25215 0.035623
0.11032 0.031292
0.28561 0.029612
0.1133 0.034423
0.30128 0.023211
0.12446 0.034444
0.12257 0.035372
0.30609 0.027146
0.25754 0.03942
0.30516 0.029053
0.26884 0.039352
0.1501 0.035329
0.31999 0.028962
0.27703 0.039048
0.32372 0.030756
0.13856 0.031777
0.14663 0.033395
0.14068 0.031864
0.33189 0.030444
0.12593 0.034854
0.34805 0.026284
0.1214 0.037319
0.1259 0.034868
0.12131 0.037385
0.34182 0.030939
0.10673 0.030137
0.34374 0.033183
0.25433 0.042755
0.11421 0.037571
0.097146 0.028386
0.36181 0.027024
0.071381 0.028286
0.36702 0.026677
0.21404 0.042854
0.077584 0.028426
0.055462 0.028632
0.37038 0.026563
0.15147 0.041085
0.36002 0.038797
0.23528 0.041892
0.044459 0.028197
0.033207 0.026633
0.32063 0.039171
0.16433 0.042781
0.36951 0.035625
0.17454 0.041461
0.028757 0.02728
0.027298 0.030171
0.3134 0.039221
0.081313 0.030609
0.38271 0.027448
0.034068 0.034442
0.030408 0.033707
0.034168 0.034504
0.34665 0.041172
0.05609 0.03021
0.22454 0.041661
0.081024 0.033471
0.034445 0.034634
0.036102 0.035278
0.37764 0.035595
0.037193 0.035949
0.37371 0.040925
0.093234 0.030424
0.038579 0.03635
0.37643 0.039927
0.051998 0.031625
0.3844 0.033452
0.093108 0.031109
0.040747 0.036184
0.37998 0.040321
0.044992 0.035648
0.35452 0.04235
0.11482 0.042656
0.048589 0.035251
0.056001 0.034619
0.33683 0.04094
0.15108 0.041829
0.40157 0.025853
0.099882 0.035329
0.12456 0.042409
0.095553 0.037159
0.34492 0.042009
0.40234 0.027051
0.301 0.038513
0.42483 0.023016
0.42251 0.028517
0.40529 0.033033
0.10645 0.041532
0.42459 0.035504
0.3052 0.039006
0.092761 0.037378
0.091441 0.037588
0.44123 0.034712
0.43755 0.037695
0.40614 0.039414
0.41754 0.040691
0.44281 0.041378
0.44193 0.042864
0.43254 0.043165
0.41621 0.044662
0.43342 0.045686
0.45949 0.044288
0.46434 0.022167
0.47298 0.024204
0.48645 0.020833
0.50321 0.022148
0.45108 0.025733
0.49045 0.024231
0.45698 0.03371
0.45692 0.035591
0.48604 0.031638
0.49929 0.023004
0.48274 0.038711
0.48591 0.041148
0.49395 0.034204
0.4972 0.025251
0.47751 0.043193
0.48726 0.044342
0.4929 0.030279
0.49605 0.030911
0.48762 0.044189
0.49487 0.046628
0.50159 0.02779
0.49912 0.035931
0.49473 0.047012
0.49919 0.028938
0.52885 0.021859
0.51997 0.021482
0.56999 0.020444
0.54296 0.023476
0.55759 0.025944
0.50903 0.021761
0.53335 0.033926
0.51884 0.024808
0.51705 0.025509
0.54759 0.033387
0.55018 0.03726
0.51303 0.025205
0.52292 0.031341
0.52583 0.039873
0.54307 0.041549
0.51418 0.028594
0.52155 0.036854
0.52241 0.043084
0.54208 0.05082
0.52038 0.036452
0.51124 0.030284
0.51875 0.041986
0.49882 0.046465
0.5068 0.029252
0.5258 0.047924
0.58237 0.021119
0.5842 0.026094
0.60367 0.030782
0.66958 0.042965
0.59535 0.034573
0.63871 0.041394
0.60086 0.040637
0.56255 0.035584
0.87914 0.042762
0.56844 0.038336
0.56537 0.041449
0.96471 0.032201
0.96774 0.027379
0.559 0.043399
0.57184 0.044444
0.89043 0.04097
0.62081 0.041464
0.54545 0.046803
0.49875 0.046505
0.62555 0.048848
0.60348 0.045127
0.61336 0.032291
0.95056 0.033837
0.64617 0.042097
0.89659 0.038121
0.95782 0.024061
0.97308 0.02498
0.96424 0.025547
0.96599 0.026208
0.83117 0.038775
0.61055 0.041115
0.61983 0.03326
0.97465 0.025374
0.63894 0.038918
0.97509 0.025409
0.97504 0.025483
0.97489 0.025265
0.61776 0.028483
0.97416 0.024953
0.74286 0.042845
0.92489 0.034216
0.97408 0.024927
0.73693 0.041968
0.96716 0.023933
0.80888 0.03924
0.96555 0.023825
0.96848 0.024047
0.96177 0.023611
0.63536 0.033626
0.93732 0.033339
0.67357 0.042008
0.94926 0.023088
0.95587 0.02336
0.95308 0.023242
0.6344 0.029615
0.90592 0.036897
0.64749 0.036319
0.87434 0.04241
0.9428 0.022947
0.65272 0.040939
0.82703 0.039001
0.69015 0.04439
0.91517 0.024235
0.9127 0.023389
0.91617 0.024202
0.65982 0.043675
0.9278 0.024174
0.65763 0.039479
0.93473 0.024724
0.93238 0.024403
0.93464 0.024707
0.65804 0.039065
0.94133 0.026214
0.66635 0.040562
0.78789 0.040909
0.94016 0.025931
0.94353 0.028719
0.66638 0.038394
0.76102 0.042178
0.66306 0.033479
0.91567 0.03067
0.9339 0.029274
0.91958 0.030135
0.66592 0.031276
0.70755 0.043534
0.66732 0.024256
0.70416 0.043806
0.90141 0.03365
0.90021 0.033374
0.6747 0.028053
0.89747 0.033089
0.68267 0.027869
0.70929 0.041357
0.89579 0.032882
0.89326 0.032733
0.69696 0.038214
0.71777 0.040323
0.69103 0.025011
0.77072 0.042607
0.88791 0.033262
0.89127 0.032344
0.707 0.035183
0.89054 0.032329
0.71515 0.035198
0.74198 0.039056
0.89074 0.032325
0.88978 0.03222
0.70625 0.027652
0.76981 0.041819
0.71421 0.026611
0.74134 0.03664
0.88523 0.032794
0.73278 0.030903
0.75727 0.039112
0.72412 0.024881
0.7547 0.037985
0.86149 0.043769
0.85288 0.041329
0.73747 0.028691
0.76281 0.036595
0.74406 0.027525
0.78043 0.042439
0.84454 0.038947
0.84938 0.039611
0.75115 0.029211
0.85329 0.040618
0.77291 0.035249
0.77923 0.04089
0.85491 0.041162
0.86201 0.040233
0.7737 0.033862
0.80167 0.032406
0.77937 0.034511
0.79235 0.030904
0.86072 0.038387
0.85854 0.037011
0.77713 0.028608
0.79834 0.029999
0.78359 0.023438
0.81437 0.029403
0.85622 0.034441
0.85817 0.032143
0.79852 0.023892
0.81946 0.027588
0.80825 0.022904
0.86235 0.026083
0.85904 0.029626
0.85972 0.028236
0.83337 0.022369
0.86684 0.024456
0.94015 0.020225
0.93936 0.021383
