348
0.062816 0.020834
0.042916 0.024227
0.11616 0.020579
0.063788 0.024941
0.030085 0.024522
0.06454 0.024963
0.13751 0.021064
0.14504 0.022946
0.17055 0.021781
0.1042 0.02791
0.10005 0.02657
0.10458 0.028112
0.18582 0.024948
0.1747 0.026669
0.18954 0.027894
0.1205 0.027925
0.11178 0.02844
0.11914 0.027873
0.19586 0.030636
0.12383 0.028839
0.20109 0.029027
0.17808 0.040309
0.12255 0.029128
0.11608 0.030161
0.19781 0.033099
0.11615 0.030717
0.22138 0.025694
0.19156 0.038561
0.11375 0.030954
0.12134 0.030881
0.22979 0.029009
0.13131 0.03253
0.23826 0.026665
0.19098 0.039611
0.13119 0.032319
0.12776 0.032038
0.24555 0.024681
0.11761 0.031813
0.25675 0.026335
0.22622 0.036758
0.11469 0.032387
0.2645 0.021648
0.09526 0.030683
0.27093 0.026345
0.23776 0.03538
0.093753 0.029657
0.27203 0.030131
0.097205 0.032255
0.28549 0.023591
0.11158 0.033654
0.10898 0.033881
0.28967 0.027413
0.24384 0.0372
0.28895 0.029549
0.25608 0.039265
0.13147 0.038363
0.30548 0.028064
0.26381 0.038999
0.30992 0.030034
0.12414 0.034438
0.12885 0.03637
0.12561 0.034691
0.31819 0.030835
0.11357 0.034699
0.33343 0.026343
0.10757 0.035274
0.11353 0.034702
0.10747 0.035301
0.32681 0.030947
0.08967 0.028998
0.32858 0.033376
0.2396 0.038361
0.097974 0.034881
0.080341 0.028911
0.34714 0.027695
0.058911 0.031716
0.3517 0.027617
0.19483 0.039826
0.063092 0.031457
0.048118 0.032358
0.35417 0.027452
0.13174 0.041209
0.34518 0.040618
0.22301 0.040144
0.040859 0.030858
0.031436 0.028097
0.30993 0.03683
0.14555 0.040054
0.35303 0.038091
0.15483 0.038526
0.027622 0.028698
0.026329 0.031938
0.30167 0.036713
0.064206 0.034212
0.36574 0.028234
0.031871 0.037018
0.028823 0.035683
0.031951 0.03711
0.33173 0.039919
0.047915 0.034506
0.20718 0.037474
0.061742 0.038206
0.032171 0.037316
0.033473 0.038401
0.36019 0.037296
0.034281 0.039388
0.35781 0.039207
0.074748 0.032186
0.035336 0.040038
0.36047 0.038743
0.04484 0.035707
0.36759 0.03474
0.073945 0.033138
0.037061 0.040141
0.36572 0.0378
0.039835 0.040014
0.3396 0.04104
0.097878 0.037615
0.042148 0.0399
0.046632 0.040233
0.32316 0.038976
0.13125 0.041362
0.38091 0.025039
0.078217 0.036271
0.11263 0.040069
0.071215 0.038124
0.3296 0.040004
0.38146 0.025822
0.28581 0.038685
0.39239 0.021748
0.39141 0.024559
0.38236 0.02951
0.083921 0.037873
0.39358 0.029448
0.29049 0.038361
0.068212 0.038727
0.066977 0.039037
0.41328 0.031536
0.40794 0.03299
0.38201 0.032534
0.39177 0.030836
0.41836 0.038135
0.41805 0.038484
0.40227 0.035144
0.39159 0.031501
0.40335 0.035588
0.4352 0.038285
0.43804 0.021704
0.44777 0.023813
0.46249 0.020733
0.48337 0.02207
0.42138 0.025422
0.46696 0.023535
0.42787 0.031471
0.4284 0.033139
0.46269 0.030332
0.47866 0.022565
0.46054 0.037125
0.46421 0.038674
0.47219 0.031572
0.47563 0.02431
0.45578 0.039071
0.4665 0.040038
0.46987 0.028437
0.47406 0.028846
0.46695 0.04001
0.47738 0.041216
0.48171 0.027116
0.48025 0.033741
0.47722 0.04133
0.47852 0.027613
0.50853 0.021543
0.49696 0.021431
0.55803 0.020365
0.52474 0.022774
0.54296 0.025085
0.48814 0.022028
0.51325 0.031924
0.49584 0.024792
0.4943 0.025736
0.53091 0.030483
0.53546 0.034219
0.49119 0.026077
0.50052 0.030087
0.50489 0.037298
0.52519 0.036958
0.4921 0.029698
0.49877 0.035832
0.49984 0.040744
0.52471 0.040734
0.49778 0.03592
0.49016 0.032125
0.49728 0.041275
0.48353 0.042082
0.48649 0.030094
0.505 0.041453
0.57109 0.021327
0.57248 0.027389
0.58964 0.030152
0.65879 0.040706
0.57731 0.036382
0.62674 0.041842
0.57749 0.040783
0.54891 0.033564
0.88248 0.041103
0.55776 0.035043
0.55392 0.037466
0.96397 0.029988
0.96478 0.025815
0.54587 0.039634
0.56345 0.03941
0.89468 0.03993
0.60517 0.039522
0.52973 0.039323
0.48345 0.042073
0.61091 0.042362
0.57836 0.041721
0.59968 0.032803
0.9529 0.032287
0.63227 0.040738
0.90089 0.037331
0.95166 0.023523
0.97112 0.023878
0.95982 0.024569
0.96217 0.025014
0.82966 0.039611
0.59241 0.04004
0.6062 0.031774
0.97314 0.024184
0.62718 0.040212
0.9737 0.024212
0.97363 0.024269
0.97344 0.0241
0.60428 0.027985
0.9725 0.023857
0.73642 0.037366
0.93116 0.034404
0.9724 0.023837
0.725 0.037609
0.96351 0.02313
0.80865 0.040602
0.96144 0.023109
0.96521 0.02317
0.95655 0.023036
0.62385 0.034303
0.94185 0.032954
0.66257 0.040472
0.94321 0.022897
0.94958 0.022957
0.94691 0.022926
0.62293 0.029767
0.91086 0.035825
0.6346 0.035734
0.87744 0.041578
0.93626 0.023057
0.64015 0.039849
0.82383 0.040234
0.68093 0.040974
0.91141 0.02464
0.90915 0.023681
0.91231 0.024639
0.64714 0.040831
0.92269 0.024693
0.64574 0.037779
0.9283 0.025093
0.92643 0.024801
0.92822 0.025077
0.64616 0.03746
0.93523 0.026507
0.65581 0.039627
0.78938 0.039153
0.93379 0.026272
0.94094 0.028624
0.65609 0.03751
0.756 0.037969
0.65303 0.032475
0.91542 0.031989
0.93165 0.029887
0.91893 0.031702
0.65657 0.03064
0.69566 0.040671
0.65798 0.024025
0.69047 0.041156
0.90297 0.034054
0.9013 0.033902
0.66517 0.027381
0.89828 0.034068
0.67482 0.026437
0.69912 0.040258
0.89631 0.034083
0.89343 0.033998
0.68653 0.039805
0.71047 0.042396
0.68481 0.025045
0.76592 0.037371
0.88826 0.03362
0.89111 0.033392
0.69877 0.033854
0.89038 0.03323
0.70962 0.037155
0.73542 0.035944
0.89058 0.033269
0.88959 0.032931
0.69883 0.026866
0.76497 0.037189
0.70913 0.027166
0.73464 0.033965
0.88536 0.032799
0.72364 0.029699
0.75252 0.037105
0.71536 0.026092
0.74932 0.036305
0.86567 0.041101
0.85361 0.039389
0.72964 0.026911
0.75838 0.034295
0.73883 0.026192
0.77958 0.038017
0.84331 0.038688
0.84929 0.038936
0.74622 0.028003
0.85397 0.039205
0.77079 0.032608
0.77792 0.037394
0.85607 0.039232
0.86499 0.039835
0.77233 0.031312
0.80268 0.034427
0.77906 0.032052
0.79386 0.031017
0.86191 0.037314
0.85884 0.035622
0.77697 0.026949
0.79919 0.031556
0.78522 0.02309
0.8133 0.031345
0.85499 0.032972
0.85618 0.030681
0.79974 0.024537
0.81824 0.028806
0.8081 0.023318
0.86002 0.025477
0.85651 0.02838
0.85721 0.027182
0.82985 0.022625
0.86554 0.024349
0.93344 0.020239
0.93262 0.02147
