348
0.06468 0.020909
0.044443 0.024006
0.11218 0.020616
0.065506 0.025431
0.030766 0.024231
0.066146 0.025494
0.13411 0.021004
0.14197 0.023007
0.16553 0.021838
0.10094 0.028422
0.096706 0.027106
0.10134 0.028626
0.1806 0.025062
0.1696 0.026848
0.18432 0.028147
0.11629 0.028077
0.10804 0.02885
0.11498 0.028112
0.19003 0.031071
0.11926 0.028788
0.19527 0.029402
0.16971 0.03964
0.11813 0.029162
0.11211 0.030818
0.19147 0.033583
0.11219 0.031399
0.21478 0.026124
0.18371 0.039163
0.10995 0.031736
0.11698 0.031026
0.22246 0.029941
0.12712 0.031975
0.22995 0.027663
0.18293 0.039594
0.12699 0.031785
0.1231 0.031615
0.23644 0.025103
0.11356 0.032342
0.24709 0.026672
0.22074 0.03846
0.11083 0.033375
0.25431 0.021762
0.092361 0.031829
0.26049 0.02675
0.23124 0.037569
0.091131 0.030748
0.26197 0.030843
0.093917 0.033423
0.27362 0.024143
0.10792 0.034352
0.10543 0.034522
0.27741 0.028614
0.23752 0.038851
0.27706 0.031091
0.25007 0.038792
0.12719 0.037662
0.2908 0.029596
0.25714 0.03972
0.29448 0.032001
0.11904 0.034425
0.12406 0.035789
0.12038 0.034506
0.30099 0.032244
0.10979 0.035793
0.31678 0.02598
0.10408 0.036079
0.10976 0.035791
0.10398 0.036115
0.3093 0.030937
0.087524 0.030447
0.31103 0.033212
0.23395 0.039918
0.094292 0.036278
0.079435 0.030409
0.33111 0.026761
0.061501 0.032357
0.33607 0.026445
0.18709 0.039665
0.065131 0.032556
0.049679 0.031612
0.3392 0.026322
0.12745 0.039565
0.32854 0.038298
0.21669 0.039972
0.042146 0.030275
0.032209 0.027587
0.29452 0.040077
0.14348 0.040293
0.33864 0.035318
0.14999 0.039974
0.028137 0.028148
0.026631 0.031182
0.28929 0.040004
0.066348 0.035802
0.3529 0.028557
0.031397 0.036007
0.028685 0.034699
0.031454 0.036096
0.31438 0.039383
0.049149 0.033647
0.1999 0.038388
0.064902 0.039989
0.031622 0.036296
0.032613 0.037358
0.35064 0.036056
0.033136 0.038303
0.34744 0.036633
0.074795 0.034377
0.03394 0.038879
0.35188 0.037969
0.045209 0.034966
0.35856 0.03768
0.074124 0.035524
0.03545 0.038975
0.35852 0.03986
0.037932 0.038898
0.3221 0.039516
0.093874 0.039193
0.040544 0.038793
0.046409 0.038856
0.30435 0.039794
0.12681 0.039673
0.36451 0.027496
0.077322 0.039212
0.10897 0.040734
0.07201 0.041024
0.3117 0.039723
0.36483 0.028727
0.27827 0.041371
0.37159 0.02266
0.37097 0.027041
0.36573 0.034608
0.081595 0.040309
0.37218 0.034105
0.28236 0.04133
0.069786 0.041358
0.068882 0.041298
0.38833 0.031951
0.38279 0.034974
0.36631 0.039317
0.37118 0.036566
0.39407 0.038022
0.39375 0.038217
0.37724 0.039254
0.37112 0.037603
0.37807 0.039342
0.41318 0.036797
0.4139 0.021607
0.42427 0.023722
0.43894 0.020689
0.46218 0.021849
0.39633 0.02532
0.44423 0.023229
0.40362 0.03094
0.40446 0.032509
0.43915 0.029698
0.45704 0.022348
0.43752 0.036681
0.4417 0.037775
0.4499 0.030319
0.45372 0.023988
0.43346 0.038915
0.44485 0.038848
0.44746 0.027583
0.45201 0.028031
0.4454 0.038761
0.45731 0.03972
0.46042 0.026408
0.45909 0.032486
0.45715 0.039828
0.45688 0.026974
0.49232 0.021175
0.47767 0.021192
0.55233 0.020292
0.5131 0.022354
0.53416 0.024275
0.46761 0.021781
0.49849 0.02914
0.47637 0.024026
0.47461 0.024874
0.51999 0.029148
0.52492 0.032313
0.47109 0.025294
0.48211 0.028173
0.48786 0.033534
0.51329 0.034493
0.47212 0.028385
0.48 0.033005
0.48162 0.036881
0.51258 0.037604
0.47883 0.033177
0.46994 0.030612
0.47854 0.037658
0.46386 0.039781
0.46571 0.028905
0.48811 0.036759
0.56928 0.020966
0.57114 0.025301
0.59753 0.026449
0.68788 0.038187
0.57695 0.03121
0.649 0.037075
0.57672 0.034202
0.54079 0.031303
0.90075 0.037663
0.55133 0.032096
0.54641 0.034308
0.97003 0.036385
0.97049 0.029516
0.53662 0.036093
0.55751 0.035228
0.91685 0.038421
0.62034 0.033184
0.51816 0.037005
0.46378 0.039781
0.62935 0.036038
0.57805 0.034409
0.61202 0.028576
0.96439 0.03898
0.65618 0.035974
0.92384 0.037551
0.96284 0.025343
0.97451 0.026273
0.96753 0.027218
0.96898 0.028048
0.86046 0.037079
0.60094 0.032847
0.62248 0.027942
0.97576 0.026769
0.64973 0.035772
0.97611 0.026814
0.97607 0.026907
0.97594 0.026633
0.61958 0.025379
0.97537 0.02624
0.77347 0.036494
0.94928 0.039133
0.9753 0.026207
0.7638 0.03853
0.96981 0.025086
0.84254 0.042734
0.96853 0.024956
0.97086 0.025195
0.96565 0.024718
0.64581 0.031257
0.95631 0.03896
0.69223 0.038224
0.9564 0.024207
0.96146 0.024431
0.95947 0.02434
0.64474 0.02767
0.93469 0.038477
0.65971 0.032385
0.894 0.037558
0.95148 0.0242
0.66662 0.036086
0.85733 0.038655
0.71159 0.038532
0.9329 0.025369
0.93085 0.02416
0.93369 0.025411
0.67459 0.037704
0.94191 0.026266
0.67323 0.034955
0.94611 0.027149
0.94472 0.026678
0.94606 0.027126
0.67377 0.034731
0.95075 0.028929
0.68462 0.03712
0.83047 0.041302
0.94984 0.028619
0.95464 0.032341
0.68516 0.035284
0.79779 0.03401
0.68215 0.03086
0.93722 0.034775
0.94858 0.03363
0.93954 0.035122
0.68637 0.029304
0.72989 0.038466
0.68796 0.023532
0.72325 0.038303
0.92547 0.0345
0.92367 0.034095
0.69614 0.026627
0.92081 0.03388
0.70668 0.025876
0.73424 0.038168
0.91856 0.033571
0.91494 0.033049
0.71848 0.037168
0.7507 0.039643
0.7178 0.024362
0.81074 0.034808
0.90883 0.031708
0.91215 0.032089
0.73393 0.03243
0.91129 0.031785
0.74794 0.036047
0.77219 0.035409
0.91151 0.031862
0.91038 0.031349
0.73407 0.026158
0.80958 0.034467
0.74551 0.026646
0.77103 0.033653
0.90551 0.030934
0.76022 0.030549
0.79238 0.033619
0.75233 0.025997
0.78836 0.033217
0.87849 0.037701
0.86668 0.038309
0.76529 0.027342
0.79995 0.031285
0.77403 0.025796
0.82304 0.038045
0.86425 0.037286
0.86502 0.03838
0.78317 0.026841
0.86698 0.038142
0.81468 0.031297
0.82163 0.037118
0.86855 0.037737
0.87787 0.037213
0.81596 0.030272
0.84054 0.037631
0.82265 0.031988
0.83566 0.032966
0.87463 0.035181
0.87173 0.033931
0.82 0.026611
0.83922 0.03413
0.82816 0.023273
0.85193 0.032073
0.8697 0.031757
0.87102 0.029474
0.84054 0.025517
0.85691 0.028782
0.84748 0.023758
0.8742 0.02472
0.87117 0.027392
0.87156 0.026313
0.86357 0.022226
0.88138 0.023529
0.94962 0.020328
0.94907 0.022023
