348
0.075989 0.020693
0.051921 0.023315
0.13081 0.020581
0.077239 0.024088
0.034484 0.023181
0.078206 0.024093
0.1531 0.020975
0.16183 0.02259
0.18718 0.021824
0.11911 0.028366
0.11512 0.027043
0.11951 0.028575
0.20218 0.024876
0.1915 0.027181
0.20625 0.0277
0.13517 0.027785
0.12659 0.028449
0.1336 0.027765
0.21262 0.030154
0.13886 0.028593
0.21832 0.029244
0.19538 0.039141
0.13753 0.028925
0.13086 0.030205
0.21429 0.032789
0.13093 0.030778
0.23798 0.025753
0.20798 0.038905
0.12866 0.03098
0.13611 0.030699
0.24617 0.029231
0.14678 0.032389
0.25436 0.0274
0.20727 0.039152
0.14663 0.032144
0.14281 0.031346
0.26008 0.024815
0.13216 0.031797
0.27263 0.02573
0.24055 0.036857
0.12948 0.032635
0.28087 0.021647
0.11169 0.031674
0.28734 0.026672
0.25466 0.037244
0.11011 0.030507
0.28898 0.030825
0.11316 0.033424
0.30003 0.023762
0.12633 0.033851
0.12354 0.034646
0.30451 0.027511
0.26135 0.037954
0.30429 0.029742
0.27691 0.037152
0.14786 0.038956
0.32095 0.028401
0.28471 0.039243
0.32551 0.031056
0.13911 0.034192
0.14436 0.035662
0.14048 0.034216
0.33306 0.031755
0.12831 0.03494
0.34821 0.0255
0.12192 0.036309
0.12828 0.034935
0.12181 0.03634
0.34096 0.030464
0.10599 0.029763
0.34314 0.032686
0.25704 0.038963
0.11352 0.036509
0.096786 0.028336
0.3649 0.026088
0.070102 0.029839
0.37012 0.026536
0.21104 0.038726
0.076096 0.02956
0.056894 0.030199
0.37302 0.026621
0.14827 0.039945
0.36275 0.036741
0.23579 0.038837
0.049032 0.028343
0.036424 0.025761
0.32857 0.039179
0.16498 0.036495
0.3721 0.036329
0.17368 0.038706
0.030947 0.026059
0.02895 0.028312
0.32284 0.038026
0.07752 0.031881
0.38485 0.029222
0.034199 0.032164
0.031118 0.030949
0.034247 0.032239
0.3478 0.038313
0.055127 0.031931
0.22179 0.039216
0.072858 0.035546
0.034399 0.032413
0.035291 0.033345
0.38161 0.03757
0.035638 0.034145
0.37888 0.038775
0.091423 0.031011
0.036377 0.034591
0.3824 0.03925
0.049931 0.032568
0.39074 0.037257
0.09071 0.0318
0.038003 0.034807
0.39062 0.038491
0.040541 0.035052
0.3564 0.037382
0.11331 0.039574
0.043303 0.035273
0.048916 0.035759
0.33871 0.038673
0.1476 0.039609
0.39757 0.027016
0.098189 0.035777
0.12727 0.039449
0.088227 0.035568
0.34499 0.038613
0.39797 0.028174
0.30535 0.037718
0.40456 0.022503
0.40396 0.026598
0.39985 0.033766
0.10309 0.037281
0.40589 0.033808
0.31231 0.037989
0.083773 0.035124
0.08189 0.035101
0.42189 0.032612
0.41681 0.03523
0.40117 0.038195
0.40521 0.036245
0.42687 0.040278
0.42655 0.040295
0.41157 0.038474
0.40529 0.037382
0.41244 0.038509
0.4425 0.039603
0.44555 0.021791
0.4541 0.024324
0.46721 0.020777
0.49143 0.021747
0.42933 0.025877
0.47208 0.0233
0.43558 0.031789
0.4359 0.033896
0.46737 0.030933
0.48568 0.022211
0.46481 0.038599
0.46851 0.039654
0.47765 0.029815
0.4822 0.023717
0.46076 0.039475
0.47221 0.039322
0.4752 0.027482
0.48021 0.027488
0.47285 0.039212
0.48778 0.038633
0.48951 0.025983
0.48842 0.03167
0.48764 0.038648
0.48552 0.026576
0.51944 0.021395
0.50755 0.021276
0.57342 0.020337
0.53772 0.022641
0.55843 0.024816
0.49679 0.021669
0.52548 0.03053
0.50624 0.024197
0.50446 0.024949
0.54416 0.029526
0.54992 0.03303
0.50076 0.025209
0.51151 0.029338
0.51803 0.036394
0.53961 0.036121
0.50187 0.028388
0.51155 0.034839
0.51462 0.039408
0.53992 0.039006
0.51052 0.034894
0.49992 0.030258
0.51204 0.039549
0.49533 0.039109
0.49464 0.028376
0.51898 0.039694
0.58812 0.021103
0.58963 0.026078
0.61016 0.028953
0.68781 0.040077
0.59631 0.034108
0.65087 0.040425
0.59873 0.038374
0.56393 0.033122
0.90168 0.039175
0.57346 0.034266
0.56906 0.037709
0.97014 0.035657
0.96999 0.029066
0.56188 0.038467
0.57826 0.038838
0.91564 0.038901
0.62638 0.034622
0.54472 0.03784
0.49527 0.039116
0.63555 0.038839
0.60115 0.038513
0.62041 0.03088
0.9654 0.038756
0.65871 0.039159
0.92308 0.037077
0.96194 0.025275
0.97422 0.025961
0.96687 0.026948
0.9684 0.027686
0.86386 0.035176
0.61449 0.038421
0.62968 0.028356
0.97553 0.026432
0.65194 0.039485
0.9759 0.026475
0.97586 0.026563
0.97573 0.026303
0.62671 0.025866
0.97512 0.025929
0.77454 0.037861
0.95062 0.039248
0.97506 0.025898
0.76308 0.036732
0.96927 0.024847
0.84281 0.036008
0.96793 0.024744
0.97038 0.024938
0.96489 0.024587
0.64947 0.033792
0.95771 0.039312
0.69222 0.040986
0.95552 0.024298
0.96054 0.024408
0.95849 0.024364
0.64918 0.029422
0.93612 0.038086
0.66175 0.03504
0.89619 0.038198
0.95087 0.024396
0.66724 0.039976
0.86105 0.036034
0.70975 0.039943
0.93283 0.025142
0.93057 0.023921
0.93371 0.025213
0.67344 0.040059
0.94185 0.026395
0.67237 0.037147
0.94581 0.027518
0.9445 0.026954
0.94576 0.027491
0.67305 0.036847
0.95015 0.029321
0.68396 0.03881
0.82092 0.037594
0.94932 0.029015
0.95448 0.032792
0.68467 0.036838
0.79171 0.039026
0.68142 0.031554
0.93809 0.034911
0.94897 0.034417
0.94044 0.035494
0.68568 0.030153
0.72765 0.038418
0.68726 0.023816
0.72191 0.038172
0.92491 0.033859
0.92273 0.033782
0.69446 0.027745
0.91931 0.034036
0.70316 0.026782
0.73139 0.038818
0.91716 0.034029
0.91354 0.034014
0.71548 0.037312
0.74741 0.03746
0.71348 0.024404
0.80208 0.039546
0.90835 0.033107
0.91121 0.033322
0.73014 0.033028
0.91048 0.033093
0.74426 0.034292
0.7732 0.036527
0.91067 0.033151
0.90971 0.032661
0.72962 0.026426
0.80086 0.038981
0.74116 0.025958
0.77165 0.034256
0.90555 0.031983
0.75886 0.029169
0.78821 0.039154
0.74941 0.02502
0.78573 0.038105
0.88181 0.037227
0.87077 0.037324
0.76448 0.02666
0.79376 0.035228
0.77344 0.026204
0.81131 0.039075
0.8679 0.036469
0.86912 0.037292
0.78124 0.028651
0.87103 0.03729
0.80552 0.034532
0.81033 0.0391
0.8725 0.037225
0.88114 0.036929
0.80642 0.03269
0.83617 0.033458
0.81128 0.032519
0.82759 0.029379
0.87758 0.034935
0.87384 0.033686
0.80926 0.027187
0.83268 0.030535
0.81728 0.022894
0.84991 0.029307
0.8709 0.031452
0.8714 0.029218
0.83373 0.024114
0.85607 0.027224
0.84353 0.022753
0.87456 0.02458
0.8714 0.027185
0.87179 0.026133
0.86357 0.021984
0.88196 0.023422
0.94912 0.020344
0.9486 0.022126
