348
0.077152 0.020632
0.051271 0.02321
0.14252 0.020525
0.078423 0.023732
0.033798 0.023289
0.079408 0.023741
0.16768 0.020905
0.1762 0.022695
0.20222 0.021771
0.1293 0.027002
0.12421 0.025678
0.12977 0.027197
0.21757 0.024747
0.20624 0.026781
0.22165 0.027536
0.14732 0.026945
0.13774 0.027502
0.1457 0.026956
0.22811 0.030648
0.15099 0.027598
0.23336 0.02957
0.209 0.039047
0.14961 0.027905
0.14257 0.029215
0.23024 0.033325
0.14273 0.029715
0.25135 0.026195
0.22343 0.038084
0.14019 0.029944
0.14836 0.029496
0.25938 0.029727
0.16025 0.030698
0.26686 0.027773
0.22272 0.03825
0.16007 0.030512
0.15566 0.030072
0.27294 0.025136
0.14441 0.030558
0.28391 0.026569
0.25592 0.037993
0.14141 0.031371
0.29114 0.021753
0.11942 0.029116
0.29723 0.026506
0.26796 0.038055
0.11755 0.028156
0.29883 0.030465
0.12166 0.030544
0.31111 0.023709
0.13811 0.032188
0.13517 0.032374
0.31536 0.027921
0.27395 0.039128
0.31504 0.030203
0.28621 0.038881
0.16123 0.035898
0.33051 0.029508
0.29311 0.039188
0.33424 0.032061
0.15162 0.032472
0.15746 0.033717
0.15315 0.032561
0.34024 0.032868
0.14049 0.033406
0.35599 0.026005
0.13372 0.033742
0.14045 0.033403
0.13361 0.033772
0.34811 0.031045
0.11239 0.027584
0.35003 0.033391
0.27053 0.040254
0.12256 0.032906
0.10038 0.026766
0.37001 0.0271
0.071471 0.029003
0.37433 0.026785
0.22699 0.038835
0.077125 0.028719
0.057061 0.029439
0.3769 0.02668
0.1618 0.037482
0.36745 0.039803
0.25141 0.039749
0.048478 0.028192
0.035646 0.025918
0.3352 0.040628
0.17825 0.038191
0.37492 0.036675
0.18608 0.037836
0.030429 0.026357
0.02853 0.028725
0.33117 0.039906
0.078244 0.030855
0.39066 0.027836
0.034351 0.032513
0.031039 0.031477
0.034416 0.032585
0.35482 0.039411
0.055887 0.031085
0.23832 0.039969
0.074308 0.034162
0.034609 0.03275
0.035744 0.033635
0.38732 0.035064
0.036302 0.034414
0.3834 0.036683
0.092715 0.029248
0.037224 0.034884
0.38841 0.036635
0.051061 0.032125
0.39823 0.036224
0.091558 0.029976
0.039027 0.035023
0.39841 0.037913
0.041878 0.035098
0.36194 0.039866
0.12259 0.035258
0.04513 0.035126
0.051451 0.035374
0.34369 0.03962
0.16113 0.037442
0.40417 0.026943
0.098267 0.032404
0.14011 0.037504
0.087441 0.033475
0.35145 0.03971
0.40453 0.028109
0.31735 0.039509
0.41106 0.022602
0.41047 0.026857
0.40658 0.033786
0.10581 0.033276
0.41301 0.034314
0.32309 0.039063
0.083227 0.033877
0.08153 0.033935
0.42709 0.033516
0.42338 0.036611
0.40823 0.038286
0.41259 0.036758
0.43228 0.039894
0.43198 0.040094
0.41981 0.040215
0.41282 0.037908
0.42054 0.040318
0.45049 0.039474
0.45129 0.02185
0.4594 0.024467
0.47239 0.020721
0.49679 0.021829
0.43417 0.025641
0.47742 0.023214
0.44143 0.031229
0.44219 0.033148
0.4726 0.030128
0.49101 0.022308
0.46998 0.037751
0.47343 0.038046
0.48389 0.029734
0.48772 0.023734
0.466 0.040076
0.47704 0.038956
0.48119 0.027416
0.48598 0.027447
0.47777 0.038845
0.49055 0.039849
0.49487 0.026332
0.49314 0.032406
0.4904 0.039894
0.49085 0.026854
0.52405 0.021431
0.51247 0.021298
0.57607 0.020343
0.5419 0.022761
0.56142 0.025017
0.50172 0.021708
0.52995 0.030964
0.51113 0.024307
0.50925 0.02508
0.54793 0.029941
0.55322 0.033734
0.50535 0.025352
0.51632 0.029326
0.52097 0.036483
0.54434 0.03663
0.50648 0.028615
0.51467 0.034618
0.5162 0.039238
0.5448 0.039722
0.51361 0.034643
0.50412 0.030539
0.51344 0.039465
0.49721 0.039819
0.49978 0.028578
0.52136 0.040037
0.59016 0.021173
0.59154 0.026468
0.61013 0.030497
0.68729 0.039005
0.59717 0.035224
0.64888 0.039774
0.59856 0.039768
0.56621 0.033443
0.90246 0.039955
0.5757 0.034417
0.57092 0.037965
0.96985 0.036334
0.97045 0.029488
0.56368 0.039166
0.58052 0.039206
0.91601 0.039695
0.62474 0.035572
0.54861 0.038392
0.49716 0.039835
0.63335 0.038653
0.60025 0.040162
0.61853 0.03191
0.96426 0.038916
0.6566 0.036383
0.92361 0.037349
0.96278 0.025283
0.97449 0.026251
0.96748 0.02715
0.96894 0.027976
0.86677 0.036819
0.6123 0.040486
0.62779 0.02875
0.97574 0.026745
0.64993 0.038022
0.97609 0.02679
0.97605 0.026882
0.97593 0.026609
0.62506 0.026339
0.97535 0.026217
0.78191 0.039591
0.94941 0.03807
0.97528 0.026185
0.77161 0.037869
0.96977 0.025056
0.84978 0.038483
0.96849 0.024911
0.97082 0.025178
0.96559 0.02467
0.64772 0.033225
0.9558 0.038495
0.69201 0.038703
0.9561 0.024148
0.96141 0.02438
0.95927 0.024285
0.64749 0.029074
0.93679 0.038055
0.66118 0.032392
0.89651 0.038655
0.95117 0.024135
0.66783 0.036741
0.86437 0.037899
0.71606 0.03561
0.93281 0.02523
0.93061 0.024023
0.93367 0.025286
0.67489 0.038809
0.9416 0.026292
0.67417 0.035923
0.9458 0.027284
0.94442 0.026772
0.94575 0.027259
0.67475 0.035703
0.9504 0.028783
0.68401 0.038741
0.82956 0.03884
0.94953 0.028544
0.95428 0.032189
0.68502 0.036583
0.79818 0.038271
0.68279 0.031684
0.93837 0.034805
0.94848 0.03373
0.94025 0.035253
0.6873 0.029809
0.73817 0.036795
0.68885 0.023611
0.73172 0.035988
0.92527 0.034059
0.92311 0.034062
0.69691 0.02651
0.91975 0.034445
0.70826 0.025238
0.74152 0.037456
0.91749 0.034565
0.91401 0.034718
0.72417 0.034344
0.75586 0.037147
0.72131 0.023611
0.80935 0.038667
0.90916 0.034021
0.91184 0.034083
0.74061 0.031988
0.91116 0.03387
0.75382 0.033953
0.78091 0.038217
0.91134 0.033922
0.91045 0.033507
0.74013 0.025899
0.80801 0.038389
0.75195 0.025921
0.77988 0.035997
0.90653 0.032796
0.7692 0.029772
0.79445 0.038945
0.7601 0.02513
0.79188 0.038692
0.88189 0.038052
0.87237 0.0385
0.77434 0.027425
0.80077 0.034757
0.78259 0.026887
0.81944 0.038845
0.87007 0.037677
0.87102 0.038498
0.78918 0.02922
0.87259 0.038453
0.81354 0.033852
0.81832 0.038664
0.87381 0.03833
0.88129 0.037754
0.81464 0.032204
0.84373 0.03499
0.81974 0.03244
0.83517 0.030334
0.87831 0.03578
0.87549 0.03456
0.81774 0.027069
0.8402 0.031709
0.82594 0.023022
0.85504 0.030871
0.87326 0.032275
0.87401 0.029886
0.84101 0.024592
0.86005 0.028268
0.84955 0.023215
0.87702 0.024881
0.87411 0.027705
0.87447 0.026572
0.86688 0.022209
0.88398 0.023592
0.94931 0.020326
0.94876 0.022028
