348
0.077356 0.020711
0.05332 0.023222
0.1353 0.020533
0.078585 0.024199
0.035183 0.023043
0.079536 0.024209
0.15951 0.020866
0.16977 0.022299
0.19592 0.021805
0.12248 0.027494
0.11799 0.026241
0.12292 0.027689
0.21109 0.024897
0.2004 0.027041
0.21513 0.02776
0.14008 0.027159
0.13067 0.027719
0.13835 0.027136
0.22145 0.03033
0.144 0.027914
0.22701 0.02947
0.20459 0.038946
0.14261 0.028215
0.13532 0.029367
0.22305 0.033038
0.13536 0.029893
0.24571 0.026318
0.21693 0.039099
0.13286 0.030069
0.14105 0.029842
0.25298 0.030293
0.15258 0.031283
0.26028 0.028163
0.21623 0.039328
0.15242 0.031079
0.14824 0.030467
0.26558 0.025267
0.13667 0.030833
0.27712 0.026273
0.24735 0.038702
0.13366 0.031587
0.28465 0.021827
0.11382 0.030243
0.29039 0.027627
0.25924 0.039085
0.11214 0.029183
0.29166 0.032376
0.1153 0.031818
0.30136 0.024262
0.1301 0.032645
0.12696 0.033269
0.30543 0.02848
0.26578 0.039667
0.30511 0.031002
0.28128 0.038922
0.15362 0.037095
0.32094 0.028504
0.28742 0.041292
0.3256 0.030929
0.14408 0.033075
0.1498 0.034465
0.14555 0.033104
0.33324 0.031715
0.13222 0.033705
0.34826 0.025549
0.12502 0.034707
0.13219 0.0337
0.12489 0.034731
0.34104 0.030499
0.10751 0.028727
0.34317 0.032754
0.26133 0.040714
0.11534 0.034533
0.097395 0.0281
0.36483 0.026165
0.071565 0.030018
0.36997 0.026573
0.21993 0.039014
0.07746 0.029806
0.058479 0.030049
0.37283 0.026599
0.15406 0.037907
0.3622 0.036981
0.24315 0.04046
0.050324 0.028047
0.037217 0.025517
0.3289 0.03896
0.17407 0.035018
0.37147 0.036351
0.18421 0.038461
0.031476 0.025784
0.029382 0.027929
0.32315 0.038188
0.078788 0.032208
0.38498 0.028806
0.034884 0.031634
0.031654 0.030454
0.034934 0.031706
0.34765 0.038492
0.056644 0.031698
0.23016 0.039771
0.074116 0.035885
0.035094 0.031873
0.036029 0.032771
0.38125 0.03703
0.036392 0.033539
0.37806 0.03837
0.092099 0.03121
0.037167 0.033971
0.3821 0.038582
0.051255 0.032149
0.39122 0.036311
0.091327 0.032095
0.038872 0.034191
0.3911 0.037453
0.041517 0.034446
0.35596 0.037566
0.11469 0.037179
0.04438 0.034681
0.0502 0.035196
0.33895 0.038703
0.15331 0.037732
0.39847 0.026764
0.097791 0.035277
0.13075 0.037794
0.088594 0.036209
0.34493 0.038741
0.39889 0.027889
0.3049 0.039577
0.40561 0.022453
0.40501 0.026457
0.4011 0.033341
0.10283 0.036048
0.40723 0.03356
0.31211 0.038948
0.084506 0.035661
0.082759 0.035601
0.42323 0.032162
0.41844 0.035
0.40259 0.037682
0.40667 0.035923
0.42914 0.039136
0.42879 0.039159
0.41342 0.038345
0.40682 0.037037
0.41431 0.038369
0.44593 0.039301
0.44802 0.021791
0.45632 0.024448
0.46911 0.020792
0.49245 0.021841
0.43102 0.025499
0.4739 0.023388
0.43793 0.031204
0.43851 0.033235
0.46929 0.03114
0.487 0.022324
0.46662 0.038953
0.47066 0.039987
0.4794 0.030164
0.4837 0.023882
0.46225 0.039776
0.47469 0.039869
0.47698 0.027713
0.4819 0.027792
0.47538 0.039783
0.4901 0.039723
0.49062 0.026332
0.48982 0.032335
0.48997 0.039735
0.48685 0.02691
0.52148 0.021346
0.50855 0.021204
0.57293 0.020356
0.53933 0.02278
0.55868 0.02512
0.49752 0.021699
0.52757 0.030559
0.50713 0.023997
0.5052 0.024774
0.54538 0.030133
0.55081 0.033991
0.5013 0.02516
0.51286 0.028575
0.52083 0.035779
0.54142 0.037027
0.50239 0.028245
0.51347 0.033668
0.51747 0.038316
0.54183 0.040087
0.51235 0.033731
0.50052 0.030218
0.51461 0.038133
0.49708 0.039537
0.49549 0.028648
0.52238 0.039143
0.58663 0.021203
0.58801 0.026648
0.60693 0.029617
0.69872 0.037104
0.59411 0.035366
0.65059 0.034883
0.59632 0.039963
0.56388 0.033857
0.90188 0.040582
0.57298 0.035056
0.56878 0.038583
0.97023 0.035801
0.97008 0.02915
0.56193 0.03955
0.57756 0.040096
0.91795 0.038996
0.62227 0.03449
0.54615 0.038998
0.49703 0.03955
0.63124 0.037148
0.59851 0.040066
0.61647 0.031129
0.96554 0.038975
0.66186 0.034423
0.92522 0.03766
0.96211 0.025346
0.97428 0.026016
0.96699 0.027023
0.96851 0.027763
0.87399 0.038775
0.61081 0.039453
0.62598 0.028119
0.97558 0.026492
0.6522 0.034266
0.97594 0.026534
0.9759 0.026624
0.97577 0.026361
0.62288 0.025795
0.97517 0.025984
0.78649 0.038182
0.95114 0.039625
0.9751 0.025953
0.77723 0.038843
0.96937 0.024894
0.85689 0.039395
0.96804 0.024793
0.97047 0.024984
0.96503 0.024642
0.64916 0.030075
0.95799 0.039617
0.70473 0.038307
0.95579 0.024371
0.96071 0.02447
0.95871 0.024431
0.64904 0.026897
0.93729 0.038884
0.66589 0.031457
0.89724 0.04086
0.95124 0.024482
0.67262 0.035578
0.87178 0.0396
0.72584 0.038278
0.93378 0.0254
0.93164 0.024134
0.93461 0.025467
0.6804 0.036054
0.94239 0.026614
0.67928 0.033655
0.94627 0.027722
0.94499 0.027159
0.94622 0.027695
0.68017 0.033463
0.95053 0.029506
0.69379 0.035701
0.8386 0.037766
0.94972 0.029204
0.9548 0.033017
0.6947 0.034068
0.80473 0.038992
0.69085 0.029626
0.93897 0.035519
0.94946 0.034728
0.9412 0.036061
0.69581 0.0285
0.7454 0.036966
0.69766 0.023221
0.73837 0.036923
0.92664 0.034419
0.92459 0.034222
0.70626 0.026909
0.92143 0.034303
0.71553 0.026298
0.75019 0.036855
0.9192 0.034174
0.91531 0.033954
0.73155 0.036299
0.76617 0.038574
0.7266 0.024199
0.81451 0.039175
0.90974 0.032945
0.91279 0.03314
0.74587 0.032252
0.91201 0.032876
0.76166 0.034569
0.78526 0.037108
0.91221 0.032943
0.91119 0.032419
0.74337 0.026069
0.81319 0.038993
0.75577 0.025598
0.78388 0.034949
0.90681 0.032271
0.77291 0.030317
0.80122 0.038782
0.76464 0.02521
0.7985 0.03775
0.88778 0.041634
0.88065 0.041314
0.77778 0.027457
0.80677 0.035447
0.78596 0.026409
0.82649 0.037473
0.87789 0.04045
0.87921 0.041215
0.79396 0.028411
0.88086 0.041298
0.81827 0.033872
0.8249 0.03756
0.88197 0.041313
0.8873 0.041314
0.8192 0.032022
0.85086 0.035677
0.82511 0.031552
0.84205 0.030219
0.8847 0.038804
0.882 0.037112
0.82216 0.026644
0.84715 0.031973
0.83148 0.022691
0.86102 0.031267
0.87893 0.034185
0.87871 0.031397
0.84727 0.024671
0.86587 0.028741
0.85537 0.023283
0.88113 0.025698
0.8785 0.028876
0.87883 0.027583
0.87192 0.022414
0.88677 0.02432
0.94951 0.020351
0.94901 0.022173
