348
0.075244 0.020699
0.05146 0.023363
0.12998 0.020576
0.076481 0.024126
0.034277 0.023227
0.077438 0.024129
0.15261 0.020949
0.16159 0.022485
0.18739 0.021935
0.1182 0.028337
0.1142 0.027028
0.1186 0.028543
0.2014 0.025057
0.19139 0.027716
0.20543 0.027875
0.13437 0.0277
0.12572 0.028396
0.13278 0.027689
0.21174 0.030245
0.13808 0.028478
0.21741 0.029341
0.19469 0.040322
0.13674 0.028813
0.13003 0.030125
0.2133 0.03291
0.13009 0.030693
0.2368 0.025806
0.20661 0.039239
0.12781 0.030903
0.13531 0.030575
0.24495 0.029265
0.14619 0.032156
0.25313 0.027401
0.20586 0.03954
0.14603 0.031917
0.14211 0.031163
0.25885 0.024811
0.13134 0.031693
0.27143 0.025714
0.23933 0.036982
0.12863 0.032544
0.27969 0.021642
0.11077 0.031664
0.28619 0.026649
0.25343 0.037245
0.10919 0.030504
0.28784 0.030786
0.11224 0.033405
0.29892 0.02375
0.12546 0.033766
0.12265 0.03457
0.30342 0.02749
0.26012 0.037935
0.30319 0.029715
0.27572 0.037101
0.14742 0.038585
0.3199 0.028381
0.28355 0.039179
0.32447 0.031031
0.13834 0.034
0.14374 0.035392
0.13973 0.03401
0.33203 0.031726
0.12746 0.034838
0.34723 0.02548
0.12101 0.036235
0.12743 0.034833
0.1209 0.036267
0.33995 0.030432
0.10507 0.029774
0.34213 0.032645
0.25581 0.038956
0.1126 0.036484
0.095887 0.028373
0.364 0.026047
0.069417 0.029942
0.36926 0.026484
0.20976 0.038886
0.075349 0.029649
0.05636 0.030336
0.37219 0.026562
0.14786 0.039548
0.36184 0.036635
0.23461 0.039037
0.048614 0.028467
0.03619 0.025846
0.32753 0.039135
0.16533 0.035742
0.37125 0.036188
0.17502 0.038221
0.030791 0.026146
0.028822 0.028432
0.32179 0.037984
0.076758 0.031989
0.38415 0.029093
0.033997 0.032341
0.030959 0.031108
0.034044 0.032417
0.34682 0.038249
0.054619 0.032096
0.22068 0.039438
0.072144 0.035701
0.034193 0.032594
0.035073 0.033539
0.38086 0.037348
0.035415 0.034352
0.37809 0.038559
0.090559 0.03108
0.036143 0.034804
0.38166 0.039
0.0495 0.032756
0.39013 0.03697
0.089851 0.031877
0.037747 0.035024
0.39002 0.038185
0.040248 0.035273
0.35545 0.037296
0.11239 0.039546
0.04297 0.035499
0.0485 0.035994
0.3377 0.03862
0.14716 0.039228
0.39708 0.026866
0.097281 0.035838
0.12641 0.039323
0.087384 0.035678
0.344 0.038552
0.39749 0.027997
0.30426 0.037669
0.40425 0.022437
0.40363 0.026428
0.3994 0.033449
0.10216 0.037319
0.40562 0.033433
0.31124 0.037945
0.08296 0.035244
0.081089 0.035226
0.42212 0.032225
0.41688 0.034766
0.40076 0.03776
0.40492 0.035811
0.42726 0.039652
0.42692 0.039669
0.41147 0.037916
0.405 0.036916
0.41237 0.03795
0.44321 0.039759
0.44617 0.021822
0.45447 0.024421
0.46746 0.020776
0.49211 0.021693
0.42979 0.025694
0.47235 0.023271
0.43625 0.031632
0.43658 0.033725
0.46762 0.030915
0.48618 0.022156
0.46504 0.038655
0.46877 0.039582
0.47796 0.029662
0.4826 0.023639
0.46096 0.039677
0.4725 0.039149
0.47549 0.027388
0.48054 0.027349
0.47314 0.039025
0.48849 0.038116
0.49013 0.025805
0.48904 0.031338
0.48834 0.038134
0.48602 0.026412
0.52119 0.021421
0.50883 0.021224
0.57337 0.020348
0.53814 0.022751
0.55893 0.024869
0.49763 0.021612
0.52683 0.031109
0.50746 0.024029
0.5056 0.024756
0.54447 0.029646
0.5501 0.032866
0.50175 0.025018
0.51296 0.029067
0.52049 0.036597
0.53926 0.036683
0.5029 0.028075
0.5134 0.034428
0.51715 0.039257
0.53925 0.039656
0.51231 0.034391
0.50087 0.029887
0.51435 0.039089
0.4964 0.03847
0.49542 0.0281
0.52178 0.040077
0.58793 0.021091
0.58946 0.025987
0.61026 0.028882
0.68396 0.038504
0.59635 0.033911
0.64845 0.041392
0.59895 0.038133
0.5642 0.033462
0.90174 0.039192
0.57337 0.034728
0.56907 0.038419
0.97014 0.035664
0.96999 0.02907
0.56209 0.038839
0.57799 0.039184
0.91568 0.038919
0.62637 0.035878
0.54433 0.038048
0.49634 0.038477
0.63456 0.040574
0.60148 0.038287
0.62068 0.031436
0.9654 0.038766
0.65583 0.03987
0.92312 0.037094
0.96195 0.025278
0.97423 0.025964
0.96688 0.026951
0.96841 0.02769
0.86393 0.035152
0.61549 0.03877
0.62891 0.029224
0.97554 0.026435
0.64947 0.040333
0.9759 0.026478
0.97586 0.026566
0.97574 0.026306
0.62623 0.026374
0.97513 0.025932
0.77422 0.037989
0.95063 0.03926
0.97506 0.025901
0.76288 0.036883
0.96928 0.024849
0.84281 0.035933
0.96793 0.024747
0.97038 0.024941
0.9649 0.02459
0.64721 0.03447
0.95772 0.039324
0.68903 0.038934
0.95553 0.024301
0.96054 0.02441
0.9585 0.024367
0.64697 0.029893
0.93615 0.038102
0.65883 0.035556
0.89625 0.038214
0.95089 0.024399
0.66365 0.040597
0.86112 0.036002
0.70872 0.039103
0.93286 0.025147
0.9306 0.023925
0.93374 0.025218
0.66931 0.040401
0.94187 0.026401
0.66862 0.037499
0.94583 0.027523
0.94452 0.026959
0.94578 0.027496
0.66929 0.037134
0.95017 0.029327
0.67962 0.037816
0.82078 0.037457
0.94934 0.029021
0.95449 0.0328
0.68077 0.035851
0.79137 0.03897
0.67802 0.0311
0.93812 0.034923
0.94899 0.034427
0.94046 0.035506
0.68293 0.029457
0.72747 0.03816
0.68468 0.023515
0.72166 0.037763
0.92494 0.033873
0.92277 0.033795
0.69272 0.027031
0.91935 0.034049
0.70222 0.026352
0.73126 0.038644
0.9172 0.034042
0.91359 0.034027
0.71491 0.036756
0.74733 0.037547
0.71296 0.02425
0.80177 0.039422
0.9084 0.03312
0.91127 0.033334
0.73 0.032893
0.91053 0.033105
0.74419 0.034323
0.77289 0.03666
0.91072 0.033163
0.90976 0.032673
0.72948 0.026355
0.80054 0.038868
0.74112 0.025955
0.77136 0.034384
0.90561 0.031994
0.75869 0.029247
0.78786 0.03913
0.74931 0.025054
0.78537 0.03811
0.88189 0.037231
0.87084 0.037313
0.76426 0.026721
0.79342 0.035173
0.77313 0.026253
0.81108 0.038905
0.86797 0.036453
0.86919 0.037278
0.78087 0.028677
0.8711 0.037279
0.80525 0.034423
0.8101 0.038928
0.87258 0.037216
0.88122 0.036931
0.80616 0.03259
0.83614 0.03338
0.81106 0.032407
0.8275 0.029313
0.87766 0.034933
0.87392 0.033681
0.80902 0.027124
0.83263 0.030469
0.81712 0.02287
0.84994 0.029274
0.87097 0.031445
0.87147 0.029213
0.83368 0.024088
0.85612 0.027205
0.84354 0.02274
0.87464 0.024579
0.87147 0.027181
0.87186 0.02613
0.86364 0.021981
0.88203 0.023423
0.94913 0.020344
0.94862 0.022127
