348
0.064921 0.020771
0.043708 0.024049
0.11777 0.020596
0.066028 0.024546
0.030389 0.02439
0.066884 0.024552
0.13846 0.020929
0.14847 0.022327
0.17738 0.021666
0.10556 0.028171
0.10147 0.027
0.10597 0.028361
0.19262 0.024811
0.18183 0.026736
0.19678 0.027688
0.12184 0.028217
0.11331 0.028404
0.12044 0.028114
0.2033 0.030383
0.12511 0.029267
0.20862 0.029657
0.18749 0.038575
0.12393 0.029558
0.11786 0.030477
0.2051 0.033156
0.11799 0.031073
0.22762 0.025839
0.19977 0.03894
0.11561 0.031096
0.12274 0.031363
0.23573 0.029238
0.13226 0.032861
0.24396 0.027346
0.19905 0.039178
0.13212 0.032633
0.12867 0.032325
0.24976 0.02479
0.11936 0.032225
0.26235 0.025673
0.2303 0.036959
0.11665 0.032854
0.27071 0.021606
0.098069 0.03178
0.27735 0.026377
0.24472 0.037094
0.09649 0.030682
0.27925 0.030287
0.099588 0.033455
0.29096 0.023505
0.11336 0.033766
0.11045 0.034263
0.29577 0.026966
0.25165 0.037744
0.29555 0.029037
0.26761 0.036903
0.1332 0.039355
0.31364 0.027821
0.27581 0.038617
0.31873 0.030483
0.12555 0.035339
0.1301 0.036754
0.12671 0.035448
0.32648 0.031466
0.11562 0.035078
0.34145 0.026008
0.10884 0.035777
0.11558 0.035069
0.10873 0.03581
0.33434 0.030767
0.092474 0.030118
0.33664 0.033279
0.24728 0.038797
0.10007 0.036519
0.083803 0.028931
0.35557 0.026838
0.059665 0.031028
0.36015 0.02705
0.20272 0.038996
0.065 0.030632
0.047761 0.031864
0.36303 0.026968
0.13357 0.040249
0.35325 0.039167
0.22545 0.039199
0.041194 0.030422
0.031781 0.02785
0.32254 0.038407
0.153 0.0346
0.36129 0.037367
0.16349 0.036409
0.027852 0.028447
0.026367 0.031588
0.31647 0.036923
0.066197 0.033211
0.37488 0.029193
0.029755 0.036838
0.027718 0.035266
0.029781 0.036937
0.34145 0.039848
0.045998 0.034148
0.21225 0.040173
0.0619 0.03734
0.02987 0.037163
0.030398 0.038347
0.37108 0.037495
0.030558 0.039407
0.36813 0.03883
0.078817 0.031981
0.031018 0.039922
0.3718 0.039171
0.041299 0.035623
0.38067 0.037223
0.078157 0.032863
0.032101 0.040002
0.38052 0.038454
0.0338 0.039996
0.34823 0.040079
0.099953 0.039602
0.035651 0.039924
0.039859 0.039762
0.33253 0.038864
0.13296 0.040086
0.3876 0.026959
0.085168 0.036831
0.11489 0.039498
0.07584 0.037072
0.33879 0.039736
0.388 0.028104
0.2979 0.036365
0.39468 0.022464
0.39406 0.026499
0.38982 0.033626
0.089824 0.038148
0.39611 0.033571
0.30531 0.036487
0.071744 0.036762
0.070033 0.036811
0.4126 0.031721
0.40745 0.034659
0.39113 0.037982
0.39541 0.035978
0.41932 0.037975
0.41892 0.038041
0.40218 0.038021
0.39551 0.037094
0.40309 0.038027
0.4379 0.039497
0.43814 0.021828
0.4463 0.024391
0.45976 0.020743
0.48409 0.021665
0.42081 0.025146
0.4648 0.0233
0.42844 0.030891
0.42941 0.03289
0.46001 0.030446
0.47799 0.02221
0.45836 0.037902
0.46206 0.038837
0.47056 0.029863
0.47451 0.023727
0.4541 0.039114
0.46563 0.039448
0.46803 0.02754
0.47271 0.027515
0.46624 0.039372
0.47932 0.03862
0.48204 0.025833
0.48066 0.031533
0.47916 0.038677
0.47782 0.026572
0.51561 0.021145
0.50174 0.021133
0.57375 0.020337
0.53885 0.022351
0.55901 0.024985
0.48977 0.021535
0.52314 0.028382
0.50024 0.023754
0.4982 0.024451
0.5454 0.029238
0.55113 0.03344
0.49392 0.024738
0.50628 0.02796
0.51316 0.033539
0.54169 0.034674
0.49519 0.027603
0.50562 0.032632
0.50853 0.03645
0.54233 0.037486
0.50443 0.032738
0.49283 0.029359
0.50553 0.036802
0.48717 0.037677
0.48749 0.027757
0.51416 0.036365
0.58845 0.021118
0.58991 0.026167
0.60885 0.02989
0.68851 0.038249
0.59627 0.035096
0.64902 0.038122
0.59846 0.039736
0.56414 0.033455
0.90235 0.039636
0.57364 0.034205
0.56909 0.038074
0.97015 0.035674
0.97 0.029076
0.56192 0.039187
0.57843 0.038836
0.91607 0.039205
0.62402 0.034549
0.54668 0.037326
0.48711 0.037689
0.63246 0.037889
0.60026 0.040062
0.61814 0.031131
0.96541 0.038791
0.65849 0.037593
0.9234 0.03732
0.96196 0.025288
0.97423 0.025968
0.96689 0.026959
0.96842 0.027696
0.86559 0.035509
0.61163 0.039814
0.62793 0.028248
0.97554 0.02644
0.65046 0.037077
0.97591 0.026482
0.97586 0.02657
0.97574 0.02631
0.62492 0.025855
0.97513 0.025936
0.77244 0.038949
0.95068 0.039332
0.97506 0.025905
0.76255 0.038331
0.96928 0.024853
0.84495 0.036173
0.96794 0.024751
0.97039 0.024944
0.96491 0.024596
0.64843 0.032254
0.95774 0.039374
0.69353 0.039132
0.95556 0.024313
0.96056 0.024419
0.95852 0.024377
0.6487 0.028397
0.93628 0.038266
0.66239 0.034108
0.89701 0.038715
0.95094 0.024415
0.66703 0.039274
0.86285 0.036377
0.71247 0.039906
0.93303 0.0252
0.9308 0.023969
0.9339 0.02527
0.67298 0.039681
0.94195 0.026445
0.67241 0.036907
0.9459 0.027564
0.94459 0.027
0.94585 0.027537
0.67312 0.036491
0.95022 0.029363
0.68417 0.037391
0.82297 0.037007
0.94939 0.029058
0.95452 0.03284
0.68538 0.035513
0.79053 0.037197
0.6825 0.030799
0.93823 0.035047
0.94905 0.034488
0.94055 0.035621
0.68761 0.029295
0.73014 0.039312
0.68936 0.023468
0.72477 0.038749
0.9252 0.034049
0.92305 0.033979
0.69737 0.027196
0.91967 0.034249
0.70649 0.026619
0.73364 0.039808
0.91756 0.034249
0.91401 0.034247
0.71838 0.037549
0.74846 0.039044
0.71675 0.024443
0.80256 0.037972
0.9089 0.033352
0.91172 0.033552
0.73273 0.033676
0.911 0.033321
0.74584 0.035471
0.77146 0.037732
0.91119 0.03338
0.91025 0.032885
0.73244 0.026743
0.80116 0.037406
0.74335 0.026412
0.7704 0.03559
0.90616 0.032234
0.7595 0.030038
0.78636 0.037865
0.7509 0.025497
0.78355 0.037301
0.8831 0.037741
0.87234 0.037742
0.76466 0.027308
0.79329 0.033763
0.77283 0.02665
0.81259 0.037903
0.86953 0.036843
0.87073 0.037691
0.77998 0.028646
0.87259 0.037709
0.80647 0.033461
0.81153 0.037864
0.87403 0.037656
0.88245 0.037428
0.8075 0.031778
0.83834 0.033474
0.8127 0.03175
0.8297 0.029248
0.87899 0.035348
0.87534 0.034038
0.81059 0.02671
0.83483 0.030497
0.81915 0.022767
0.85191 0.029487
0.87246 0.031729
0.87295 0.029443
0.83589 0.024105
0.85795 0.027372
0.84566 0.022784
0.87604 0.0247
0.87296 0.02736
0.87333 0.026284
0.86531 0.022027
0.88324 0.023524
0.94919 0.020346
0.94867 0.022137
