348
0.067334 0.02077
0.0461 0.023912
0.12225 0.020582
0.068373 0.024555
0.031606 0.023923
0.069178 0.02457
0.14529 0.020989
0.15306 0.022944
0.17736 0.021818
0.11048 0.028002
0.10606 0.026581
0.11089 0.028214
0.19271 0.024659
0.18133 0.026865
0.19688 0.02733
0.12661 0.027638
0.11793 0.028395
0.12514 0.027668
0.2036 0.030216
0.12996 0.028318
0.20909 0.029008
0.18408 0.039116
0.1287 0.028668
0.12229 0.030211
0.20583 0.032719
0.12244 0.030762
0.22908 0.025373
0.19872 0.037525
0.12013 0.03107
0.12756 0.030428
0.23835 0.028189
0.13844 0.031659
0.24749 0.026364
0.19799 0.037711
0.13827 0.031456
0.13423 0.030989
0.25495 0.024288
0.12396 0.031662
0.26773 0.02582
0.2346 0.03533
0.12124 0.032628
0.27568 0.021639
0.10194 0.030714
0.28216 0.02629
0.24972 0.034718
0.10035 0.02964
0.28382 0.030208
0.10387 0.032311
0.2959 0.023822
0.11826 0.033628
0.11564 0.033929
0.30002 0.028043
0.25774 0.036052
0.29968 0.030371
0.2719 0.037202
0.13934 0.037327
0.3154 0.028781
0.27931 0.038253
0.31952 0.031095
0.13054 0.033646
0.13588 0.034955
0.13194 0.033726
0.32647 0.031769
0.12041 0.034915
0.34322 0.025151
0.11436 0.035525
0.12037 0.034913
0.11426 0.035563
0.33469 0.030124
0.095997 0.029105
0.3369 0.03207
0.2534 0.036699
0.10463 0.035029
0.086217 0.028351
0.35999 0.026598
0.062691 0.030961
0.36462 0.026927
0.20244 0.038116
0.067312 0.030629
0.050834 0.031508
0.36712 0.027095
0.13987 0.039054
0.35941 0.037686
0.22939 0.037114
0.043817 0.029952
0.033161 0.027074
0.32133 0.038957
0.15492 0.039857
0.36716 0.037223
0.16212 0.039281
0.028772 0.027558
0.027175 0.030373
0.31616 0.03834
0.068227 0.033245
0.3788 0.029064
0.032071 0.034933
0.029286 0.033647
0.032126 0.035021
0.34277 0.036769
0.049874 0.033516
0.21434 0.038355
0.065009 0.037243
0.032288 0.035221
0.033243 0.036301
0.37682 0.037475
0.033713 0.037244
0.37422 0.038914
0.08006 0.031409
0.034488 0.037828
0.37782 0.039397
0.045929 0.034775
0.38526 0.037393
0.079126 0.032298
0.036004 0.038035
0.3854 0.039424
0.038397 0.038191
0.35213 0.037037
0.10467 0.037766
0.04108 0.038298
0.046247 0.03874
0.33095 0.037912
0.13925 0.039009
0.39125 0.027062
0.084518 0.035323
0.12006 0.039488
0.075761 0.036562
0.33911 0.037521
0.39161 0.028229
0.30068 0.039649
0.39851 0.022652
0.39788 0.026999
0.39353 0.033913
0.090595 0.036243
0.40033 0.034346
0.30653 0.038828
0.072304 0.037003
0.070914 0.037053
0.41441 0.033061
0.41032 0.036103
0.39517 0.03843
0.39991 0.03677
0.42025 0.03967
0.41998 0.039788
0.40659 0.039665
0.40013 0.037869
0.40726 0.039731
0.43706 0.039334
0.43749 0.021839
0.44652 0.024093
0.46096 0.020623
0.48813 0.021675
0.42174 0.025781
0.46718 0.022739
0.4285 0.032089
0.42925 0.033954
0.46123 0.028732
0.48213 0.022078
0.4599 0.035278
0.46478 0.035308
0.47438 0.028769
0.47872 0.023427
0.45541 0.038125
0.46989 0.03606
0.47131 0.026501
0.4768 0.02682
0.47066 0.036037
0.48515 0.037683
0.48608 0.025775
0.4851 0.031228
0.48503 0.037735
0.48196 0.026164
0.51787 0.021361
0.50546 0.021216
0.56906 0.02038
0.53662 0.022755
0.5544 0.025128
0.49404 0.021567
0.5238 0.030405
0.50403 0.024036
0.50207 0.024773
0.54244 0.030632
0.54742 0.034859
0.49792 0.024869
0.50949 0.028755
0.51583 0.035512
0.53916 0.036888
0.49916 0.027861
0.50917 0.033723
0.51204 0.038242
0.53977 0.040379
0.50816 0.03373
0.4968 0.029589
0.50967 0.038432
0.49264 0.037827
0.49202 0.027874
0.51721 0.03929
0.58158 0.021276
0.583 0.026962
0.60369 0.027693
0.68585 0.038579
0.58736 0.034549
0.64721 0.038988
0.58733 0.038449
0.56017 0.033752
0.90021 0.038167
0.56915 0.0358
0.56581 0.038651
0.96931 0.035294
0.96981 0.028878
0.5585 0.039502
0.57381 0.04028
0.91574 0.039039
0.62318 0.035335
0.54381 0.039694
0.49256 0.037839
0.63036 0.038791
0.58829 0.038666
0.6163 0.029907
0.96326 0.037979
0.65419 0.037061
0.9225 0.03808
0.96161 0.025081
0.97411 0.025852
0.96663 0.026782
0.96819 0.027533
0.86193 0.03665
0.60659 0.035105
0.6253 0.029255
0.97545 0.026315
0.64813 0.037368
0.97583 0.026356
0.97578 0.026443
0.97565 0.026188
0.62282 0.026253
0.97503 0.025821
0.7754 0.03882
0.94767 0.038845
0.97496 0.025791
0.7669 0.039228
0.96907 0.02475
0.8437 0.039225
0.9677 0.024644
0.9702 0.024846
0.96461 0.024454
0.64516 0.032634
0.95483 0.038337
0.6901 0.038433
0.95492 0.024068
0.96013 0.024229
0.95805 0.024164
0.64453 0.02861
0.93307 0.038795
0.65779 0.033072
0.89367 0.037935
0.94991 0.024112
0.66453 0.036715
0.85891 0.037852
0.71028 0.037504
0.93133 0.025483
0.92933 0.024268
0.9321 0.025516
0.67238 0.037906
0.94016 0.026274
0.67124 0.035066
0.94444 0.027092
0.94302 0.026645
0.94438 0.027069
0.6718 0.03486
0.94917 0.028761
0.68272 0.037739
0.82449 0.037949
0.94824 0.028479
0.95313 0.031986
0.68331 0.035819
0.79392 0.036743
0.68053 0.031153
0.93555 0.034946
0.94696 0.033446
0.9378 0.03522
0.68461 0.029524
0.72886 0.036937
0.68615 0.023569
0.7221 0.037126
0.92409 0.034926
0.92233 0.034521
0.69406 0.026539
0.91955 0.034319
0.70528 0.025528
0.73337 0.036558
0.91739 0.034015
0.91389 0.033499
0.71739 0.036123
0.75272 0.038123
0.71705 0.024094
0.80382 0.038405
0.90799 0.03214
0.9112 0.032522
0.73395 0.03135
0.91037 0.032213
0.7496 0.034439
0.77427 0.037421
0.91059 0.032291
0.90949 0.031778
0.73453 0.025625
0.80289 0.037974
0.74724 0.02597
0.77321 0.035293
0.90479 0.0313
0.76322 0.030614
0.78968 0.036723
0.75482 0.025614
0.78664 0.036258
0.87869 0.038112
0.86782 0.038492
0.76785 0.027708
0.79655 0.033721
0.77593 0.026549
0.81391 0.038224
0.86544 0.037216
0.86629 0.038393
0.78367 0.028111
0.86809 0.038354
0.80867 0.033395
0.8128 0.037876
0.8695 0.0381
0.87809 0.037618
0.81014 0.031812
0.83969 0.034728
0.8155 0.031893
0.83221 0.030068
0.87496 0.035565
0.87212 0.034307
0.8139 0.026831
0.83718 0.031599
0.82275 0.022848
0.85174 0.031095
0.86997 0.032052
0.87109 0.029745
0.83853 0.02457
0.85698 0.02835
0.84666 0.023298
0.8742 0.024841
0.87124 0.027603
0.87162 0.026489
0.86383 0.022201
0.88119 0.023606
0.94801 0.020323
0.94745 0.021994
