348
0.063921 0.020821
0.043505 0.024118
0.11514 0.020521
0.064901 0.024865
0.030344 0.024408
0.065661 0.02489
0.13953 0.021013
0.14685 0.023025
0.1721 0.021665
0.1022 0.02813
0.098391 0.02708
0.1026 0.028299
0.18825 0.02474
0.17652 0.026277
0.1921 0.027638
0.11984 0.027046
0.1104 0.027839
0.11836 0.027024
0.19865 0.030385
0.12385 0.02779
0.20396 0.028875
0.17947 0.039217
0.12234 0.028072
0.11502 0.029138
0.20065 0.032823
0.115 0.029634
0.22486 0.025192
0.19402 0.038014
0.11232 0.029926
0.12067 0.02965
0.23445 0.027732
0.13233 0.031046
0.24464 0.025714
0.19338 0.039016
0.13219 0.030834
0.12817 0.030497
0.2529 0.023969
0.1163 0.030577
0.26645 0.025235
0.23131 0.034668
0.11299 0.031172
0.27563 0.021485
0.09418 0.03214
0.28263 0.026501
0.24567 0.033101
0.092999 0.031151
0.2838 0.030533
0.09565 0.033643
0.29533 0.023919
0.10931 0.032835
0.10643 0.033544
0.29915 0.02791
0.2535 0.034396
0.29843 0.030199
0.27029 0.035705
0.13232 0.036183
0.31375 0.029254
0.27921 0.037708
0.31743 0.031495
0.12344 0.032703
0.12908 0.034227
0.12523 0.032876
0.32459 0.031747
0.11121 0.033371
0.33988 0.026385
0.10458 0.03519
0.11117 0.03338
0.10446 0.035235
0.33334 0.031147
0.089571 0.030384
0.33556 0.033459
0.24903 0.035571
0.096003 0.036447
0.081561 0.0296
0.35345 0.027832
0.060023 0.031466
0.35794 0.028083
0.19747 0.039327
0.064317 0.031259
0.048982 0.032027
0.36037 0.028131
0.13259 0.03895
0.35507 0.04123
0.2279 0.038077
0.041429 0.030578
0.03173 0.027894
0.31706 0.039724
0.14762 0.040764
0.36201 0.039679
0.15504 0.039235
0.027818 0.02848
0.026522 0.031639
0.30981 0.038927
0.065558 0.033968
0.37023 0.030141
0.032514 0.036569
0.029241 0.03529
0.032603 0.036658
0.3405 0.039953
0.048904 0.034107
0.2103 0.037319
0.063154 0.037816
0.032848 0.036856
0.034296 0.037904
0.36895 0.040371
0.035223 0.038857
0.36746 0.042515
0.076166 0.032564
0.036406 0.039521
0.36979 0.042598
0.04587 0.035272
0.37444 0.039019
0.075421 0.033462
0.038271 0.03962
0.37427 0.043145
0.041222 0.039437
0.34979 0.04137
0.095651 0.039509
0.043486 0.039323
0.047972 0.039661
0.33036 0.040199
0.13192 0.038934
0.38185 0.028438
0.08008 0.037249
0.1088 0.038925
0.072976 0.038446
0.33799 0.040169
0.38239 0.029921
0.29506 0.040503
0.40585 0.0228
0.40359 0.027717
0.38472 0.036951
0.085116 0.039881
0.40685 0.034497
0.2989 0.039692
0.069899 0.038827
0.068631 0.039163
0.42596 0.033368
0.4206 0.03559
0.38585 0.042869
0.40214 0.03847
0.43006 0.040384
0.42968 0.041033
0.41456 0.040118
0.40125 0.040405
0.41544 0.040504
0.44637 0.043694
0.4478 0.022219
0.45513 0.024962
0.46678 0.020906
0.48422 0.022394
0.43393 0.02612
0.47045 0.024312
0.44034 0.033526
0.44092 0.035544
0.46681 0.032764
0.48009 0.023013
0.46449 0.041445
0.46737 0.043101
0.47448 0.03388
0.47756 0.025113
0.46049 0.04458
0.46914 0.044577
0.47281 0.030195
0.47623 0.030545
0.46952 0.044504
0.47799 0.044967
0.48275 0.028275
0.4811 0.036061
0.47785 0.045114
0.47996 0.028947
0.50671 0.021687
0.4962 0.021599
0.5522 0.020404
0.52166 0.022986
0.53869 0.025545
0.48842 0.022309
0.51101 0.032941
0.49521 0.025369
0.49385 0.026445
0.52742 0.031236
0.53167 0.035234
0.49112 0.026868
0.49931 0.031202
0.50317 0.039049
0.52202 0.038249
0.49188 0.030942
0.49758 0.037643
0.4984 0.042967
0.52154 0.042289
0.4967 0.037775
0.49005 0.033731
0.49606 0.043641
0.4835 0.045368
0.48689 0.031554
0.50318 0.043525
0.56441 0.021352
0.56582 0.027464
0.58324 0.030066
0.65495 0.04088
0.57031 0.036189
0.62082 0.041998
0.57019 0.040636
0.54406 0.034997
0.87399 0.034963
0.55138 0.036612
0.54806 0.039514
0.96495 0.030651
0.96572 0.0262
0.54147 0.041806
0.55571 0.040981
0.89331 0.035989
0.59857 0.039069
0.52628 0.040724
0.48342 0.045366
0.60443 0.042724
0.57111 0.041922
0.59327 0.032554
0.95458 0.033134
0.62609 0.040901
0.90217 0.034899
0.95342 0.023766
0.97166 0.024131
0.96105 0.024877
0.96327 0.025349
0.81546 0.038605
0.58644 0.040299
0.5998 0.031494
0.97356 0.024457
0.62131 0.040072
0.97408 0.024486
0.97402 0.024548
0.97384 0.024367
0.59794 0.027806
0.97296 0.024108
0.72631 0.039742
0.93394 0.034865
0.97286 0.024087
0.71631 0.040393
0.96452 0.023338
0.7914 0.041953
0.96258 0.023318
0.96611 0.02338
0.958 0.023243
0.61803 0.034086
0.94426 0.033655
0.65931 0.041474
0.94553 0.023062
0.95148 0.023162
0.94898 0.023115
0.61716 0.0296
0.91321 0.034942
0.62855 0.035911
0.86623 0.03544
0.93891 0.023187
0.63362 0.039689
0.81099 0.038211
0.67318 0.043311
0.914 0.024396
0.91161 0.023432
0.91496 0.024414
0.64108 0.040009
0.92572 0.024679
0.63948 0.037199
0.93117 0.025205
0.92936 0.024866
0.9311 0.025186
0.64004 0.036859
0.93791 0.02677
0.65131 0.038888
0.77641 0.0409
0.93651 0.026506
0.94341 0.029075
0.65147 0.036887
0.74719 0.039994
0.64778 0.031749
0.91821 0.031567
0.93443 0.030214
0.92196 0.031475
0.65151 0.030284
0.68727 0.040405
0.65298 0.023951
0.68189 0.041828
0.90483 0.032351
0.90299 0.032024
0.6603 0.027825
0.89911 0.031792
0.66863 0.027328
0.69088 0.039707
0.89655 0.031565
0.89283 0.031134
0.67802 0.040786
0.70324 0.041082
0.67753 0.025334
0.75595 0.040202
0.88621 0.03025
0.88998 0.030304
0.6911 0.033533
0.88908 0.030112
0.70253 0.035934
0.72574 0.037558
0.88932 0.030159
0.88812 0.029834
0.69161 0.026708
0.7551 0.039937
0.70238 0.026687
0.7254 0.035381
0.88261 0.029457
0.71658 0.030717
0.74404 0.038658
0.70928 0.026106
0.74109 0.037662
0.84925 0.037764
0.83691 0.038437
0.7219 0.028094
0.74899 0.036272
0.73024 0.026512
0.76716 0.040299
0.82777 0.037865
0.83305 0.037882
0.73745 0.028605
0.83743 0.03809
0.7594 0.034563
0.7657 0.039666
0.83994 0.037732
0.8497 0.03592
0.76071 0.033044
0.78735 0.035792
0.7665 0.033476
0.78026 0.032072
0.8478 0.034502
0.84512 0.033697
0.76461 0.027896
0.78482 0.032649
0.77194 0.023391
0.79803 0.030464
0.84195 0.031874
0.84432 0.029699
0.78538 0.024976
0.80403 0.027842
0.79295 0.023355
0.8491 0.024717
0.84522 0.027584
0.846 0.026448
0.81691 0.022453
0.85524 0.023489
0.93617 0.020248
0.93537 0.021521
