348
0.064097 0.020892
0.044 0.024082
0.11409 0.020597
0.065002 0.02531
0.030604 0.02431
0.065702 0.025354
0.13488 0.020973
0.14357 0.022871
0.16881 0.021653
0.10164 0.027906
0.097115 0.026826
0.10206 0.028083
0.18377 0.025173
0.17327 0.026799
0.18745 0.02827
0.11805 0.028223
0.10954 0.028355
0.1168 0.028124
0.1933 0.030627
0.12109 0.029256
0.19901 0.029398
0.1778 0.039402
0.11996 0.029553
0.11418 0.030495
0.19497 0.03319
0.11435 0.031089
0.21761 0.02602
0.18913 0.039754
0.11193 0.031121
0.11885 0.03136
0.22595 0.028937
0.12783 0.032543
0.2346 0.027073
0.18846 0.040077
0.12774 0.032343
0.12444 0.0323
0.2408 0.024703
0.11585 0.032232
0.25307 0.02581
0.22094 0.03724
0.11312 0.032871
0.26107 0.021597
0.093587 0.031557
0.26801 0.026089
0.2355 0.036461
0.092057 0.03051
0.26982 0.029879
0.095082 0.033158
0.28184 0.023864
0.1098 0.033627
0.10682 0.033637
0.28576 0.028229
0.2424 0.0375
0.28549 0.030625
0.25683 0.037016
0.12743 0.038772
0.30078 0.028826
0.26502 0.03798
0.30519 0.031302
0.12125 0.035292
0.12519 0.036728
0.12231 0.035406
0.31268 0.031906
0.11224 0.035107
0.3273 0.026125
0.10526 0.035109
0.1122 0.035098
0.10515 0.035143
0.32063 0.031197
0.088108 0.03034
0.32294 0.033788
0.23838 0.038388
0.095516 0.036127
0.079536 0.029913
0.34177 0.02644
0.059876 0.03223
0.34672 0.026674
0.19192 0.039329
0.064286 0.032317
0.048223 0.032099
0.34967 0.026838
0.12752 0.040103
0.3392 0.038131
0.2165 0.039495
0.041491 0.030452
0.032025 0.027727
0.30814 0.039069
0.14318 0.039538
0.34757 0.036755
0.15006 0.039436
0.028015 0.028276
0.026437 0.031353
0.30182 0.038418
0.065406 0.035455
0.3611 0.029466
0.029938 0.036445
0.027838 0.034956
0.029967 0.03654
0.32768 0.039832
0.046665 0.034245
0.20329 0.039394
0.062724 0.039677
0.030063 0.036756
0.030629 0.037905
0.35698 0.037746
0.030815 0.038925
0.35463 0.038854
0.074972 0.033827
0.031304 0.039428
0.35737 0.039539
0.041891 0.035549
0.36563 0.037502
0.074345 0.034912
0.032441 0.039528
0.36527 0.038787
0.034232 0.039562
0.33369 0.039504
0.095329 0.03923
0.0362 0.039555
0.040583 0.039628
0.31899 0.039418
0.12705 0.04017
0.37376 0.026721
0.079308 0.038358
0.11185 0.039588
0.072197 0.040083
0.32536 0.040105
0.37416 0.027828
0.28648 0.040081
0.38153 0.02241
0.38089 0.026338
0.37556 0.033105
0.084356 0.039015
0.38285 0.033336
0.29184 0.039359
0.069385 0.040143
0.068226 0.040099
0.39844 0.033041
0.39373 0.035802
0.37651 0.037195
0.38196 0.035629
0.40314 0.039558
0.40283 0.039696
0.38918 0.038774
0.382 0.036718
0.38993 0.03891
0.42121 0.036873
0.42374 0.021555
0.43405 0.023597
0.44977 0.020612
0.48066 0.021362
0.4058 0.025578
0.45576 0.022656
0.41285 0.030851
0.41338 0.032635
0.45 0.028593
0.47291 0.021755
0.44676 0.034886
0.45087 0.035308
0.46346 0.027726
0.46848 0.022895
0.44166 0.03617
0.45516 0.035539
0.46018 0.025978
0.46619 0.025837
0.45602 0.035434
0.474 0.034852
0.47809 0.024725
0.47628 0.029278
0.47379 0.034886
0.4727 0.025214
0.51644 0.021057
0.50134 0.021005
0.57924 0.020298
0.54138 0.022201
0.56294 0.024573
0.48734 0.02129
0.52458 0.027794
0.49962 0.023309
0.49722 0.023891
0.54836 0.028664
0.55446 0.032537
0.49222 0.024071
0.50628 0.027184
0.51377 0.032471
0.54443 0.03375
0.4937 0.026566
0.50556 0.031372
0.50873 0.034978
0.5451 0.036387
0.50426 0.031414
0.49093 0.028003
0.50545 0.03512
0.48402 0.034662
0.48468 0.02645
0.51486 0.035088
0.59622 0.020953
0.5979 0.025247
0.62047 0.028972
0.69867 0.037713
0.60583 0.032701
0.66008 0.038948
0.60889 0.036529
0.56862 0.032209
0.9008 0.039289
0.57912 0.032575
0.5741 0.036174
0.96901 0.03532
0.96979 0.028877
0.56617 0.037493
0.58472 0.036478
0.91759 0.038412
0.63641 0.035406
0.54973 0.036256
0.48395 0.034667
0.64437 0.038831
0.61114 0.036745
0.63032 0.031147
0.9629 0.03851
0.66885 0.038059
0.92493 0.037761
0.9616 0.02522
0.97411 0.025848
0.96662 0.026817
0.96818 0.027521
0.86887 0.038034
0.62541 0.038551
0.63934 0.028745
0.97545 0.026311
0.66137 0.037805
0.97582 0.026352
0.97578 0.026439
0.97565 0.026184
0.63649 0.02621
0.97503 0.025817
0.78263 0.039699
0.94791 0.039743
0.97496 0.025787
0.77311 0.038607
0.96906 0.024739
0.8522 0.038959
0.9677 0.024647
0.97019 0.024844
0.9646 0.024517
0.65902 0.032828
0.95418 0.039294
0.70403 0.038588
0.95503 0.024302
0.96013 0.024372
0.95795 0.024346
0.65901 0.028786
0.93592 0.039672
0.67246 0.034446
0.89571 0.039487
0.95051 0.02444
0.67715 0.039491
0.86648 0.039073
0.72279 0.039443
0.93362 0.025672
0.93158 0.02436
0.93441 0.025733
0.68281 0.039597
0.94172 0.026837
0.68218 0.036859
0.94558 0.027924
0.9443 0.027364
0.94553 0.027896
0.6829 0.036416
0.94981 0.02948
0.69418 0.036859
0.83169 0.03764
0.949 0.029289
0.95315 0.032822
0.69541 0.035048
0.79995 0.037979
0.69239 0.030472
0.93783 0.036115
0.94752 0.034975
0.93946 0.036611
0.69764 0.029036
0.74148 0.038819
0.69944 0.023374
0.7358 0.038124
0.92647 0.034634
0.92458 0.034287
0.70769 0.027026
0.92162 0.034135
0.71698 0.026495
0.74489 0.039424
0.91924 0.033846
0.91513 0.03336
0.72906 0.036975
0.7593 0.038985
0.72746 0.024306
0.81166 0.038804
0.90932 0.032224
0.91253 0.032418
0.74402 0.033383
0.91173 0.03212
0.75695 0.035382
0.78184 0.038335
0.91194 0.032194
0.91089 0.031693
0.74374 0.026594
0.81036 0.038341
0.75475 0.026361
0.78105 0.036086
0.90622 0.031571
0.7708 0.030183
0.79591 0.038664
0.76237 0.025507
0.79329 0.038138
0.88369 0.039804
0.87449 0.040076
0.77595 0.02746
0.8029 0.034464
0.78391 0.026912
0.82115 0.038719
0.87217 0.039111
0.87314 0.040035
0.79071 0.029147
0.8747 0.04003
0.81558 0.034069
0.82012 0.038655
0.87591 0.03993
0.88316 0.039462
0.81662 0.032311
0.84652 0.035017
0.82151 0.032268
0.83794 0.029897
0.88025 0.037217
0.87726 0.035826
0.81961 0.02701
0.84317 0.031518
0.82801 0.022881
0.85765 0.031334
0.87496 0.033282
0.87548 0.03069
0.844 0.024536
0.86254 0.028732
0.85235 0.023306
0.8782 0.025295
0.87551 0.028332
0.87584 0.02711
0.86884 0.022373
0.88469 0.023927
0.9488 0.020356
0.9483 0.022214
