348
0.066512 0.02081
0.045905 0.024009
0.11663 0.020557
0.067493 0.024797
0.031695 0.023928
0.068254 0.02482
0.14073 0.020971
0.14855 0.02281
0.17256 0.022032
0.10476 0.028357
0.10076 0.027167
0.10513 0.028546
0.18628 0.025388
0.17611 0.027519
0.18973 0.028511
0.12105 0.027348
0.11228 0.028402
0.11958 0.027384
0.19552 0.031422
0.1249 0.027961
0.20046 0.02966
0.17712 0.042033
0.12342 0.028314
0.11654 0.02977
0.19733 0.034048
0.11661 0.030299
0.2196 0.026223
0.19086 0.039665
0.11422 0.030737
0.12201 0.030016
0.22708 0.030141
0.13363 0.031011
0.23441 0.027591
0.19022 0.040402
0.13348 0.030817
0.12944 0.030478
0.24079 0.025199
0.118 0.031229
0.2512 0.026771
0.22535 0.038794
0.11508 0.032065
0.25848 0.021745
0.096916 0.032077
0.2646 0.026676
0.23506 0.037507
0.09554 0.031025
0.26562 0.03069
0.098662 0.033684
0.27804 0.023905
0.11199 0.033655
0.10944 0.034165
0.28188 0.028096
0.24044 0.039156
0.28116 0.030423
0.25098 0.040588
0.13412 0.036168
0.29648 0.029163
0.25758 0.040136
0.30046 0.031681
0.12512 0.032991
0.1308 0.034149
0.12688 0.033043
0.3072 0.032313
0.11389 0.034477
0.32225 0.02576
0.10805 0.035776
0.11386 0.034484
0.10795 0.035817
0.31493 0.031022
0.09196 0.030525
0.31658 0.033121
0.23718 0.040702
0.099486 0.036572
0.083851 0.029733
0.338 0.026725
0.062563 0.031351
0.34318 0.026702
0.19419 0.040495
0.0669 0.031116
0.05117 0.03197
0.34598 0.026741
0.13461 0.038684
0.33653 0.038004
0.22297 0.041671
0.043821 0.030163
0.033261 0.027101
0.3006 0.039558
0.1495 0.039246
0.34593 0.036278
0.15832 0.039227
0.028839 0.027501
0.027349 0.030294
0.29298 0.038573
0.068272 0.033784
0.35802 0.028867
0.033715 0.034978
0.030211 0.033531
0.033806 0.035067
0.3197 0.03867
0.050874 0.034065
0.20676 0.03862
0.065886 0.037644
0.034057 0.035272
0.035541 0.03638
0.35459 0.037523
0.036455 0.037358
0.35211 0.03877
0.079208 0.032817
0.037655 0.038075
0.35516 0.039126
0.047703 0.035106
0.36039 0.036435
0.078557 0.033748
0.039632 0.038389
0.35937 0.039459
0.042483 0.038621
0.32948 0.038291
0.099634 0.039688
0.044829 0.038807
0.049339 0.039699
0.31067 0.040552
0.13399 0.038742
0.37077 0.025881
0.083678 0.037638
0.11282 0.040011
0.076591 0.038681
0.31718 0.039453
0.37123 0.026785
0.27696 0.040355
0.38082 0.021976
0.37995 0.025171
0.372 0.031057
0.088666 0.039992
0.38188 0.030635
0.28148 0.040088
0.073268 0.038718
0.071903 0.038691
0.40024 0.031757
0.395 0.03359
0.3719 0.034581
0.38031 0.032276
0.4053 0.038322
0.40499 0.038678
0.38965 0.036353
0.38018 0.033037
0.39064 0.036733
0.42178 0.038446
0.42483 0.021719
0.43444 0.023769
0.44987 0.020642
0.47616 0.021619
0.40829 0.025471
0.4552 0.022953
0.4147 0.031552
0.41519 0.03323
0.45008 0.029032
0.47013 0.022004
0.44677 0.035416
0.45065 0.036184
0.46174 0.02918
0.46624 0.023373
0.44169 0.038081
0.45335 0.03695
0.45887 0.02683
0.46424 0.026951
0.45395 0.03684
0.46793 0.036552
0.47402 0.025562
0.47207 0.030736
0.46771 0.036639
0.46994 0.025945
0.50804 0.021237
0.4935 0.021129
0.55932 0.020368
0.52668 0.022663
0.54497 0.025207
0.48225 0.021588
0.51394 0.030017
0.49207 0.023774
0.49011 0.024507
0.53288 0.030374
0.53719 0.034307
0.48614 0.024762
0.49804 0.027996
0.50355 0.033797
0.52685 0.036393
0.48731 0.027603
0.49586 0.03252
0.4973 0.036428
0.5262 0.039932
0.4946 0.032572
0.48483 0.029497
0.494 0.036782
0.47617 0.037221
0.48015 0.027899
0.50371 0.037105
0.57287 0.021255
0.57434 0.027018
0.59197 0.029914
0.67026 0.038269
0.57966 0.03576
0.63487 0.039604
0.58003 0.039957
0.55034 0.034198
0.89342 0.037393
0.55872 0.035233
0.55489 0.037991
0.96528 0.031114
0.96603 0.026451
0.54708 0.039835
0.56406 0.039148
0.9096 0.039264
0.60854 0.036331
0.53125 0.03916
0.47607 0.037213
0.61639 0.038551
0.58111 0.040555
0.6021 0.03133
0.95564 0.034251
0.64074 0.038538
0.91569 0.038455
0.95451 0.024105
0.97184 0.024222
0.96147 0.025167
0.96363 0.025618
0.83421 0.039667
0.5939 0.039099
0.61039 0.029694
0.9737 0.024556
0.63527 0.038142
0.97421 0.024586
0.97415 0.024649
0.97397 0.024464
0.60812 0.026706
0.97312 0.024199
0.74942 0.040576
0.93861 0.038608
0.97302 0.024178
0.74113 0.041737
0.96485 0.023489
0.81351 0.039574
0.96296 0.023494
0.96641 0.023511
0.95865 0.023475
0.63134 0.032846
0.94647 0.03588
0.67459 0.03802
0.94734 0.023529
0.95274 0.023474
0.95047 0.023495
0.63012 0.028739
0.92457 0.039553
0.64322 0.034032
0.88653 0.037704
0.94168 0.023859
0.64951 0.037603
0.82872 0.040645
0.69563 0.038492
0.92273 0.025631
0.92078 0.024388
0.92349 0.025666
0.65724 0.03849
0.93136 0.026131
0.65569 0.035772
0.93563 0.026706
0.93421 0.026353
0.93557 0.026687
0.65616 0.035491
0.94089 0.028255
0.66691 0.037347
0.79387 0.039724
0.9398 0.028014
0.94542 0.030629
0.66725 0.035474
0.76601 0.04084
0.66386 0.031043
0.92689 0.035098
0.9383 0.032766
0.92926 0.03504
0.66788 0.029399
0.71198 0.040316
0.66947 0.023553
0.70637 0.039875
0.91665 0.035327
0.91501 0.034737
0.67766 0.026483
0.91214 0.034238
0.68867 0.025624
0.71576 0.040185
0.91003 0.033827
0.90663 0.033133
0.70212 0.038055
0.72972 0.043068
0.70013 0.024541
0.77343 0.040723
0.90028 0.031801
0.90375 0.032103
0.71502 0.033807
0.90284 0.031817
0.72733 0.038802
0.7483 0.039142
0.90308 0.031889
0.90182 0.031402
0.71489 0.026844
0.77271 0.040558
0.72498 0.027713
0.7472 0.036886
0.89657 0.030765
0.73758 0.032186
0.76323 0.039561
0.73074 0.026994
0.76035 0.038363
0.87109 0.038364
0.85831 0.03868
0.74202 0.028715
0.7674 0.036769
0.74928 0.02726
0.78416 0.039609
0.84831 0.038376
0.85409 0.038737
0.7561 0.028983
0.85869 0.038508
0.77713 0.034519
0.78255 0.039173
0.86072 0.038299
0.87038 0.037502
0.7784 0.032873
0.80743 0.034054
0.78429 0.033069
0.79886 0.031157
0.86685 0.0357
0.86358 0.034538
0.78241 0.02764
0.80394 0.031431
0.79051 0.023188
0.81895 0.030997
0.86043 0.032427
0.86179 0.030122
0.80456 0.024475
0.82406 0.028756
0.81346 0.023158
0.86586 0.025023
0.86224 0.027916
0.8629 0.026745
0.83531 0.022613
0.87244 0.023773
0.93954 0.020306
0.93891 0.021889
