348
0.062719 0.02089
0.043303 0.024276
0.10414 0.020664
0.063532 0.025315
0.030052 0.024479
0.06421 0.025384
0.12323 0.021124
0.13073 0.02291
0.15424 0.022095
0.092632 0.028315
0.088369 0.027755
0.093079 0.028461
0.16804 0.024349
0.15758 0.027812
0.17327 0.026418
0.10729 0.029
0.10043 0.029252
0.10635 0.029018
0.18245 0.029108
0.11037 0.029998
0.18756 0.028925
0.16522 0.040344
0.10918 0.030342
0.10416 0.031649
0.18747 0.03245
0.10424 0.032293
0.20313 0.027088
0.186 0.037113
0.10226 0.032177
0.10812 0.032308
0.21082 0.030072
0.11826 0.032727
0.21807 0.029127
0.18818 0.040594
0.11809 0.032538
0.11478 0.033107
0.22285 0.027262
0.10552 0.033679
0.22999 0.029772
0.20883 0.038733
0.10347 0.033942
0.23503 0.022388
0.085631 0.034291
0.23953 0.02983
0.21902 0.040623
0.084467 0.034277
0.24018 0.035529
0.087509 0.034867
0.24887 0.026411
0.1017 0.035274
0.099973 0.035343
0.25101 0.034017
0.22443 0.046982
0.25067 0.037819
0.23217 0.048921
0.11993 0.037788
0.25904 0.0333
0.23657 0.050066
0.26197 0.035499
0.11118 0.036174
0.11698 0.036979
0.11266 0.036259
0.26765 0.035454
0.10339 0.036399
0.27788 0.029285
0.09959 0.036776
0.10337 0.036401
0.099507 0.036782
0.27369 0.037215
0.082129 0.035577
0.27477 0.040468
0.22335 0.053141
0.089489 0.036627
0.077468 0.034583
0.28791 0.029051
0.059464 0.031993
0.29221 0.02873
0.19395 0.047995
0.063327 0.031914
0.048108 0.032026
0.29487 0.029044
0.12262 0.042943
0.28577 0.044248
0.20855 0.049956
0.0405 0.030781
0.031017 0.027992
0.26225 0.049096
0.14457 0.041204
0.29494 0.041251
0.15398 0.045066
0.027305 0.028726
0.026176 0.032193
0.25739 0.051745
0.06651 0.034965
0.30269 0.032885
0.032443 0.037527
0.029121 0.03642
0.032541 0.037616
0.27587 0.052258
0.048669 0.03435
0.20125 0.049723
0.066969 0.03901
0.032806 0.037813
0.034394 0.038839
0.30123 0.045474
0.035495 0.039835
0.29877 0.055219
0.07586 0.037256
0.036841 0.04055
0.301 0.054878
0.046124 0.035988
0.30526 0.043508
0.076072 0.038406
0.038851 0.040692
0.30391 0.057759
0.042224 0.040666
0.28048 0.056291
0.093009 0.039716
0.044434 0.040647
0.048988 0.040589
0.27112 0.054395
0.12241 0.044259
0.31312 0.030801
0.080749 0.047818
0.10529 0.046632
0.079902 0.052695
0.27477 0.056724
0.31391 0.033019
0.2504 0.057922
0.32691 0.024049
0.32587 0.031859
0.31813 0.043274
0.08438 0.051203
0.32969 0.039338
0.25254 0.057703
0.078759 0.051961
0.078242 0.051769
0.34395 0.032627
0.34076 0.037139
0.32236 0.053889
0.3283 0.050714
0.34746 0.037002
0.34941 0.0376
0.34443 0.041632
0.36261 0.039553
0.37949 0.040164
0.38817 0.042012
0.37906 0.021287
0.39267 0.022775
0.41475 0.020388
0.48994 0.020308
0.35442 0.023584
0.42341 0.021556
0.36946 0.026986
0.36987 0.028134
0.41056 0.025885
0.45913 0.020501
0.3971 0.03505
0.40698 0.037675
0.41949 0.025954
0.44737 0.021024
0.39998 0.041503
0.41783 0.040774
0.4265 0.023403
0.43545 0.022766
0.4184 0.039777
0.4307 0.049494
0.47537 0.021139
0.42968 0.025401
0.43552 0.052556
0.45494 0.021553
0.60247 0.020846
0.57708 0.020381
0.67291 0.020394
0.62879 0.022146
0.65213 0.023431
0.52979 0.020323
0.61344 0.027108
0.57227 0.021175
0.56436 0.021342
0.63212 0.028473
0.63358 0.03129
0.54846 0.021235
0.59106 0.024087
0.61309 0.032806
0.62913 0.036186
0.55345 0.022138
0.59926 0.028521
0.59987 0.041209
0.58041 0.042016
0.59465 0.027354
0.54205 0.022222
0.59377 0.037883
0.54613 0.048861
0.51638 0.021471
0.56711 0.03931
0.68333 0.021316
0.68493 0.02723
0.69842 0.03519
0.7552 0.051218
0.68781 0.037522
0.7244 0.050804
0.67986 0.043548
0.65313 0.0293
0.93005 0.051156
0.65869 0.031699
0.64813 0.033934
0.97467 0.052646
0.97546 0.039353
0.6383 0.03711
0.64111 0.040605
0.94003 0.051749
0.70819 0.051088
0.62215 0.041387
0.54585 0.049115
0.66836 0.049156
0.64614 0.042265
0.705 0.038366
0.96982 0.05767
0.72879 0.049822
0.94512 0.050211
0.97153 0.030624
0.97737 0.033049
0.97403 0.034545
0.97473 0.036299
0.88559 0.043927
0.69876 0.050233
0.70912 0.038539
0.97797 0.034081
0.72458 0.046192
0.97814 0.034173
0.97812 0.034367
0.97806 0.033797
0.70883 0.031867
0.97778 0.032979
0.80578 0.051804
0.9612 0.059012
0.97775 0.032912
0.80237 0.05163
0.9751 0.030325
0.86472 0.045708
0.97449 0.03004
0.97561 0.030603
0.97304 0.02945
0.72222 0.039109
0.96507 0.056945
0.75719 0.049378
0.96828 0.028182
0.9708 0.028805
0.96977 0.028539
0.72146 0.033452
0.95187 0.051863
0.73024 0.041208
0.92715 0.049479
0.96575 0.027718
0.73482 0.042821
0.8833 0.042823
0.76569 0.049907
0.95575 0.030128
0.95464 0.027571
0.95619 0.030249
0.74577 0.044112
0.96007 0.03151
0.74095 0.039751
0.96256 0.033165
0.96163 0.03238
0.96252 0.033125
0.7415 0.039278
0.96536 0.036286
0.75128 0.04215
0.854 0.046732
0.96487 0.035708
0.96663 0.042797
0.75066 0.039685
0.82592 0.050608
0.7464 0.033634
0.95708 0.045752
0.96314 0.045813
0.95866 0.045898
0.74836 0.031851
0.78179 0.051144
0.74934 0.024573
0.77942 0.050228
0.94889 0.044142
0.94815 0.04327
0.75594 0.03013
0.94648 0.042275
0.76177 0.030472
0.78327 0.047581
0.94545 0.041756
0.94393 0.041053
0.77401 0.039262
0.78945 0.046245
0.76814 0.025738
0.83002 0.04807
0.94027 0.040012
0.94262 0.039835
0.78253 0.038814
0.94213 0.039553
0.78841 0.038845
0.80651 0.043873
0.94226 0.03962
0.94164 0.03914
0.78222 0.029425
0.82984 0.045947
0.78831 0.028172
0.80675 0.040964
0.93871 0.038631
0.80261 0.034799
0.82408 0.042144
0.79656 0.026207
0.82121 0.039542
0.9149 0.042704
0.90609 0.040444
0.80613 0.031325
0.82766 0.039914
0.81137 0.028779
0.84383 0.040434
0.8975 0.039323
0.90247 0.038646
0.8183 0.029641
0.90721 0.038961
0.83547 0.034732
0.84286 0.037456
0.90895 0.039198
0.9177 0.038441
0.83728 0.032623
0.86309 0.036019
0.84485 0.032268
0.8575 0.034174
0.91717 0.036636
0.91529 0.034904
0.84287 0.026982
0.8615 0.033269
0.85091 0.023532
0.87577 0.029899
0.91371 0.03268
0.91679 0.03138
0.86192 0.025145
0.88082 0.028438
0.86977 0.023253
0.92182 0.026736
0.91846 0.029529
0.91918 0.028336
0.89219 0.022846
0.92553 0.025543
0.96471 0.020597
0.96439 0.023695
