348
0.073685 0.020555
0.045942 0.023421
0.14756 0.020487
0.07505 0.023274
0.030839 0.024156
0.076188 0.023283
0.17729 0.020745
0.18835 0.022027
0.22379 0.021314
0.13348 0.026206
0.12782 0.024818
0.13403 0.026404
0.24264 0.023871
0.22907 0.025183
0.24774 0.02614
0.15239 0.026175
0.14278 0.027113
0.15095 0.026312
0.25702 0.028057
0.15707 0.026506
0.2632 0.027258
0.24233 0.03711
0.15525 0.026835
0.1476 0.028538
0.2625 0.030176
0.14774 0.028995
0.28481 0.025269
0.25927 0.034468
0.14504 0.02919
0.15373 0.028289
0.29463 0.027607
0.16962 0.028128
0.30456 0.026379
0.2611 0.036906
0.16934 0.027997
0.16421 0.028389
0.31175 0.024843
0.14965 0.029744
0.3225 0.026915
0.29125 0.034396
0.14645 0.03036
0.32933 0.021753
0.12279 0.027482
0.33507 0.026781
0.3045 0.034383
0.12023 0.026923
0.33593 0.030538
0.1263 0.02875
0.35098 0.023687
0.14382 0.031602
0.14177 0.031852
0.35516 0.028655
0.31144 0.038075
0.35459 0.030874
0.32241 0.041128
0.17345 0.031529
0.36576 0.031624
0.32801 0.041774
0.3687 0.033847
0.15869 0.030435
0.16854 0.030797
0.16114 0.03043
0.37497 0.032444
0.14583 0.03224
0.39023 0.026399
0.14111 0.033012
0.1458 0.032245
0.14101 0.033029
0.38381 0.031484
0.11401 0.026566
0.38555 0.033494
0.30833 0.041816
0.12941 0.030904
0.10066 0.025982
0.40312 0.027765
0.068199 0.027816
0.40792 0.027439
0.26917 0.039444
0.074602 0.027369
0.052291 0.029063
0.41096 0.027614
0.17933 0.035197
0.40091 0.040404
0.28912 0.042493
0.042119 0.02893
0.03188 0.02734
0.36687 0.045798
0.20519 0.034198
0.41029 0.037876
0.22124 0.03535
0.027877 0.028093
0.026564 0.031308
0.36244 0.045827
0.079243 0.028831
0.42057 0.030648
0.032655 0.035962
0.029362 0.035228
0.032745 0.036028
0.38787 0.04151
0.052872 0.030684
0.28058 0.040876
0.079178 0.03123
0.032993 0.036166
0.034484 0.036838
0.41751 0.04083
0.035466 0.037551
0.41469 0.046323
0.094788 0.027607
0.036712 0.037958
0.41698 0.046313
0.049093 0.032431
0.4218 0.039671
0.094664 0.02811
0.038688 0.037722
0.41946 0.048705
0.04262 0.037033
0.39631 0.044274
0.13363 0.034843
0.04595 0.036517
0.052808 0.035305
0.37719 0.044476
0.1793 0.035958
0.43306 0.028753
0.10574 0.030546
0.14762 0.038722
0.10011 0.032217
0.38586 0.04302
0.43358 0.030542
0.35272 0.041936
0.45037 0.023611
0.44841 0.030329
0.43476 0.039132
0.11788 0.033514
0.44922 0.038489
0.35679 0.044031
0.095668 0.032592
0.093616 0.032848
0.46366 0.03754
0.46011 0.041332
0.43412 0.04922
0.44071 0.04788
0.46518 0.045173
0.4643 0.047431
0.45584 0.049157
0.43857 0.056302
0.45655 0.053842
0.48056 0.0558
0.482 0.023181
0.48798 0.026189
0.49717 0.02119
0.50956 0.022762
0.47256 0.027042
0.49988 0.02592
0.47771 0.038386
0.47792 0.0409
0.49703 0.036653
0.50646 0.023968
0.49498 0.046986
0.49725 0.050222
0.50265 0.039415
0.50484 0.027032
0.4914 0.054187
0.49825 0.05455
0.50172 0.034155
0.50406 0.03472
0.4985 0.054287
0.50369 0.056526
0.50828 0.030128
0.50654 0.041059
0.50359 0.057083
0.5064 0.031812
0.53025 0.02227
0.52297 0.021829
0.56132 0.020656
0.54164 0.024499
0.55248 0.028205
0.51418 0.022204
0.53374 0.037308
0.52204 0.025939
0.52057 0.026821
0.54509 0.037642
0.54708 0.042834
0.51736 0.026477
0.52527 0.033941
0.52728 0.044346
0.54146 0.047502
0.51826 0.030679
0.52387 0.040764
0.52428 0.048525
0.54085 0.058718
0.52293 0.040296
0.51591 0.032827
0.5213 0.04737
0.50656 0.05564
0.51242 0.031663
0.527 0.054238
0.56929 0.021716
0.57051 0.029378
0.58258 0.036046
0.64656 0.043067
0.57695 0.042909
0.6089 0.045927
0.57911 0.052607
0.55665 0.04214
0.8723 0.03708
0.56106 0.047195
0.55927 0.051224
0.96703 0.034451
0.9696 0.028706
0.55434 0.052217
0.5636 0.057555
0.88883 0.03648
0.59616 0.046586
0.54346 0.054165
0.50652 0.055705
0.59597 0.063514
0.57912 0.060112
0.5896 0.035901
0.95517 0.036687
0.61477 0.042478
0.89911 0.034447
0.96117 0.024853
0.97413 0.025872
0.96664 0.026574
0.96811 0.027341
0.81432 0.036938
0.58571 0.049556
0.59511 0.035882
0.97547 0.026336
0.60936 0.042415
0.97584 0.026378
0.97579 0.026465
0.97567 0.026208
0.59352 0.030109
0.97505 0.02584
0.711 0.042417
0.93289 0.035162
0.97498 0.02581
0.70483 0.042986
0.96911 0.024643
0.78407 0.037242
0.96775 0.024526
0.97023 0.024771
0.96454 0.024293
0.60741 0.036838
0.944 0.035473
0.65005 0.042479
0.95412 0.023718
0.95956 0.024024
0.95726 0.023897
0.60697 0.031951
0.9114 0.034573
0.61761 0.035844
0.86615 0.035983
0.9488 0.023479
0.62455 0.037611
0.80956 0.036699
0.66559 0.04608
0.92338 0.024077
0.92075 0.023144
0.92445 0.02409
0.63693 0.041244
0.93569 0.024596
0.63204 0.036734
0.94175 0.025435
0.93969 0.025027
0.94167 0.025414
0.63261 0.036435
0.94759 0.027302
0.64291 0.039395
0.76402 0.039433
0.94661 0.026945
0.9494 0.030317
0.64246 0.037288
0.73352 0.040985
0.63805 0.03219
0.9239 0.030328
0.94102 0.030642
0.92815 0.030251
0.64042 0.0305
0.68089 0.045992
0.64157 0.024023
0.67797 0.04616
0.90689 0.031391
0.90558 0.031025
0.64894 0.028114
0.90248 0.030624
0.6569 0.028068
0.68232 0.043499
0.90056 0.030448
0.89758 0.030289
0.67126 0.039472
0.68969 0.042548
0.66489 0.025272
0.74183 0.039627
0.89012 0.030558
0.895 0.029923
0.68007 0.036371
0.89401 0.029892
0.68737 0.036452
0.71078 0.037992
0.89428 0.029895
0.89304 0.029787
0.67914 0.028247
0.74096 0.03867
0.68643 0.027153
0.71052 0.035816
0.88704 0.030138
0.70328 0.031381
0.7308 0.036997
0.69571 0.025299
0.72762 0.035872
0.84529 0.037247
0.83575 0.036743
0.70789 0.028641
0.73565 0.03444
0.71508 0.026747
0.75549 0.039084
0.82791 0.035924
0.83281 0.035576
0.72352 0.027964
0.83703 0.035732
0.74768 0.031901
0.75467 0.036316
0.83883 0.035915
0.84999 0.033331
0.74919 0.030656
0.78099 0.030981
0.75648 0.031345
0.77195 0.029941
0.84972 0.032117
0.84766 0.031294
0.75451 0.026526
0.77853 0.029056
0.7629 0.022873
0.79782 0.027308
0.84615 0.029905
0.85042 0.028228
0.77917 0.023513
0.80475 0.026074
0.79009 0.022412
0.85774 0.024256
0.8527 0.026602
0.85371 0.025668
0.82068 0.022162
0.86404 0.023201
0.9466 0.020264
0.9459 0.021615
