348
0.077314 0.02063
0.051358 0.0232
0.14282 0.020525
0.078588 0.023722
0.033835 0.02328
0.079576 0.023731
0.16798 0.020906
0.1765 0.022699
0.20242 0.021786
0.12958 0.026992
0.12448 0.025669
0.13005 0.027187
0.21758 0.024827
0.20638 0.026852
0.22159 0.02768
0.14762 0.026941
0.13804 0.027494
0.146 0.026951
0.22789 0.030892
0.15129 0.027594
0.23303 0.029852
0.20911 0.039272
0.14991 0.027901
0.14286 0.029207
0.2299 0.033648
0.14303 0.029707
0.25025 0.026525
0.22326 0.038448
0.14049 0.029935
0.14866 0.02949
0.25783 0.02978
0.16055 0.030698
0.26562 0.027467
0.22258 0.03861
0.16038 0.030512
0.15597 0.03007
0.2721 0.024887
0.14471 0.03055
0.28339 0.026617
0.25375 0.038502
0.14171 0.031361
0.29034 0.021823
0.11968 0.029099
0.29618 0.026708
0.26649 0.037242
0.11781 0.028141
0.29773 0.030767
0.12193 0.030526
0.30981 0.023748
0.1384 0.032175
0.13546 0.032359
0.31401 0.027881
0.2735 0.038316
0.31368 0.030163
0.28627 0.039273
0.16153 0.035899
0.32972 0.028947
0.29259 0.039889
0.33381 0.031583
0.15192 0.032466
0.15777 0.033715
0.15345 0.032557
0.34039 0.032777
0.14079 0.033394
0.35512 0.026175
0.13401 0.033725
0.14075 0.03339
0.13389 0.033755
0.34769 0.031418
0.11264 0.027568
0.34972 0.033988
0.26947 0.039048
0.12283 0.032884
0.10061 0.026749
0.36909 0.027005
0.071617 0.028977
0.37347 0.026742
0.22667 0.039254
0.077287 0.028695
0.057165 0.029412
0.37608 0.026676
0.16211 0.037484
0.36661 0.039685
0.24946 0.040768
0.048557 0.028169
0.035689 0.025902
0.3355 0.039898
0.17855 0.038224
0.37395 0.036591
0.18635 0.037889
0.030457 0.02634
0.028553 0.028702
0.33069 0.038805
0.078409 0.030825
0.38959 0.028056
0.03439 0.032478
0.031069 0.031446
0.034455 0.03255
0.35459 0.040011
0.055988 0.031053
0.23748 0.040674
0.074461 0.034122
0.034648 0.032715
0.035786 0.033597
0.38599 0.035394
0.036346 0.034374
0.3822 0.036905
0.092919 0.029224
0.037271 0.034843
0.38691 0.037037
0.051148 0.03209
0.39624 0.036034
0.091759 0.02995
0.039078 0.034981
0.3962 0.037697
0.041938 0.035056
0.36123 0.040067
0.12286 0.035232
0.0452 0.035083
0.051538 0.035329
0.34437 0.03987
0.16144 0.037443
0.40313 0.026617
0.098485 0.032373
0.1404 0.037487
0.087631 0.03344
0.35152 0.040484
0.40351 0.027712
0.3153 0.039292
0.41062 0.022396
0.40998 0.026307
0.40542 0.032965
0.10604 0.033245
0.41253 0.033229
0.32124 0.038446
0.083406 0.033839
0.081704 0.033897
0.42795 0.032841
0.42404 0.035669
0.40686 0.037047
0.41192 0.035473
0.43427 0.039394
0.43395 0.039549
0.42006 0.038933
0.41212 0.036542
0.42088 0.039053
0.45085 0.041003
0.4516 0.021996
0.45906 0.024632
0.47221 0.020717
0.49524 0.021962
0.43518 0.02555
0.47734 0.02329
0.44271 0.031593
0.44362 0.033648
0.47243 0.030084
0.48998 0.022533
0.46968 0.037437
0.47361 0.03807
0.48351 0.030326
0.48699 0.024044
0.46498 0.040134
0.47785 0.039407
0.48105 0.027753
0.48541 0.02799
0.47869 0.039379
0.49022 0.041713
0.49349 0.026845
0.49206 0.033497
0.4901 0.04177
0.48984 0.027524
0.52219 0.02134
0.51038 0.021305
0.57476 0.02035
0.54177 0.022714
0.56045 0.025186
0.49978 0.021797
0.52876 0.029887
0.50906 0.024362
0.50721 0.025186
0.54754 0.030216
0.55288 0.034313
0.50336 0.025551
0.51418 0.029158
0.51811 0.035772
0.54482 0.036686
0.50448 0.028895
0.5122 0.034515
0.51329 0.038951
0.54556 0.039879
0.51118 0.034631
0.50214 0.030985
0.51068 0.039489
0.49586 0.041154
0.49796 0.029098
0.51814 0.039148
0.58863 0.021189
0.58999 0.02653
0.6091 0.029849
0.68644 0.038963
0.59522 0.035048
0.64819 0.039927
0.59627 0.039447
0.56521 0.033826
0.90232 0.040207
0.57438 0.034719
0.56981 0.03839
0.96988 0.036375
0.97047 0.029512
0.56295 0.039761
0.57893 0.039558
0.9158 0.039734
0.62487 0.03559
0.54896 0.039053
0.49581 0.041174
0.63326 0.039059
0.59787 0.039705
0.61826 0.031586
0.9643 0.038908
0.6557 0.036424
0.9234 0.037306
0.96282 0.025277
0.9745 0.026267
0.96751 0.027158
0.96897 0.027992
0.86733 0.036987
0.61191 0.039355
0.62725 0.028868
0.97575 0.026762
0.64918 0.038144
0.9761 0.026807
0.97606 0.0269
0.97594 0.026626
0.62458 0.026347
0.97536 0.026233
0.78138 0.039742
0.94938 0.037929
0.9753 0.026201
0.7711 0.037895
0.96979 0.025069
0.85026 0.038137
0.96852 0.024919
0.97085 0.025191
0.96563 0.024671
0.6469 0.033342
0.95582 0.038405
0.69118 0.038676
0.95612 0.024129
0.96146 0.024372
0.95932 0.024272
0.6466 0.029156
0.93666 0.037933
0.66021 0.032388
0.89647 0.038998
0.95115 0.024105
0.6669 0.036664
0.86496 0.038006
0.71527 0.035556
0.93266 0.025196
0.93044 0.023997
0.93352 0.025251
0.67401 0.038712
0.94151 0.026247
0.67328 0.035838
0.94574 0.027229
0.94434 0.026721
0.94569 0.027205
0.67386 0.035622
0.95038 0.028715
0.68316 0.038685
0.82925 0.037855
0.9495 0.028477
0.95428 0.03212
0.68418 0.036538
0.79745 0.038434
0.68194 0.031646
0.93825 0.034703
0.94844 0.033623
0.94014 0.035145
0.68645 0.029788
0.73751 0.036674
0.68801 0.023605
0.73102 0.035871
0.92507 0.034011
0.9229 0.034031
0.69608 0.0265
0.91952 0.034442
0.70745 0.025229
0.7409 0.037331
0.91727 0.034581
0.91381 0.034764
0.72341 0.034263
0.75534 0.037065
0.72053 0.023593
0.80855 0.038732
0.90898 0.03411
0.91165 0.034145
0.73998 0.031902
0.91097 0.033937
0.75328 0.033875
0.78039 0.038347
0.91115 0.033988
0.91027 0.033577
0.73949 0.025857
0.80722 0.038465
0.75139 0.025884
0.77936 0.036101
0.90637 0.032909
0.7687 0.029774
0.79376 0.039149
0.7596 0.025114
0.79122 0.038917
0.8822 0.038429
0.87284 0.038802
0.77383 0.027448
0.8 0.034871
0.78205 0.026942
0.81862 0.038409
0.87058 0.037947
0.87151 0.038789
0.78856 0.029332
0.87306 0.038756
0.81273 0.033767
0.8175 0.038291
0.87426 0.038642
0.88162 0.038119
0.81383 0.032089
0.84409 0.034546
0.81892 0.032141
0.83519 0.02987
0.87869 0.036082
0.87592 0.03482
0.81692 0.026939
0.84049 0.031289
0.82543 0.022895
0.85561 0.030764
0.87372 0.032481
0.87446 0.030055
0.84131 0.024434
0.86071 0.028257
0.85002 0.023153
0.87742 0.024971
0.87456 0.027837
0.87491 0.026686
0.86743 0.022231
0.88424 0.02367
0.94928 0.020324
0.94872 0.022013
