348
0.064874 0.020874
0.045881 0.02428
0.11733 0.020601
0.065832 0.025164
0.03198 0.023878
0.066573 0.025177
0.13744 0.020997
0.14616 0.022884
0.16944 0.021856
0.10474 0.027725
0.10024 0.026571
0.10516 0.027909
0.18375 0.024882
0.17337 0.027312
0.18791 0.02743
0.1214 0.028354
0.11273 0.028281
0.12008 0.028225
0.19457 0.029315
0.12427 0.029473
0.20104 0.028145
0.17688 0.03952
0.12318 0.029749
0.11744 0.030556
0.19644 0.031526
0.11758 0.031158
0.22252 0.025963
0.18955 0.037539
0.11513 0.031121
0.12216 0.031565
0.23001 0.029851
0.13101 0.033173
0.23768 0.027498
0.18876 0.037885
0.1309 0.032961
0.1276 0.032691
0.24366 0.024733
0.11901 0.032353
0.25668 0.025725
0.2257 0.038109
0.11624 0.032909
0.26466 0.021689
0.096476 0.030988
0.27081 0.026731
0.2381 0.037338
0.094808 0.029941
0.27252 0.030823
0.098116 0.032575
0.28396 0.02362
0.11288 0.033527
0.10991 0.033564
0.28855 0.027256
0.24523 0.037352
0.28835 0.029402
0.26134 0.037472
0.1311 0.03976
0.30551 0.028269
0.26851 0.039754
0.3103 0.030907
0.12431 0.035643
0.12851 0.037274
0.12542 0.035801
0.31797 0.031615
0.11524 0.035114
0.33281 0.025949
0.10832 0.034953
0.1152 0.035104
0.10821 0.034981
0.32583 0.030834
0.090534 0.029567
0.32857 0.033325
0.24068 0.038801
0.098628 0.035436
0.081339 0.029229
0.34751 0.026516
0.060106 0.032414
0.35235 0.026774
0.19282 0.037018
0.064868 0.032058
0.049623 0.033199
0.35524 0.02675
0.13131 0.040793
0.34619 0.038247
0.22195 0.039376
0.043649 0.030677
0.033585 0.027071
0.31449 0.038881
0.14877 0.039246
0.35404 0.036721
0.15565 0.040675
0.029055 0.027325
0.027347 0.030049
0.30837 0.03774
0.065749 0.035008
0.3673 0.029107
0.031681 0.034764
0.029137 0.033238
0.031721 0.034856
0.33461 0.039409
0.048244 0.035415
0.20654 0.036622
0.062149 0.039593
0.031848 0.035074
0.032594 0.03624
0.36391 0.037248
0.032887 0.037223
0.36104 0.038478
0.076387 0.032987
0.033506 0.037801
0.36474 0.038924
0.044288 0.036061
0.3735 0.037135
0.075683 0.034029
0.034866 0.038155
0.37341 0.038358
0.036995 0.038607
0.34125 0.039287
0.098467 0.038372
0.039321 0.039072
0.043476 0.04013
0.32513 0.038912
0.13077 0.040731
0.38003 0.026955
0.081142 0.037225
0.11462 0.039442
0.073136 0.039028
0.33206 0.039487
0.38043 0.028102
0.29026 0.037144
0.38714 0.022495
0.38652 0.026561
0.38267 0.033629
0.08654 0.037713
0.38913 0.033855
0.29761 0.037391
0.069906 0.039167
0.06856 0.039231
0.40422 0.032759
0.39996 0.035714
0.38445 0.037967
0.38871 0.036268
0.40983 0.038751
0.4095 0.038881
0.39604 0.038923
0.38896 0.037417
0.39676 0.039001
0.42854 0.038454
0.42971 0.021731
0.43835 0.024279
0.45173 0.020711
0.47976 0.021435
0.41162 0.025305
0.4569 0.023016
0.41924 0.030604
0.42006 0.032463
0.45192 0.029968
0.47253 0.021877
0.4493 0.03736
0.45282 0.03769
0.46373 0.028531
0.46841 0.023138
0.44501 0.03901
0.45647 0.037679
0.46072 0.026682
0.46627 0.02638
0.4572 0.037506
0.47355 0.035851
0.47735 0.025004
0.47567 0.029858
0.47336 0.035893
0.47234 0.025579
0.51478 0.021061
0.49977 0.021024
0.57649 0.020322
0.53975 0.022209
0.56102 0.024739
0.48621 0.021341
0.5229 0.02779
0.4981 0.023379
0.49578 0.023985
0.54667 0.028731
0.55271 0.032755
0.49093 0.024195
0.50468 0.027274
0.51212 0.03253
0.54277 0.033824
0.49237 0.026754
0.50396 0.031525
0.50711 0.035119
0.54344 0.036481
0.50268 0.031587
0.48969 0.028263
0.50386 0.035326
0.48299 0.035347
0.48362 0.026742
0.51321 0.035152
0.5918 0.021078
0.59332 0.025955
0.61278 0.029691
0.69255 0.038183
0.5999 0.034648
0.65313 0.038217
0.60217 0.039183
0.56641 0.032804
0.90295 0.039464
0.57637 0.033574
0.5716 0.037223
0.96973 0.035036
0.96957 0.028708
0.56408 0.038251
0.5814 0.038053
0.91658 0.039752
0.62816 0.034467
0.54802 0.036395
0.48292 0.035354
0.63662 0.037885
0.604 0.039526
0.62226 0.031005
0.96479 0.038165
0.66254 0.037663
0.92362 0.038263
0.9612 0.02514
0.97398 0.025724
0.96633 0.026711
0.96793 0.027404
0.8657 0.036028
0.61563 0.039466
0.63208 0.02823
0.97535 0.026177
0.65456 0.037165
0.97573 0.026217
0.97569 0.026302
0.97556 0.026052
0.62907 0.025827
0.97492 0.025693
0.77783 0.038727
0.94975 0.039143
0.97485 0.025664
0.76777 0.037998
0.96883 0.024662
0.84665 0.038006
0.96743 0.024574
0.96998 0.024742
0.96427 0.024447
0.65254 0.032319
0.95688 0.038964
0.69759 0.039018
0.95468 0.024237
0.95973 0.024306
0.95767 0.024279
0.6528 0.028441
0.93557 0.039217
0.66644 0.034156
0.89753 0.038353
0.95001 0.02437
0.67107 0.039327
0.86299 0.037145
0.71674 0.039619
0.93256 0.025544
0.93049 0.024271
0.93336 0.025599
0.677 0.039704
0.94094 0.026622
0.67643 0.036929
0.94492 0.027642
0.94361 0.027112
0.94487 0.027616
0.67714 0.036509
0.94928 0.029287
0.6882 0.037352
0.82682 0.03858
0.94845 0.029016
0.95363 0.032634
0.68941 0.035473
0.79596 0.037417
0.68652 0.03078
0.93737 0.035705
0.9481 0.034442
0.93953 0.036149
0.69165 0.029264
0.7347 0.038949
0.6934 0.023454
0.72923 0.038419
0.9253 0.034904
0.92331 0.034723
0.70144 0.027139
0.92017 0.034838
0.71068 0.026538
0.73828 0.039428
0.91807 0.034731
0.91454 0.034549
0.72273 0.037269
0.7534 0.03865
0.72107 0.024374
0.80768 0.038706
0.90946 0.033409
0.91226 0.033729
0.73734 0.033415
0.91155 0.033462
0.75072 0.035153
0.77683 0.037507
0.91173 0.03353
0.9108 0.032987
0.73705 0.026615
0.80635 0.038061
0.74818 0.026283
0.77576 0.035375
0.90673 0.032219
0.76467 0.02985
0.7918 0.037925
0.75588 0.025385
0.789 0.037296
0.88314 0.03742
0.87236 0.037872
0.76992 0.027178
0.7987 0.034027
0.77823 0.026575
0.81722 0.039086
0.86959 0.037088
0.87077 0.037889
0.78544 0.028611
0.87261 0.037828
0.81139 0.034138
0.81621 0.038996
0.87403 0.037715
0.88247 0.037139
0.81237 0.032402
0.84073 0.034961
0.81732 0.03253
0.83291 0.030233
0.87893 0.03522
0.87532 0.034041
0.81531 0.027119
0.83756 0.031639
0.82336 0.022996
0.8529 0.030439
0.87248 0.031812
0.87297 0.029499
0.83851 0.024553
0.85831 0.027895
0.84729 0.023101
0.87602 0.024693
0.87297 0.027404
0.87334 0.026316
0.86542 0.022098
0.88328 0.023459
0.94825 0.020344
0.94773 0.022133
