348
0.027611 0.024215
0.027171 0.042821
0.038031 0.02262
0.033506 0.042828
0.023181 0.042821
0.033739 0.042829
0.042358 0.024866
0.047514 0.031939
0.051323 0.024131
0.052947 0.042892
0.047099 0.042857
0.054175 0.042903
0.063059 0.023965
0.060721 0.031425
0.070172 0.025021
0.072482 0.043085
0.066827 0.043021
0.071684 0.043075
0.084668 0.02677
0.08399 0.043237
0.091398 0.02665
0.095168 0.035341
0.086064 0.043264
0.094574 0.04343
0.10096 0.028974
0.10645 0.04371
0.1106 0.025203
0.11451 0.032182
0.10067 0.043572
0.11167 0.043873
0.12467 0.02739
0.12459 0.044371
0.13178 0.026437
0.13438 0.036069
0.12103 0.044232
0.13049 0.044619
0.13746 0.024925
0.13859 0.045011
0.14933 0.026248
0.14889 0.034353
0.14224 0.045194
0.1568 0.021467
0.1602 0.047076
0.16442 0.025953
0.16269 0.034682
0.16511 0.047814
0.17533 0.029394
0.17601 0.050193
0.17981 0.024104
0.18178 0.05169
0.18121 0.051526
0.19014 0.029877
0.186 0.040845
0.19573 0.033116
0.19351 0.042098
0.18972 0.054614
0.19996 0.030949
0.20042 0.044247
0.20612 0.033759
0.20011 0.064338
0.19727 0.061156
0.19949 0.063624
0.21151 0.034591
0.20302 0.068443
0.21534 0.028727
0.20465 0.070646
0.20302 0.068454
0.20468 0.070691
0.21809 0.036646
0.20624 0.076115
0.2223 0.041146
0.22068 0.056938
0.20598 0.073823
0.20637 0.078066
0.22592 0.028476
0.20422 0.08418
0.23048 0.02813
0.22391 0.063041
0.20481 0.08318
0.2019 0.087724
0.23335 0.02837
0.22173 0.07585
0.23321 0.045034
0.2294 0.067082
0.20016 0.089624
0.19506 0.095038
0.23345 0.057988
0.22542 0.077779
0.23863 0.04025
0.22665 0.07866
0.19142 0.099553
0.18948 0.10247
0.23693 0.06475
0.21051 0.091634
0.24292 0.03179
0.18614 0.11001
0.18737 0.10656
0.18605 0.11038
0.24101 0.063883
0.20338 0.099755
0.23506 0.079369
0.21027 0.098044
0.18587 0.1114
0.18437 0.11713
0.24575 0.04426
0.18198 0.12258
0.24686 0.05674
0.21644 0.098946
0.18041 0.13062
0.24765 0.055396
0.20023 0.11214
0.24914 0.042093
0.21706 0.10178
0.1825 0.13543
0.25036 0.060536
0.18498 0.13764
0.24736 0.074655
0.22184 0.10237
0.18649 0.13811
0.18941 0.13617
0.24659 0.077804
0.22982 0.097264
0.25378 0.030604
0.21462 0.10967
0.22504 0.10315
0.2043 0.12295
0.25131 0.088478
0.25537 0.032916
0.24548 0.084491
0.26624 0.024555
0.26591 0.033286
0.26237 0.045811
0.21418 0.11401
0.26995 0.04285
0.2471 0.0878
0.20368 0.12299
0.20319 0.12365
0.281 0.033155
0.27778 0.038439
0.26666 0.063892
0.26956 0.061646
0.28389 0.037047
0.28572 0.037273
0.2804 0.044502
0.29842 0.037642
0.31179 0.035265
0.31866 0.033966
0.32347 0.020781
0.35106 0.021159
0.41472 0.020263
0.47945 0.021668
0.29209 0.023318
0.4341 0.021692
0.30983 0.025276
0.31037 0.026102
0.40738 0.022965
0.47398 0.024318
0.35705 0.026
0.37806 0.025838
0.42081 0.024752
0.4717 0.026077
0.34898 0.028205
0.40355 0.028326
0.44135 0.026721
0.46302 0.028679
0.40734 0.02911
0.34794 0.032193
0.47693 0.029198
0.44332 0.031665
0.40016 0.031117
0.4735 0.032022
0.57838 0.020434
0.55437 0.021157
0.72101 0.020408
0.65965 0.020887
0.69991 0.022996
0.52353 0.022905
0.61946 0.022567
0.55277 0.023967
0.54895 0.024947
0.66739 0.023786
0.67072 0.025193
0.53788 0.026064
0.56045 0.02736
0.62629 0.024388
0.6677 0.026992
0.543 0.028239
0.56707 0.029277
0.64836 0.027708
0.63883 0.028443
0.56258 0.031118
0.53336 0.031517
0.60329 0.028327
0.64287 0.031337
0.52202 0.031781
0.61175 0.030299
0.73082 0.02149
0.73233 0.028335
0.74221 0.040332
0.75182 0.07914
0.73489 0.040898
0.74632 0.06914
0.7269 0.0448
0.70098 0.028278
0.77398 0.1048
0.70699 0.031167
0.6967 0.031172
0.79897 0.12197
0.80214 0.1252
0.68467 0.029956
0.69152 0.034049
0.77481 0.10695
0.7401 0.078396
0.67938 0.033482
0.65781 0.032841
0.71876 0.053373
0.69923 0.040215
0.74546 0.047624
0.79557 0.11594
0.74978 0.063881
0.77765 0.10196
0.80894 0.12631
0.82348 0.14052
0.80451 0.12672
0.80356 0.12632
0.76606 0.1004
0.73759 0.075704
0.7475 0.047543
0.82654 0.14307
0.75032 0.057665
0.82879 0.14328
0.82758 0.14353
0.82943 0.14272
0.74921 0.035679
0.8304 0.14073
0.76266 0.080359
0.78879 0.10519
0.83044 0.14056
0.76306 0.078047
0.82832 0.13085
0.76805 0.083697
0.82774 0.12919
0.82877 0.1323
0.82596 0.12534
0.75463 0.046104
0.79142 0.10282
0.75949 0.061563
0.82163 0.11527
0.82385 0.12014
0.82302 0.11797
0.75708 0.036554
0.78269 0.091745
0.75913 0.047141
0.77956 0.085947
0.81907 0.11201
0.76085 0.048862
0.77416 0.076013
0.76475 0.057131
0.80502 0.099542
0.81045 0.10528
0.80488 0.099334
0.76641 0.04933
0.80383 0.097434
0.76842 0.042664
0.80273 0.094578
0.80326 0.095915
0.80276 0.094649
0.76921 0.041805
0.80045 0.090096
0.77303 0.044972
0.77777 0.062351
0.80084 0.090755
0.79715 0.083856
0.77553 0.040969
0.77946 0.056593
0.77855 0.033462
0.79493 0.075585
0.7955 0.079859
0.79502 0.076646
0.78212 0.031418
0.78477 0.04821
0.78667 0.024285
0.78872 0.045387
0.79543 0.069543
0.79693 0.066837
0.7922 0.028784
0.79852 0.06412
0.79908 0.028129
0.80001 0.040892
0.79984 0.062533
0.80264 0.059609
0.80335 0.033321
0.80667 0.039437
0.80966 0.023852
0.81251 0.042173
0.80724 0.05554
0.81371 0.053098
0.81762 0.031496
0.8172 0.051882
0.82491 0.03147
0.82529 0.036338
0.81619 0.052202
0.82429 0.050034
0.83312 0.025494
0.83479 0.03823
0.84396 0.02492
0.83971 0.03388
0.83087 0.048571
0.85367 0.029338
0.85402 0.03563
0.85752 0.023898
0.86335 0.033223
0.84992 0.045741
0.85759 0.045146
0.86662 0.027125
0.8687 0.033804
0.8791 0.025442
0.87966 0.034915
0.86946 0.044511
0.88053 0.04412
0.8879 0.025908
0.88366 0.044026
0.89777 0.029385
0.89534 0.031768
0.8847 0.043995
0.89396 0.043722
0.90784 0.028231
0.90783 0.034688
0.9173 0.028904
0.91727 0.032121
0.90669 0.043367
0.91603 0.043192
0.92897 0.025648
0.92225 0.032143
0.93897 0.023524
0.93772 0.03352
0.92708 0.043061
0.93511 0.042986
0.94854 0.026851
0.94314 0.034043
0.954 0.025565
0.95907 0.042853
0.94852 0.042885
0.95319 0.042866
0.96376 0.0286
0.96275 0.042845
0.97787 0.024491
0.97507 0.04283
