348
0.077531 0.020705
0.053372 0.023213
0.13603 0.020534
0.078768 0.024164
0.035202 0.023038
0.079725 0.024172
0.16003 0.020893
0.16979 0.022419
0.19353 0.021989
0.12316 0.027443
0.11863 0.026187
0.1236 0.027638
0.20795 0.024986
0.19749 0.027577
0.21196 0.027879
0.14081 0.027187
0.13138 0.027697
0.13908 0.027155
0.21797 0.030402
0.14469 0.027968
0.22366 0.029458
0.19966 0.040092
0.14331 0.028263
0.13604 0.029372
0.21892 0.033123
0.13608 0.029898
0.24282 0.02632
0.21182 0.039441
0.13357 0.030057
0.14177 0.029888
0.2499 0.030568
0.15317 0.031476
0.25695 0.028014
0.2111 0.039672
0.15301 0.031264
0.14888 0.03057
0.26252 0.024996
0.13739 0.030849
0.27517 0.025558
0.24504 0.038832
0.13437 0.031579
0.28384 0.021547
0.11441 0.030134
0.29084 0.026291
0.25627 0.038871
0.11272 0.029079
0.29272 0.030422
0.11591 0.031701
0.30359 0.02408
0.13081 0.032604
0.12765 0.033205
0.30744 0.02853
0.26277 0.038648
0.30737 0.031048
0.27939 0.03638
0.15419 0.037422
0.32225 0.028485
0.28815 0.037533
0.32718 0.03064
0.14477 0.033164
0.15042 0.034631
0.14622 0.033208
0.33519 0.031112
0.13294 0.033682
0.35115 0.025168
0.1257 0.034624
0.1329 0.033676
0.12558 0.034647
0.34339 0.02986
0.10802 0.02862
0.34569 0.031945
0.25828 0.040189
0.11595 0.034389
0.097783 0.028006
0.36827 0.026257
0.071703 0.029951
0.37324 0.026815
0.21481 0.039248
0.077636 0.029726
0.05854 0.030011
0.37599 0.026835
0.15462 0.038266
0.36574 0.036997
0.24107 0.040118
0.05037 0.028031
0.037239 0.025509
0.33096 0.038128
0.17366 0.036052
0.37469 0.036943
0.18248 0.040454
0.03149 0.025777
0.029394 0.027919
0.32509 0.037915
0.078972 0.032105
0.38775 0.029083
0.034903 0.031617
0.031669 0.03044
0.034953 0.031689
0.3505 0.037222
0.056702 0.031659
0.22554 0.039289
0.07427 0.035768
0.035113 0.031856
0.036049 0.032752
0.38411 0.037588
0.036413 0.033519
0.38104 0.038993
0.092428 0.031083
0.037189 0.03395
0.38494 0.039186
0.051302 0.032122
0.3938 0.036742
0.091647 0.031959
0.038896 0.034169
0.39367 0.037918
0.041545 0.034422
0.35943 0.036996
0.11529 0.037004
0.044414 0.034655
0.050245 0.035166
0.34117 0.037611
0.15389 0.03806
0.40084 0.026864
0.098184 0.035099
0.13145 0.037745
0.088883 0.036033
0.34757 0.037512
0.40126 0.027999
0.30896 0.039936
0.40798 0.02246
0.40737 0.026483
0.40343 0.03348
0.10328 0.035857
0.40953 0.033567
0.31509 0.039689
0.084749 0.035507
0.082982 0.035454
0.42515 0.032737
0.42059 0.035465
0.40486 0.037823
0.40893 0.035945
0.42985 0.040361
0.42954 0.040384
0.41553 0.038596
0.40905 0.037057
0.41641 0.038676
0.44563 0.03971
0.44908 0.021814
0.4573 0.024364
0.47079 0.020739
0.49495 0.021865
0.43265 0.025811
0.47593 0.023209
0.43887 0.03165
0.43907 0.033758
0.47095 0.030405
0.48944 0.02229
0.46782 0.037869
0.47226 0.038729
0.48176 0.02979
0.48611 0.023788
0.46298 0.03899
0.47671 0.03886
0.47923 0.027375
0.48429 0.027561
0.47747 0.038821
0.49293 0.039694
0.49311 0.026331
0.49238 0.032271
0.4928 0.039688
0.48929 0.026804
0.52131 0.021513
0.50998 0.021359
0.57392 0.020311
0.53745 0.022881
0.55762 0.024676
0.50009 0.021783
0.52668 0.031771
0.50873 0.024472
0.50703 0.025274
0.54357 0.030013
0.54918 0.033268
0.50361 0.025557
0.51376 0.029747
0.51976 0.037778
0.53892 0.03743
0.50457 0.028943
0.51395 0.03553
0.51675 0.04049
0.53912 0.04046
0.513 0.035624
0.50295 0.030951
0.51449 0.040361
0.50023 0.04034
0.49803 0.028949
0.52052 0.04105
0.58923 0.021101
0.59073 0.026092
0.6117 0.028732
0.69954 0.037069
0.59732 0.033917
0.65266 0.035815
0.59965 0.038057
0.56341 0.032329
0.90826 0.040527
0.57394 0.033145
0.56904 0.036122
0.97208 0.038034
0.97133 0.030443
0.56113 0.037573
0.57915 0.037836
0.92271 0.040727
0.62841 0.036061
0.54398 0.038722
0.50017 0.040343
0.63618 0.039531
0.60301 0.038042
0.62251 0.031532
0.96868 0.04115
0.66313 0.034972
0.92899 0.040089
0.96432 0.025832
0.97498 0.026866
0.9686 0.027918
0.96993 0.028841
0.87421 0.036568
0.61899 0.039156
0.63028 0.029241
0.97612 0.027409
0.65412 0.03511
0.97644 0.027458
0.97641 0.02756
0.9763 0.02726
0.6276 0.026389
0.97577 0.026829
0.78877 0.0382
0.95554 0.039851
0.97571 0.026794
0.77951 0.038705
0.97069 0.025587
0.85563 0.040193
0.96952 0.025442
0.97165 0.025688
0.96688 0.025165
0.65112 0.03075
0.96283 0.040762
0.70559 0.038209
0.95852 0.024565
0.9631 0.024832
0.96135 0.024725
0.65098 0.027363
0.9395 0.040116
0.66706 0.031792
0.90426 0.039645
0.95389 0.024528
0.67365 0.035864
0.87159 0.037576
0.72698 0.037876
0.9367 0.02594
0.93486 0.024623
0.93741 0.025975
0.68129 0.036235
0.94487 0.026785
0.68017 0.033823
0.94883 0.027667
0.94752 0.027185
0.94878 0.027643
0.68105 0.033617
0.95316 0.029556
0.69464 0.035711
0.8399 0.038797
0.95234 0.029198
0.95827 0.033543
0.69554 0.03407
0.80689 0.039191
0.6917 0.029648
0.94135 0.036346
0.9528 0.034757
0.94383 0.036586
0.69665 0.028496
0.74705 0.036537
0.69849 0.023217
0.73985 0.036496
0.93031 0.03646
0.92858 0.036116
0.70714 0.026866
0.92589 0.035926
0.71648 0.026215
0.75196 0.036436
0.92398 0.035587
0.92024 0.034994
0.73285 0.035889
0.76829 0.038274
0.72777 0.024104
0.81656 0.039453
0.91507 0.033452
0.91794 0.033907
0.74754 0.031942
0.91721 0.033563
0.76371 0.034298
0.78754 0.037107
0.9174 0.033651
0.91644 0.033017
0.74497 0.025915
0.81525 0.039261
0.75769 0.025476
0.78617 0.034929
0.91229 0.032727
0.77513 0.030201
0.80343 0.038949
0.76673 0.025121
0.80074 0.037887
0.89215 0.037508
0.88209 0.037887
0.78007 0.027406
0.80891 0.035622
0.78824 0.026413
0.82822 0.037794
0.87853 0.037562
0.88003 0.038013
0.79622 0.028459
0.88238 0.037846
0.82027 0.03409
0.82668 0.037875
0.88395 0.037705
0.89147 0.037163
0.82118 0.032215
0.85077 0.037213
0.82696 0.03176
0.84337 0.030973
0.88779 0.035329
0.88415 0.03424
0.82408 0.026758
0.84782 0.033114
0.83324 0.022767
0.86053 0.031188
0.88025 0.032071
0.8802 0.029705
0.84811 0.02512
0.86606 0.028237
0.85542 0.023439
0.88327 0.024767
0.88 0.027567
0.88039 0.02645
0.87274 0.022151
0.89032 0.023473
0.95213 0.020351
0.95161 0.022161
