348
0.067668 0.020756
0.046182 0.023888
0.12376 0.020576
0.068728 0.024467
0.031628 0.023913
0.06955 0.02448
0.14692 0.020987
0.15469 0.022945
0.17891 0.021826
0.11182 0.027877
0.10733 0.026461
0.11224 0.028088
0.19422 0.024671
0.18286 0.026889
0.19837 0.027347
0.12815 0.027576
0.1194 0.028292
0.12667 0.0276
0.20508 0.030236
0.13152 0.028262
0.21056 0.029023
0.18561 0.039179
0.13026 0.028606
0.1238 0.030108
0.2073 0.032742
0.12395 0.030654
0.23052 0.025383
0.20021 0.037563
0.12163 0.030947
0.12911 0.030348
0.23977 0.028237
0.14006 0.031612
0.24882 0.026427
0.19948 0.037751
0.13989 0.03141
0.13583 0.03093
0.2562 0.024359
0.12549 0.031552
0.26868 0.025993
0.23602 0.035394
0.12274 0.032493
0.27638 0.021679
0.10315 0.030492
0.28272 0.026395
0.25103 0.034881
0.10152 0.029431
0.28437 0.030358
0.1051 0.03207
0.29636 0.023759
0.11973 0.033464
0.11707 0.033745
0.30046 0.027781
0.25897 0.036363
0.30011 0.030048
0.27272 0.037699
0.14097 0.037263
0.317 0.02825
0.2799 0.038619
0.32141 0.030498
0.1321 0.033557
0.13748 0.034883
0.13352 0.033642
0.32865 0.031268
0.1219 0.03475
0.34601 0.024989
0.11577 0.03531
0.12187 0.034748
0.11566 0.035347
0.33719 0.029767
0.09706 0.028884
0.33949 0.031657
0.25467 0.036948
0.10588 0.034743
0.086995 0.028127
0.3632 0.026597
0.062928 0.030791
0.36773 0.027007
0.20392 0.038152
0.067645 0.030432
0.050949 0.031419
0.37018 0.027223
0.1415 0.038987
0.36257 0.037658
0.23082 0.037147
0.043882 0.029897
0.033186 0.027055
0.3233 0.037992
0.15656 0.039877
0.37004 0.037532
0.16374 0.039337
0.028789 0.027544
0.027188 0.030353
0.31781 0.037252
0.068579 0.032992
0.38157 0.02954
0.032094 0.034897
0.029303 0.033622
0.032149 0.034984
0.34554 0.03624
0.049983 0.03342
0.21581 0.038386
0.065295 0.036949
0.032311 0.035183
0.033268 0.036256
0.37931 0.038284
0.033739 0.037195
0.37676 0.039645
0.080659 0.031131
0.034515 0.037773
0.38018 0.04034
0.046009 0.034685
0.38691 0.038621
0.079703 0.032002
0.036035 0.037972
0.38687 0.040749
0.038432 0.038116
0.35517 0.036697
0.10591 0.037427
0.041126 0.03821
0.04633 0.038625
0.3333 0.037249
0.14088 0.038938
0.3931 0.027478
0.085246 0.034922
0.12155 0.03927
0.076268 0.036187
0.34177 0.036938
0.39344 0.028694
0.30116 0.038959
0.39982 0.022682
0.39923 0.027106
0.3947 0.034546
0.0915 0.035793
0.40112 0.034359
0.30745 0.037731
0.07274 0.036642
0.071321 0.036701
0.41655 0.032278
0.41195 0.035208
0.39564 0.039109
0.4003 0.036853
0.42298 0.038369
0.42267 0.038485
0.40748 0.03888
0.40038 0.03794
0.40825 0.038854
0.44215 0.038647
0.44143 0.02177
0.45047 0.024073
0.46507 0.020613
0.49253 0.02168
0.42444 0.02539
0.47139 0.022689
0.43188 0.031237
0.43285 0.033024
0.46534 0.028598
0.48654 0.02207
0.46416 0.035054
0.46908 0.035039
0.47873 0.028667
0.48313 0.023402
0.45978 0.037905
0.47424 0.035802
0.4756 0.026405
0.48119 0.026757
0.47501 0.035792
0.48949 0.037666
0.49048 0.025775
0.48949 0.031217
0.48937 0.037716
0.48637 0.026139
0.52164 0.02138
0.50961 0.021248
0.57394 0.020337
0.54053 0.022748
0.558 0.025052
0.49842 0.021584
0.52754 0.030433
0.50822 0.024134
0.50632 0.024876
0.54641 0.030736
0.55102 0.035212
0.50227 0.024948
0.51353 0.029023
0.51903 0.035796
0.54337 0.036945
0.50348 0.028001
0.51289 0.034145
0.51517 0.038712
0.54401 0.040272
0.51193 0.034146
0.50117 0.029729
0.51295 0.038992
0.49688 0.037985
0.4964 0.027938
0.51986 0.039592
0.58747 0.021268
0.58882 0.027004
0.60765 0.029005
0.68608 0.03887
0.59408 0.035381
0.64723 0.038499
0.59496 0.039604
0.56328 0.032977
0.90048 0.038336
0.57406 0.034029
0.56981 0.036777
0.96932 0.035308
0.96982 0.028886
0.56075 0.038713
0.58018 0.038822
0.91591 0.039152
0.62466 0.03719
0.5476 0.039868
0.49681 0.037995
0.63122 0.040372
0.596 0.040063
0.61827 0.031462
0.96328 0.038
0.65452 0.036513
0.92263 0.038175
0.96162 0.025088
0.97412 0.025857
0.96664 0.026789
0.9682 0.02754
0.86254 0.036689
0.61112 0.038025
0.6262 0.030281
0.97546 0.02632
0.64819 0.036817
0.97583 0.026362
0.97579 0.026449
0.97566 0.026193
0.62392 0.027027
0.97504 0.025826
0.77551 0.03871
0.94771 0.038886
0.97497 0.025796
0.76695 0.03913
0.96908 0.024755
0.84429 0.039164
0.96771 0.024649
0.97021 0.024851
0.96463 0.024459
0.64507 0.032478
0.95486 0.038367
0.69026 0.038733
0.95495 0.024075
0.96015 0.024235
0.95807 0.02417
0.64441 0.02854
0.93316 0.038872
0.65828 0.032787
0.89402 0.038137
0.94994 0.02412
0.66505 0.036672
0.85952 0.037877
0.71024 0.037582
0.93142 0.025507
0.92944 0.024287
0.93219 0.025539
0.6728 0.038142
0.94021 0.026294
0.67168 0.035262
0.94448 0.02711
0.94307 0.026663
0.94443 0.027088
0.67223 0.035054
0.94921 0.028779
0.683 0.038007
0.82496 0.037811
0.94828 0.028497
0.95316 0.032007
0.68358 0.036059
0.79415 0.036618
0.68084 0.031317
0.93562 0.035002
0.947 0.033476
0.93787 0.035273
0.68486 0.029671
0.72878 0.036923
0.68637 0.023625
0.72202 0.037144
0.92422 0.035002
0.92247 0.034598
0.69416 0.02663
0.9197 0.034399
0.70526 0.025568
0.7333 0.036529
0.91755 0.034096
0.91408 0.033582
0.71731 0.036162
0.75271 0.038042
0.71697 0.024105
0.80412 0.038261
0.90822 0.032226
0.9114 0.032602
0.73388 0.03133
0.91057 0.032292
0.74958 0.034378
0.77436 0.037322
0.91079 0.03237
0.9097 0.031857
0.73446 0.025615
0.80319 0.037834
0.74721 0.025947
0.7733 0.035208
0.90503 0.031391
0.76326 0.030561
0.78988 0.036601
0.75482 0.025588
0.78682 0.036145
0.87921 0.038258
0.8684 0.038568
0.76792 0.027668
0.79679 0.033617
0.77603 0.02651
0.8143 0.038079
0.86603 0.037274
0.86688 0.038459
0.78382 0.028057
0.86866 0.03843
0.80902 0.033288
0.81318 0.037733
0.87006 0.038182
0.87862 0.037756
0.81049 0.031717
0.84027 0.034663
0.8159 0.031799
0.83274 0.029999
0.8755 0.035668
0.87267 0.034387
0.81429 0.026776
0.83775 0.031539
0.8232 0.022826
0.85235 0.031087
0.87054 0.032109
0.87165 0.029796
0.8391 0.024548
0.85759 0.028357
0.84726 0.02329
0.87474 0.024871
0.8718 0.027643
0.87218 0.026524
0.86443 0.022208
0.88169 0.023638
0.94805 0.020324
0.94749 0.021998
