348
0.062751 0.020959
0.044796 0.024401
0.10138 0.020721
0.063508 0.025724
0.031007 0.024109
0.064139 0.025797
0.11874 0.021277
0.12515 0.023388
0.14608 0.022236
0.090662 0.028898
0.08667 0.028288
0.09108 0.029059
0.15916 0.024533
0.14923 0.028269
0.16422 0.026655
0.10425 0.029801
0.097965 0.029994
0.1034 0.02981
0.17311 0.029603
0.10705 0.030929
0.17791 0.029538
0.15642 0.041293
0.10596 0.031288
0.10136 0.032639
0.17786 0.033302
0.10141 0.033339
0.19222 0.027668
0.17653 0.038216
0.099619 0.033182
0.10495 0.033417
0.19936 0.030812
0.11415 0.034235
0.20615 0.029714
0.17861 0.04203
0.11401 0.034016
0.11098 0.034492
0.21063 0.027678
0.10255 0.034865
0.21743 0.030225
0.19768 0.040148
0.10069 0.035114
0.22227 0.022481
0.084032 0.035285
0.22662 0.030163
0.20721 0.041932
0.082941 0.035275
0.22726 0.036045
0.085782 0.035892
0.23568 0.026573
0.099054 0.036523
0.097455 0.036563
0.23778 0.034344
0.21235 0.048545
0.23744 0.03824
0.21968 0.050289
0.11548 0.039999
0.24567 0.033545
0.22387 0.051315
0.24856 0.035769
0.10763 0.037702
0.11285 0.038906
0.10896 0.037855
0.25416 0.035709
0.10058 0.037776
0.26419 0.029454
0.097077 0.038102
0.10056 0.037778
0.096999 0.038107
0.26011 0.037493
0.080729 0.036678
0.26119 0.040808
0.21137 0.055164
0.087611 0.037763
0.07642 0.035635
0.27402 0.029319
0.059763 0.032936
0.27817 0.029033
0.18404 0.050232
0.063336 0.032833
0.049458 0.032886
0.28073 0.029375
0.11767 0.045973
0.27198 0.044933
0.19762 0.052236
0.042323 0.03085
0.032065 0.027394
0.24892 0.049549
0.13707 0.043558
0.28079 0.042046
0.14583 0.046796
0.027999 0.027969
0.026853 0.031135
0.2441 0.052274
0.0663 0.036099
0.28823 0.03333
0.034403 0.036477
0.030451 0.035004
0.034527 0.036576
0.26233 0.052852
0.050177 0.03546
0.19085 0.052132
0.066736 0.040452
0.034859 0.036804
0.036852 0.038043
0.28675 0.046428
0.038297 0.039203
0.2844 0.05666
0.074908 0.038509
0.040025 0.040228
0.28652 0.056249
0.048063 0.036888
0.29064 0.044264
0.075092 0.039741
0.042219 0.040811
0.28929 0.059113
0.045188 0.041389
0.26684 0.057128
0.090864 0.041104
0.047092 0.041762
0.050997 0.042462
0.25767 0.054952
0.11743 0.047435
0.29839 0.031039
0.079237 0.049921
0.1021 0.049073
0.078447 0.055244
0.26125 0.057382
0.29915 0.033297
0.23718 0.058791
0.31195 0.024137
0.31092 0.032109
0.30327 0.043696
0.082621 0.053486
0.31468 0.039791
0.23929 0.058464
0.077414 0.054483
0.076948 0.054289
0.32856 0.033015
0.32549 0.037642
0.30743 0.054416
0.31332 0.0513
0.332 0.037547
0.3339 0.038178
0.3291 0.042293
0.3466 0.040272
0.36268 0.0408
0.37082 0.042449
0.36243 0.021327
0.3758 0.022762
0.39882 0.020357
0.48817 0.020278
0.33868 0.023708
0.4084 0.02133
0.35319 0.027251
0.35358 0.028443
0.39429 0.025516
0.45342 0.020429
0.37978 0.034787
0.38898 0.036832
0.40401 0.025285
0.43944 0.020824
0.3818 0.041224
0.3983 0.03895
0.41205 0.022801
0.42379 0.02208
0.39919 0.037922
0.40722 0.047996
0.47192 0.021013
0.41603 0.02427
0.4128 0.050514
0.44843 0.021312
0.61832 0.020847
0.59139 0.020351
0.6872 0.020407
0.64407 0.022205
0.66689 0.023504
0.53513 0.020251
0.62914 0.027255
0.58621 0.021105
0.57799 0.021274
0.64731 0.028693
0.64875 0.031575
0.55992 0.020961
0.6067 0.023871
0.6289 0.033067
0.64446 0.036628
0.56628 0.021802
0.61513 0.028427
0.61643 0.041124
0.59749 0.040538
0.61046 0.027111
0.5512 0.021655
0.61021 0.037242
0.56748 0.046767
0.51832 0.021224
0.58432 0.038318
0.6972 0.021375
0.69873 0.027566
0.71151 0.036025
0.76542 0.052677
0.70137 0.038374
0.73598 0.052501
0.69361 0.044503
0.66787 0.029496
0.93072 0.052311
0.6733 0.031951
0.66297 0.034229
0.97468 0.052641
0.97546 0.039321
0.65336 0.037508
0.65612 0.041075
0.9403 0.052527
0.72058 0.05287
0.63784 0.042022
0.56725 0.047025
0.68242 0.050085
0.66103 0.042768
0.71769 0.039422
0.96985 0.05768
0.74017 0.051428
0.94533 0.050754
0.97152 0.030607
0.97737 0.033028
0.97403 0.034521
0.97473 0.036272
0.88878 0.046256
0.71167 0.051865
0.72158 0.03962
0.97797 0.034058
0.73618 0.047659
0.97814 0.03415
0.97812 0.034344
0.97806 0.033775
0.72138 0.032559
0.97778 0.032958
0.81374 0.053182
0.96125 0.059221
0.97775 0.03289
0.81048 0.05301
0.97509 0.030308
0.86958 0.047652
0.97448 0.030023
0.9756 0.030586
0.97303 0.029434
0.73398 0.040231
0.96511 0.057056
0.76732 0.050746
0.96826 0.028178
0.97079 0.028791
0.96975 0.028527
0.73331 0.034243
0.95201 0.052206
0.74158 0.042384
0.92794 0.050665
0.96572 0.027728
0.74594 0.044025
0.8867 0.045001
0.77541 0.051289
0.95577 0.03021
0.95467 0.027638
0.9562 0.030329
0.7564 0.045271
0.96004 0.031569
0.7518 0.040751
0.96254 0.03321
0.96161 0.032431
0.9625 0.03317
0.75232 0.040249
0.96535 0.036311
0.76166 0.043192
0.85966 0.04842
0.96486 0.035737
0.96664 0.04282
0.76107 0.040615
0.83305 0.052038
0.757 0.034295
0.95714 0.045943
0.96316 0.045906
0.95871 0.046065
0.75887 0.032417
0.79077 0.052598
0.75981 0.02479
0.7885 0.051638
0.94904 0.044462
0.94831 0.043599
0.7661 0.030595
0.94665 0.042632
0.77169 0.030939
0.7922 0.048876
0.94564 0.04213
0.94413 0.041451
0.78337 0.040145
0.79812 0.047464
0.77779 0.025993
0.83699 0.049435
0.9405 0.04047
0.94283 0.040237
0.79152 0.039716
0.94234 0.03996
0.79714 0.039743
0.81446 0.044892
0.94248 0.040025
0.94186 0.039548
0.79125 0.029876
0.83681 0.047215
0.79706 0.028561
0.81469 0.041853
0.93899 0.039089
0.81073 0.035429
0.83129 0.04321
0.80493 0.026485
0.82855 0.040477
0.91618 0.043984
0.90783 0.041906
0.81411 0.031802
0.83471 0.040907
0.81915 0.029162
0.85009 0.041479
0.89976 0.041024
0.90441 0.040121
0.82579 0.030091
0.90889 0.040295
0.84216 0.035475
0.84918 0.038339
0.91053 0.040487
0.91879 0.039425
0.84388 0.03326
0.86821 0.037134
0.85106 0.03289
0.86305 0.035068
0.91828 0.037538
0.91648 0.035756
0.84918 0.027335
0.86678 0.034167
0.85683 0.023727
0.88009 0.030758
0.91498 0.033437
0.91787 0.032004
0.86721 0.025496
0.88472 0.029232
0.87452 0.023507
0.92263 0.027052
0.91942 0.030027
0.92009 0.028762
0.89501 0.023125
0.92622 0.025771
0.96469 0.020598
0.96436 0.023703
