348
0.067783 0.020851
0.047199 0.023809
0.1182 0.02055
0.068758 0.025052
0.032172 0.023755
0.069512 0.025086
0.14298 0.020818
0.15278 0.022627
0.17848 0.021676
0.10491 0.027856
0.10041 0.027027
0.10536 0.028005
0.19395 0.02478
0.18293 0.026643
0.19806 0.027495
0.12241 0.02731
0.11334 0.027849
0.12108 0.027301
0.20457 0.029605
0.1256 0.02801
0.21089 0.028594
0.18571 0.038641
0.12436 0.028354
0.11834 0.029645
0.20625 0.031938
0.11852 0.030169
0.23087 0.025571
0.19902 0.037689
0.11592 0.030416
0.1233 0.030014
0.23996 0.028265
0.13439 0.030137
0.24932 0.026812
0.1982 0.038108
0.13425 0.029988
0.12997 0.03028
0.25571 0.024734
0.12007 0.03106
0.26727 0.026181
0.23338 0.03585
0.11712 0.031914
0.27484 0.021706
0.096906 0.032212
0.28124 0.026466
0.24982 0.03594
0.095623 0.031241
0.28292 0.03053
0.098114 0.03373
0.29431 0.023901
0.11355 0.032784
0.11035 0.032935
0.29833 0.028113
0.25687 0.037777
0.29807 0.030491
0.27085 0.038155
0.13427 0.035089
0.31436 0.028296
0.27865 0.03912
0.31892 0.03066
0.12577 0.033134
0.13107 0.033798
0.12715 0.033093
0.32664 0.031417
0.11609 0.034065
0.34235 0.025898
0.10862 0.034485
0.11604 0.034063
0.10849 0.034531
0.33474 0.030453
0.092053 0.03118
0.33719 0.032934
0.25285 0.038191
0.098183 0.036741
0.084238 0.030016
0.35629 0.027152
0.063426 0.031778
0.36059 0.027221
0.20229 0.037316
0.067762 0.031736
0.052095 0.031527
0.36315 0.027246
0.1345 0.036139
0.35386 0.039832
0.2281 0.037974
0.044837 0.029636
0.033803 0.026782
0.32148 0.038187
0.15347 0.037998
0.36067 0.038071
0.16003 0.038704
0.0292 0.02721
0.027525 0.02989
0.31523 0.037338
0.068616 0.034683
0.37488 0.029096
0.03266 0.034302
0.029739 0.033029
0.032717 0.034386
0.34265 0.038998
0.051103 0.033461
0.21457 0.037806
0.065587 0.038811
0.032888 0.03458
0.033889 0.035628
0.36979 0.0377
0.034382 0.03654
0.36702 0.039223
0.078885 0.033373
0.035195 0.037113
0.37005 0.03943
0.047022 0.034376
0.37914 0.036877
0.078055 0.034327
0.036785 0.037336
0.37869 0.038108
0.039255 0.037524
0.34902 0.039804
0.097638 0.039995
0.042007 0.037672
0.047351 0.038263
0.33246 0.038173
0.13384 0.036285
0.38791 0.026499
0.082572 0.038304
0.11551 0.038287
0.075083 0.038928
0.33976 0.039
0.38832 0.027569
0.29907 0.039589
0.396 0.022329
0.39535 0.026127
0.38971 0.032671
0.087236 0.039794
0.39733 0.032898
0.30457 0.038357
0.072189 0.039161
0.071014 0.03911
0.41327 0.032978
0.40853 0.035584
0.39062 0.036625
0.39637 0.035106
0.41796 0.039675
0.41765 0.039798
0.40388 0.03837
0.39639 0.036159
0.40465 0.038528
0.43545 0.038027
0.43781 0.021679
0.4472 0.024043
0.46084 0.020704
0.48785 0.021555
0.42062 0.025654
0.46605 0.023048
0.42754 0.031244
0.42805 0.033115
0.46104 0.029886
0.48105 0.022004
0.45823 0.037146
0.4618 0.037604
0.47278 0.028836
0.47718 0.023307
0.45381 0.038584
0.46552 0.037836
0.46991 0.026847
0.47517 0.02667
0.46628 0.037709
0.482 0.036962
0.48559 0.025396
0.484 0.030595
0.48182 0.037
0.48087 0.025955
0.51898 0.021228
0.50591 0.021157
0.57496 0.020329
0.54032 0.022494
0.55992 0.024992
0.4937 0.021474
0.52595 0.029117
0.50442 0.023806
0.50234 0.024469
0.54667 0.029614
0.5522 0.033767
0.49796 0.024662
0.51019 0.028294
0.51667 0.034462
0.54309 0.035439
0.49926 0.027526
0.50956 0.033124
0.5123 0.037302
0.5437 0.038363
0.50844 0.033163
0.49684 0.029159
0.50947 0.037448
0.49079 0.036739
0.49136 0.027364
0.51761 0.037513
0.58983 0.021109
0.59126 0.026132
0.60998 0.030714
0.69417 0.037997
0.59842 0.03517
0.65349 0.035671
0.60116 0.039905
0.56517 0.033272
0.90019 0.038774
0.57488 0.033892
0.57026 0.037554
0.97034 0.037142
0.9709 0.029958
0.56292 0.03905
0.58011 0.03857
0.91788 0.037724
0.62465 0.034266
0.54791 0.037964
0.49073 0.036745
0.63366 0.036073
0.6028 0.040282
0.61834 0.031442
0.96501 0.039789
0.6643 0.035262
0.92605 0.036648
0.96359 0.025523
0.97475 0.026561
0.96807 0.027494
0.96947 0.028367
0.86723 0.037575
0.61322 0.040684
0.62843 0.02771
0.97594 0.027079
0.6551 0.034774
0.97628 0.027126
0.97624 0.027223
0.97612 0.026937
0.62527 0.025732
0.97557 0.026525
0.77986 0.03895
0.95087 0.038755
0.97551 0.026491
0.76982 0.038276
0.97025 0.025306
0.85035 0.037728
0.96903 0.02515
0.97126 0.025434
0.96627 0.024889
0.65208 0.03058
0.95696 0.039255
0.69969 0.038029
0.95718 0.024319
0.96229 0.024575
0.96025 0.02447
0.65202 0.027246
0.93886 0.03838
0.66836 0.032414
0.89445 0.038728
0.95244 0.024294
0.67452 0.037844
0.86499 0.038485
0.72098 0.039452
0.93455 0.025286
0.93235 0.024051
0.9354 0.02535
0.68073 0.039247
0.94321 0.02645
0.67994 0.036418
0.94726 0.027518
0.94592 0.026974
0.94721 0.027492
0.68052 0.03611
0.9517 0.029115
0.6903 0.037748
0.82889 0.037392
0.95085 0.028867
0.95545 0.032679
0.69138 0.035695
0.79852 0.038027
0.68867 0.03118
0.94026 0.035105
0.94991 0.034234
0.94206 0.035608
0.69353 0.029266
0.73862 0.038935
0.69521 0.023411
0.7331 0.03845
0.92738 0.033647
0.92526 0.033415
0.70389 0.026626
0.92198 0.033417
0.71396 0.02629
0.74195 0.039407
0.91932 0.033256
0.91504 0.032977
0.72667 0.037492
0.75583 0.038974
0.72427 0.024417
0.80934 0.03948
0.90907 0.032107
0.91235 0.032172
0.74076 0.033398
0.91152 0.031914
0.75358 0.035379
0.77893 0.037644
0.91173 0.031979
0.91065 0.031528
0.74028 0.026606
0.8081 0.039064
0.75131 0.02637
0.77798 0.035513
0.90592 0.031404
0.76732 0.030076
0.79438 0.038312
0.75886 0.025514
0.79144 0.037555
0.88121 0.03921
0.87241 0.039616
0.7725 0.027285
0.80087 0.03472
0.78079 0.026626
0.81842 0.038826
0.87029 0.038726
0.87115 0.039604
0.78795 0.02872
0.87261 0.039567
0.81272 0.034445
0.8174 0.038799
0.87375 0.039446
0.88067 0.038888
0.81361 0.032627
0.84403 0.034172
0.81838 0.032399
0.83489 0.029579
0.87802 0.036768
0.87543 0.035455
0.81639 0.02715
0.84035 0.030981
0.8248 0.02287
0.85584 0.030714
0.8734 0.033018
0.87417 0.030487
0.84118 0.024315
0.86099 0.028361
0.85011 0.023081
0.87701 0.025183
0.87427 0.028173
0.87461 0.026972
0.86744 0.02231
0.88355 0.023824
0.95064 0.020339
0.95011 0.022103
