348
0.064189 0.020801
0.043106 0.024043
0.11476 0.020626
0.065186 0.024749
0.030039 0.024528
0.065959 0.024776
0.13381 0.02116
0.14101 0.023137
0.1641 0.021847
0.10341 0.028757
0.10007 0.027364
0.10375 0.028972
0.17932 0.024839
0.16806 0.026792
0.18314 0.027891
0.11865 0.028735
0.1106 0.029103
0.11756 0.028626
0.18971 0.031171
0.1217 0.029915
0.19429 0.029884
0.1698 0.040623
0.12055 0.030173
0.11469 0.030963
0.1917 0.033973
0.11469 0.031557
0.21205 0.026121
0.18527 0.038773
0.11238 0.031684
0.1193 0.03203
0.22026 0.029565
0.12807 0.033832
0.22821 0.027975
0.1846 0.039736
0.12797 0.033592
0.12496 0.033739
0.2335 0.025976
0.11592 0.032806
0.2427 0.027584
0.21785 0.037373
0.11311 0.033216
0.24919 0.022066
0.096102 0.032126
0.25424 0.028319
0.22921 0.038469
0.094659 0.030999
0.25497 0.03321
0.097958 0.033843
0.26543 0.024252
0.11011 0.034794
0.1077 0.035205
0.26909 0.028532
0.23405 0.041824
0.26841 0.030995
0.24476 0.042689
0.12803 0.040197
0.28225 0.030149
0.2508 0.04365
0.2855 0.032463
0.12153 0.036139
0.12567 0.038551
0.12285 0.036553
0.29205 0.03239
0.11183 0.035626
0.30723 0.026326
0.10633 0.036781
0.1118 0.035632
0.10623 0.036814
0.30058 0.031239
0.090834 0.029887
0.30264 0.033449
0.23139 0.04293
0.098832 0.036776
0.082222 0.029162
0.3216 0.026694
0.060483 0.031142
0.32738 0.026478
0.18919 0.040644
0.064825 0.030975
0.048923 0.031609
0.33066 0.026387
0.12819 0.043678
0.32333 0.037959
0.21503 0.041331
0.040956 0.030462
0.031384 0.028072
0.2854 0.041424
0.1435 0.041349
0.33257 0.035496
0.15191 0.040433
0.027588 0.028738
0.026344 0.031992
0.2795 0.041033
0.066592 0.033598
0.34275 0.028369
0.032304 0.03689
0.029062 0.035754
0.032394 0.036976
0.30693 0.040098
0.049096 0.033602
0.20036 0.040349
0.064932 0.037254
0.03264 0.037164
0.034096 0.038138
0.34128 0.036626
0.035041 0.039041
0.33973 0.039956
0.076982 0.032148
0.036233 0.039631
0.34217 0.039943
0.045992 0.034857
0.34744 0.035645
0.076363 0.033037
0.038081 0.039604
0.34691 0.040407
0.041282 0.039215
0.31701 0.039299
0.098982 0.039881
0.043775 0.038946
0.048761 0.038943
0.29691 0.041382
0.12771 0.043911
0.35714 0.026411
0.081557 0.036481
0.11044 0.041927
0.074711 0.03795
0.30452 0.040457
0.35788 0.027545
0.26547 0.042047
0.38565 0.022714
0.38343 0.027477
0.36114 0.032776
0.087399 0.038728
0.38595 0.034009
0.26963 0.04121
0.071791 0.03847
0.070626 0.038854
0.40696 0.032046
0.40069 0.034109
0.36275 0.037672
0.38104 0.037718
0.41093 0.038139
0.41041 0.038747
0.39295 0.038897
0.37998 0.039581
0.39397 0.039188
0.43269 0.039399
0.43284 0.021756
0.44248 0.023865
0.45659 0.020699
0.4815 0.021743
0.4162 0.02533
0.46167 0.023207
0.42375 0.031255
0.42458 0.032842
0.45612 0.029855
0.47569 0.022127
0.45294 0.036822
0.45554 0.038106
0.46685 0.029499
0.47197 0.02354
0.44876 0.041045
0.45744 0.039614
0.46509 0.027228
0.47002 0.02723
0.45796 0.039429
0.47125 0.037862
0.47954 0.025959
0.47652 0.031347
0.47104 0.03807
0.4755 0.026308
0.50809 0.021654
0.49707 0.021374
0.55382 0.020341
0.5224 0.023217
0.53896 0.025287
0.48708 0.021774
0.51264 0.033289
0.49599 0.024541
0.49431 0.025329
0.52773 0.031854
0.53146 0.035415
0.49067 0.025421
0.50071 0.030138
0.50611 0.03823
0.52269 0.039576
0.49169 0.028749
0.49989 0.035665
0.50213 0.041356
0.52227 0.044777
0.49863 0.03552
0.48932 0.030786
0.49864 0.041036
0.48084 0.039115
0.48498 0.028589
0.50714 0.043739
0.56968 0.020999
0.57155 0.025589
0.59166 0.029879
0.67131 0.039523
0.57926 0.03344
0.6322 0.038405
0.58074 0.037513
0.54453 0.033656
0.89432 0.040038
0.55243 0.034136
0.54854 0.03718
0.96815 0.033497
0.96876 0.027864
0.54127 0.040703
0.55735 0.037049
0.90791 0.04086
0.60598 0.037826
0.52646 0.042364
0.4807 0.039102
0.612 0.040597
0.58262 0.039449
0.60155 0.032062
0.95999 0.036438
0.63905 0.037865
0.9145 0.038662
0.95906 0.024707
0.97344 0.025247
0.96509 0.026152
0.96683 0.026765
0.83892 0.040431
0.59541 0.040415
0.60849 0.030676
0.97493 0.025662
0.633 0.036743
0.97534 0.025699
0.9753 0.025777
0.97515 0.025548
0.60656 0.027322
0.97446 0.025219
0.75329 0.039862
0.94292 0.037256
0.97438 0.025192
0.74379 0.039183
0.96781 0.024228
0.81677 0.039681
0.96629 0.024192
0.96907 0.024289
0.96269 0.024075
0.6295 0.031772
0.95149 0.036754
0.67512 0.039961
0.95265 0.023774
0.95748 0.023943
0.95545 0.023871
0.62873 0.028044
0.92328 0.037356
0.64224 0.033789
0.88849 0.038859
0.94727 0.023805
0.64838 0.037604
0.83508 0.040217
0.69394 0.040512
0.92495 0.025062
0.92278 0.024028
0.92583 0.025043
0.65679 0.038428
0.93577 0.025186
0.65488 0.035739
0.94079 0.02595
0.93913 0.025504
0.94073 0.025926
0.65545 0.035444
0.94645 0.028037
0.66777 0.03779
0.79798 0.040168
0.94531 0.027665
0.9509 0.031097
0.66779 0.035889
0.77264 0.041754
0.66346 0.031248
0.92852 0.03288
0.94353 0.031893
0.93206 0.032536
0.66739 0.02967
0.71297 0.037327
0.66892 0.023689
0.70655 0.038441
0.91677 0.035231
0.91544 0.034983
0.6765 0.027259
0.91255 0.034994
0.68587 0.026333
0.71658 0.037003
0.91064 0.034892
0.90781 0.03452
0.70079 0.036297
0.72753 0.038474
0.69661 0.02437
0.78015 0.042413
0.90278 0.033682
0.90563 0.033568
0.71465 0.031361
0.90494 0.033357
0.72637 0.033865
0.75265 0.037309
0.90513 0.033406
0.90422 0.033033
0.71431 0.025624
0.77944 0.042264
0.72618 0.025854
0.75221 0.035103
0.9002 0.032802
0.74277 0.03003
0.76988 0.039707
0.7345 0.025253
0.76706 0.038321
0.87171 0.03858
0.85962 0.038807
0.74846 0.027816
0.7743 0.037795
0.75637 0.026657
0.78972 0.041312
0.85046 0.038833
0.85587 0.038412
0.76379 0.028864
0.8602 0.038429
0.78344 0.035544
0.78836 0.040521
0.86272 0.038298
0.87234 0.036701
0.78461 0.033852
0.81237 0.033419
0.79013 0.034054
0.80385 0.03107
0.87081 0.035171
0.86837 0.034293
0.78864 0.028286
0.80971 0.030998
0.79611 0.023331
0.82496 0.030655
0.86553 0.032363
0.86811 0.030142
0.81061 0.024287
0.83008 0.028522
0.81953 0.023128
0.87258 0.024973
0.86902 0.02794
0.86975 0.026756
0.84192 0.02266
0.87833 0.023803
0.94503 0.020291
0.94437 0.021781
