348
0.065859 0.020915
0.046783 0.024077
0.11513 0.020578
0.066714 0.025446
0.032257 0.023758
0.067376 0.02549
0.13751 0.021015
0.14522 0.023013
0.1703 0.021649
0.10303 0.027988
0.098506 0.026849
0.10345 0.028169
0.1864 0.02468
0.17471 0.026398
0.19047 0.027519
0.11957 0.027702
0.11068 0.028205
0.11815 0.027693
0.19704 0.030439
0.1228 0.028486
0.20237 0.029177
0.17728 0.038136
0.12159 0.028805
0.1151 0.030137
0.19929 0.032978
0.1152 0.030687
0.2211 0.026543
0.1924 0.037949
0.11276 0.030899
0.1204 0.030548
0.22813 0.03067
0.1307 0.03199
0.23514 0.027903
0.19166 0.038148
0.13056 0.031785
0.12673 0.031396
0.24134 0.025068
0.11671 0.031641
0.25271 0.026316
0.22609 0.039846
0.11372 0.032474
0.2603 0.021724
0.094065 0.031585
0.26643 0.026671
0.23627 0.038049
0.092906 0.03057
0.26808 0.03075
0.095492 0.033079
0.27966 0.024028
0.11046 0.033309
0.10767 0.033551
0.28355 0.028216
0.243 0.03856
0.2833 0.0306
0.25689 0.038332
0.13103 0.037736
0.29814 0.02881
0.26441 0.039391
0.30254 0.031192
0.12294 0.033934
0.12792 0.035561
0.12427 0.034089
0.30974 0.031707
0.11255 0.034672
0.32504 0.026115
0.10605 0.035089
0.11251 0.034668
0.10594 0.035129
0.31791 0.031029
0.089292 0.030386
0.32026 0.033412
0.23891 0.039996
0.09563 0.035852
0.081128 0.030184
0.33881 0.027037
0.062406 0.032686
0.34358 0.026779
0.19618 0.038511
0.066076 0.032636
0.051704 0.032394
0.34647 0.026693
0.13136 0.039587
0.33694 0.039055
0.2229 0.041108
0.044686 0.030238
0.0339 0.02684
0.3045 0.038843
0.14621 0.040181
0.34571 0.036193
0.15286 0.039253
0.029264 0.027156
0.027577 0.029822
0.29854 0.038407
0.067101 0.035835
0.3593 0.028435
0.033247 0.034328
0.030046 0.032911
0.033318 0.034416
0.32527 0.039849
0.05122 0.034494
0.20872 0.03864
0.065131 0.040263
0.033523 0.034621
0.034734 0.03574
0.35672 0.036116
0.035398 0.03669
0.35373 0.037171
0.076257 0.033932
0.036374 0.037329
0.35771 0.037924
0.047697 0.035343
0.36559 0.036702
0.075524 0.03502
0.038162 0.037681
0.36558 0.038636
0.041066 0.038075
0.33155 0.040259
0.095008 0.038732
0.04377 0.03846
0.048858 0.039475
0.31515 0.038836
0.13076 0.039564
0.37203 0.026859
0.079046 0.038722
0.11154 0.03922
0.07304 0.040242
0.32271 0.039964
0.37237 0.027994
0.28514 0.040017
0.37959 0.022588
0.37893 0.026829
0.3739 0.033519
0.083611 0.039987
0.38123 0.033837
0.29006 0.039603
0.070512 0.040899
0.069494 0.040953
0.39666 0.032554
0.39198 0.035334
0.37523 0.037916
0.38064 0.036226
0.40381 0.039184
0.40353 0.039369
0.38784 0.039157
0.3808 0.03726
0.3886 0.039273
0.42156 0.038815
0.4201 0.021787
0.4291 0.02423
0.44218 0.020739
0.46533 0.021748
0.40387 0.025636
0.44731 0.023375
0.41089 0.031732
0.41207 0.033511
0.44238 0.03039
0.45979 0.022287
0.44114 0.038009
0.44497 0.038823
0.45284 0.030461
0.45655 0.023958
0.43795 0.040743
0.44786 0.039673
0.45046 0.027806
0.45489 0.028046
0.44836 0.039532
0.45917 0.039301
0.46342 0.026119
0.46171 0.032038
0.45902 0.039425
0.45963 0.0268
0.49503 0.021341
0.48212 0.021219
0.55143 0.020289
0.51356 0.022579
0.53339 0.024407
0.47123 0.021634
0.50042 0.030323
0.48076 0.024059
0.47885 0.024818
0.51979 0.029822
0.52451 0.033026
0.47502 0.025032
0.4861 0.028748
0.49149 0.035373
0.5138 0.035868
0.47614 0.028062
0.48463 0.033659
0.48643 0.038063
0.51322 0.039313
0.48362 0.033679
0.47379 0.02996
0.48385 0.03833
0.46665 0.03857
0.46917 0.028242
0.49197 0.039096
0.5688 0.020932
0.57073 0.025106
0.59844 0.026114
0.69277 0.038083
0.57675 0.030737
0.65266 0.036318
0.57651 0.033605
0.53977 0.031463
0.90036 0.037434
0.55042 0.031955
0.54545 0.034307
0.96948 0.035537
0.96997 0.02902
0.53576 0.03649
0.55666 0.034929
0.91619 0.03878
0.62244 0.032493
0.51818 0.038355
0.46655 0.038581
0.63199 0.035158
0.5779 0.033786
0.61369 0.028151
0.96353 0.038244
0.66017 0.035317
0.92303 0.03794
0.9619 0.025154
0.97421 0.025946
0.96684 0.026886
0.96837 0.027651
0.85894 0.035101
0.60204 0.032192
0.62471 0.02752
0.97552 0.026416
0.65343 0.035078
0.97589 0.026458
0.97585 0.026546
0.97572 0.026287
0.62164 0.025099
0.97511 0.025914
0.77699 0.040002
0.94813 0.039047
0.97504 0.025883
0.76767 0.039501
0.96924 0.024826
0.83753 0.038496
0.9679 0.024716
0.97035 0.024924
0.96485 0.024521
0.64932 0.030738
0.95521 0.038578
0.69715 0.03833
0.9553 0.024122
0.96044 0.024289
0.95839 0.024221
0.6482 0.027312
0.93362 0.03881
0.66386 0.031895
0.89339 0.036954
0.95034 0.024162
0.67102 0.035502
0.85539 0.036106
0.71572 0.039507
0.93188 0.025481
0.92988 0.02426
0.93265 0.025517
0.67929 0.03724
0.94071 0.026309
0.67789 0.034534
0.94494 0.027152
0.94354 0.026695
0.94489 0.027129
0.67844 0.034328
0.94961 0.028864
0.68948 0.036909
0.82063 0.038428
0.94869 0.028573
0.95353 0.03214
0.69002 0.035107
0.79101 0.041118
0.68699 0.030688
0.9361 0.034983
0.94743 0.033583
0.93836 0.035281
0.69125 0.029215
0.73222 0.039737
0.69285 0.023512
0.72636 0.039691
0.92463 0.034831
0.92287 0.034406
0.7011 0.026735
0.92007 0.034171
0.71123 0.026132
0.7361 0.038907
0.91787 0.033844
0.91431 0.033294
0.72219 0.038309
0.7537 0.039091
0.72185 0.024647
0.79777 0.040209
0.9083 0.031856
0.91157 0.032303
0.73644 0.032926
0.91072 0.03199
0.75074 0.035325
0.77556 0.038225
0.91094 0.032069
0.90982 0.031542
0.73685 0.02639
0.79704 0.040015
0.74844 0.026397
0.77418 0.035769
0.90503 0.030957
0.76363 0.030865
0.78828 0.041203
0.7556 0.025881
0.78627 0.039833
0.87732 0.036814
0.86541 0.036932
0.76826 0.02779
0.79297 0.036659
0.77634 0.02699
0.80951 0.037702
0.86283 0.035704
0.86373 0.0368
0.78343 0.029533
0.8657 0.036813
0.80388 0.033593
0.80824 0.037347
0.86725 0.036618
0.87668 0.036347
0.80567 0.031715
0.8342 0.034617
0.81146 0.031647
0.82769 0.030637
0.87327 0.034402
0.8702 0.033204
0.80978 0.026634
0.83221 0.031731
0.8188 0.022899
0.84775 0.029982
0.86791 0.031078
0.86916 0.028975
0.83368 0.024575
0.85365 0.027517
0.84217 0.023092
0.87252 0.024476
0.86932 0.027004
0.86973 0.025983
0.8613 0.022004
0.8801 0.023355
0.94847 0.020327
0.94792 0.022015
