348
0.075441 0.02077
0.052645 0.023327
0.12776 0.020544
0.076594 0.024565
0.034933 0.023101
0.077486 0.024585
0.15095 0.020856
0.16195 0.022079
0.18892 0.021941
0.11522 0.028185
0.11141 0.026986
0.11561 0.028376
0.20418 0.024521
0.19298 0.027249
0.20871 0.026957
0.13247 0.027378
0.12315 0.028045
0.13079 0.027326
0.21554 0.029249
0.13618 0.028228
0.22193 0.02847
0.19584 0.038966
0.13481 0.028514
0.12772 0.02956
0.2169 0.031689
0.12767 0.030098
0.24327 0.025458
0.20933 0.037171
0.12515 0.030342
0.13322 0.030167
0.25174 0.028872
0.14388 0.031845
0.26015 0.027223
0.2085 0.037408
0.14377 0.03164
0.13993 0.030988
0.26607 0.024753
0.12878 0.031083
0.27859 0.025684
0.2458 0.036125
0.12563 0.031874
0.28695 0.02159
0.10766 0.031751
0.29379 0.026299
0.26029 0.036987
0.10631 0.030612
0.29562 0.030354
0.10873 0.033469
0.30694 0.023866
0.12185 0.033286
0.11858 0.034207
0.31103 0.028074
0.2672 0.037892
0.31095 0.030454
0.28256 0.036797
0.14356 0.037994
0.32606 0.028723
0.2906 0.037876
0.33071 0.031207
0.13538 0.033607
0.14057 0.035265
0.13688 0.033683
0.33835 0.032053
0.12373 0.034272
0.35257 0.025855
0.11637 0.035974
0.1237 0.03427
0.11625 0.036012
0.34574 0.031012
0.10227 0.030038
0.34775 0.033445
0.26294 0.038589
0.10839 0.036609
0.093502 0.029187
0.36756 0.027224
0.070009 0.030713
0.37183 0.027761
0.2128 0.037072
0.075539 0.030631
0.057668 0.030478
0.3742 0.027643
0.14378 0.038669
0.36529 0.039603
0.24065 0.037529
0.049727 0.028265
0.036934 0.025629
0.3342 0.039344
0.16616 0.033175
0.37293 0.039197
0.17877 0.038108
0.031287 0.025885
0.029227 0.028062
0.32858 0.038744
0.076779 0.033277
0.38521 0.029357
0.034639 0.031856
0.031462 0.030637
0.034689 0.03193
0.35189 0.039504
0.055881 0.032156
0.22471 0.037335
0.072392 0.037088
0.034845 0.032102
0.035765 0.033023
0.38124 0.038665
0.036123 0.033809
0.37849 0.040494
0.088725 0.03261
0.036885 0.034255
0.38197 0.040127
0.050633 0.032499
0.39074 0.036972
0.088015 0.033573
0.038562 0.034491
0.39054 0.038168
0.041149 0.034771
0.35972 0.039468
0.1075 0.039757
0.043938 0.035032
0.049605 0.035605
0.34368 0.039474
0.14312 0.038601
0.39813 0.026999
0.093639 0.037343
0.12131 0.038822
0.085505 0.038022
0.34931 0.039751
0.39852 0.02816
0.31213 0.039117
0.40511 0.022528
0.40452 0.026658
0.40035 0.0338
0.097828 0.03835
0.40649 0.033968
0.31896 0.039586
0.081906 0.037254
0.080364 0.037121
0.42242 0.03203
0.41764 0.035053
0.40147 0.038288
0.40578 0.03641
0.4273 0.038665
0.42698 0.038714
0.41254 0.038635
0.40586 0.037557
0.41345 0.038636
0.44352 0.037102
0.44923 0.021527
0.45915 0.02376
0.474 0.020714
0.49774 0.021865
0.43056 0.025335
0.47942 0.02318
0.4372 0.030371
0.43722 0.03226
0.47414 0.030057
0.49244 0.022397
0.47077 0.03648
0.47573 0.038275
0.48503 0.029961
0.48924 0.023932
0.46536 0.036975
0.4807 0.038848
0.48273 0.027423
0.48749 0.027784
0.48151 0.038886
0.49552 0.040026
0.49597 0.026426
0.49517 0.032541
0.4954 0.04004
0.4923 0.027124
0.52707 0.021257
0.51387 0.021193
0.58415 0.020348
0.54708 0.022381
0.56977 0.02481
0.50269 0.02171
0.53375 0.029548
0.51245 0.023969
0.51052 0.024757
0.55441 0.028489
0.56154 0.032309
0.50664 0.025166
0.51816 0.028398
0.52522 0.034882
0.54992 0.034478
0.50773 0.028244
0.51825 0.033377
0.52146 0.037408
0.55059 0.036932
0.51716 0.03352
0.5058 0.030245
0.5188 0.037496
0.50218 0.039548
0.5007 0.028726
0.52622 0.037513
0.59819 0.021153
0.59961 0.026318
0.62131 0.027811
0.70381 0.039097
0.60584 0.033816
0.66388 0.038567
0.60803 0.037653
0.57531 0.0336
0.90233 0.040046
0.58445 0.034721
0.58063 0.038359
0.97069 0.036079
0.97026 0.029311
0.57423 0.039141
0.58905 0.039625
0.91704 0.039466
0.64082 0.034613
0.55632 0.036009
0.50213 0.039559
0.65006 0.039969
0.61157 0.037227
0.6338 0.029947
0.96644 0.039065
0.67242 0.037862
0.92469 0.038565
0.96242 0.025436
0.97437 0.026122
0.96722 0.027145
0.96871 0.027898
0.8734 0.038039
0.62906 0.036749
0.64275 0.028635
0.97565 0.026606
0.66504 0.037778
0.97601 0.026649
0.97597 0.02674
0.97585 0.026473
0.63968 0.025726
0.97525 0.026089
0.78343 0.039795
0.95237 0.039467
0.97519 0.026057
0.77533 0.039336
0.96955 0.024976
0.85437 0.038605
0.96825 0.024877
0.97063 0.025072
0.96529 0.024722
0.66232 0.032576
0.95927 0.039475
0.70927 0.040253
0.9562 0.024441
0.96105 0.024545
0.95904 0.024504
0.66212 0.028609
0.93811 0.039033
0.67563 0.034056
0.89833 0.039947
0.95172 0.024552
0.6812 0.038619
0.87107 0.03888
0.72813 0.040348
0.93452 0.025555
0.93247 0.024264
0.93531 0.025618
0.68766 0.038699
0.94301 0.026735
0.68667 0.035966
0.94683 0.027825
0.94557 0.027266
0.94678 0.027798
0.68745 0.035694
0.95101 0.029654
0.69949 0.037661
0.83449 0.037692
0.95022 0.029347
0.95552 0.033213
0.70028 0.035803
0.79979 0.038869
0.69688 0.030876
0.93981 0.035882
0.9503 0.034935
0.94211 0.036394
0.70126 0.029532
0.74502 0.039518
0.70288 0.023603
0.73916 0.039219
0.92676 0.035109
0.92471 0.03484
0.71067 0.027631
0.92151 0.034776
0.71911 0.026986
0.74904 0.03913
0.91932 0.034535
0.91566 0.034089
0.73324 0.038276
0.76379 0.03848
0.72901 0.024679
0.81178 0.038354
0.91055 0.032779
0.91346 0.033124
0.74582 0.034108
0.91276 0.032818
0.75962 0.03503
0.78257 0.038491
0.91294 0.032896
0.91205 0.032317
0.74387 0.026957
0.81018 0.038103
0.75463 0.02604
0.78171 0.036031
0.90774 0.032119
0.77185 0.030309
0.79613 0.039296
0.76336 0.02521
0.79379 0.038627
0.88857 0.039568
0.88103 0.039821
0.77689 0.027704
0.80308 0.035015
0.78436 0.026979
0.8238 0.037856
0.8777 0.039313
0.87923 0.039878
0.79158 0.029048
0.88124 0.039785
0.8161 0.033644
0.8224 0.03783
0.88233 0.039675
0.88804 0.039239
0.817 0.031857
0.84808 0.035294
0.82284 0.031683
0.83961 0.030085
0.88505 0.037129
0.88201 0.035795
0.82011 0.026623
0.84466 0.031726
0.82927 0.022703
0.85931 0.030846
0.87829 0.033266
0.87782 0.030645
0.84522 0.02457
0.86454 0.028397
0.8535 0.023163
0.88052 0.025262
0.87755 0.028293
0.87791 0.027076
0.87077 0.022317
0.88676 0.023891
0.95002 0.020357
0.94952 0.022208
