348
0.072689 0.020721
0.049862 0.023544
0.12683 0.020572
0.073886 0.02425
0.033559 0.023399
0.074812 0.024252
0.14976 0.020933
0.15891 0.022471
0.18506 0.021818
0.11498 0.028328
0.11099 0.027035
0.11538 0.028532
0.20005 0.024878
0.18938 0.027196
0.20412 0.027697
0.13126 0.027625
0.12253 0.028353
0.12965 0.027619
0.21056 0.030186
0.135 0.028379
0.21619 0.029355
0.19459 0.039194
0.13365 0.028717
0.12687 0.030049
0.21247 0.032863
0.12694 0.030613
0.23529 0.02602
0.20686 0.038863
0.12464 0.030835
0.1322 0.030467
0.24311 0.029854
0.14323 0.031966
0.25062 0.028029
0.20619 0.039142
0.14306 0.031732
0.13907 0.031011
0.25586 0.025086
0.1282 0.031597
0.26821 0.025697
0.23799 0.037743
0.12547 0.032459
0.27654 0.021633
0.10758 0.031702
0.28307 0.02663
0.25047 0.038716
0.106 0.030553
0.2847 0.030762
0.10904 0.033434
0.2958 0.023752
0.12227 0.033697
0.11944 0.034519
0.30029 0.027495
0.25622 0.038889
0.30006 0.029721
0.27209 0.036976
0.14448 0.038283
0.31676 0.028377
0.28018 0.039101
0.32134 0.03102
0.13526 0.033835
0.14073 0.035171
0.13665 0.033836
0.32891 0.031703
0.12429 0.034747
0.34415 0.025458
0.11779 0.036192
0.12426 0.034743
0.11768 0.036225
0.33685 0.030401
0.10189 0.029858
0.33904 0.032603
0.25242 0.040372
0.1094 0.036515
0.092832 0.028516
0.36102 0.025991
0.067051 0.030293
0.36635 0.026412
0.20986 0.038729
0.072791 0.029948
0.054509 0.030841
0.36931 0.026479
0.14493 0.039227
0.35884 0.036495
0.23359 0.039656
0.047163 0.028928
0.035376 0.026158
0.3244 0.03911
0.1627 0.035733
0.36836 0.035994
0.17253 0.038052
0.030249 0.026472
0.028378 0.028879
0.31865 0.037973
0.074154 0.03235
0.38145 0.028905
0.033293 0.032998
0.030408 0.031697
0.033337 0.033078
0.34374 0.038176
0.052858 0.032708
0.22047 0.039609
0.06969 0.036217
0.03348 0.033265
0.034315 0.034262
0.37808 0.037028
0.034639 0.035118
0.37528 0.038252
0.087615 0.031322
0.035331 0.035595
0.3789 0.03864
0.048004 0.033451
0.3876 0.036551
0.086921 0.032141
0.036854 0.035828
0.38748 0.037737
0.03923 0.036094
0.35241 0.03719
0.10919 0.039585
0.041811 0.036335
0.047055 0.036864
0.33459 0.038569
0.14421 0.038919
0.39472 0.026638
0.094196 0.036089
0.12323 0.039216
0.084506 0.03605
0.34091 0.038485
0.39514 0.027728
0.30113 0.03768
0.40217 0.022334
0.40152 0.026161
0.39711 0.032964
0.098992 0.037514
0.40366 0.03284
0.3081 0.037959
0.080173 0.035646
0.078348 0.035645
0.42122 0.031244
0.41565 0.033775
0.39853 0.037088
0.40295 0.035127
0.42771 0.037798
0.42733 0.03783
0.40999 0.036959
0.40306 0.036182
0.41096 0.036949
0.4458 0.038642
0.44732 0.021736
0.45592 0.024321
0.46902 0.020776
0.49441 0.021635
0.42962 0.025132
0.4739 0.023254
0.43701 0.030716
0.43773 0.032657
0.46917 0.03091
0.4881 0.022052
0.46659 0.038548
0.47006 0.039613
0.4795 0.029446
0.48429 0.023505
0.4628 0.039493
0.47354 0.039071
0.47704 0.027279
0.4821 0.027126
0.47415 0.038908
0.49033 0.037137
0.4923 0.025515
0.4911 0.030711
0.49016 0.037161
0.48792 0.026108
0.52198 0.021505
0.51058 0.021341
0.57146 0.020343
0.53834 0.022952
0.55702 0.025157
0.50027 0.021628
0.52747 0.031571
0.50934 0.024383
0.50765 0.025103
0.54402 0.03059
0.54904 0.034266
0.50413 0.02523
0.51435 0.029828
0.52144 0.037601
0.53991 0.037991
0.50518 0.028488
0.5149 0.035617
0.51833 0.040629
0.54012 0.041283
0.51392 0.035625
0.50334 0.030236
0.51587 0.040613
0.49945 0.038455
0.49792 0.028034
0.52281 0.041233
0.58577 0.021161
0.58717 0.026417
0.60596 0.029712
0.68421 0.037784
0.59343 0.035422
0.64338 0.038984
0.59577 0.040043
0.5618 0.033836
0.90194 0.039285
0.57122 0.034478
0.56652 0.038484
0.97015 0.035684
0.97001 0.029082
0.55914 0.039708
0.57586 0.039345
0.91583 0.038992
0.61988 0.035675
0.54424 0.039837
0.49938 0.038452
0.62729 0.03956
0.59754 0.040248
0.61526 0.031606
0.96542 0.038792
0.65276 0.037582
0.92324 0.037156
0.96197 0.025286
0.97423 0.025971
0.9669 0.026961
0.96843 0.0277
0.86428 0.035126
0.60891 0.039785
0.62423 0.028997
0.97554 0.026444
0.64488 0.037837
0.97591 0.026486
0.97587 0.026575
0.97574 0.026314
0.62144 0.026299
0.97513 0.025939
0.7728 0.039306
0.95068 0.039297
0.97506 0.025908
0.76246 0.038297
0.96929 0.024856
0.84303 0.035721
0.96795 0.024753
0.9704 0.024947
0.96492 0.024596
0.64321 0.032827
0.95775 0.039356
0.68941 0.03842
0.95556 0.024308
0.96057 0.024417
0.95853 0.024374
0.64368 0.028776
0.93623 0.038155
0.65683 0.033917
0.89649 0.038311
0.95093 0.024407
0.66199 0.038735
0.86147 0.035955
0.7096 0.038697
0.93295 0.025163
0.9307 0.023938
0.93382 0.025235
0.66826 0.038902
0.94193 0.026417
0.66763 0.036175
0.94588 0.02754
0.94458 0.026975
0.94583 0.027513
0.66838 0.035873
0.95021 0.029345
0.67972 0.036946
0.82052 0.036822
0.94939 0.029039
0.95452 0.032823
0.68094 0.03512
0.78971 0.038302
0.67803 0.030518
0.93819 0.034965
0.94904 0.034456
0.94052 0.035547
0.68318 0.029068
0.72854 0.038186
0.68498 0.023385
0.72276 0.037659
0.92506 0.033922
0.92289 0.033845
0.69322 0.026859
0.91948 0.034102
0.70296 0.026208
0.73231 0.038813
0.91734 0.034096
0.91375 0.034082
0.71592 0.036517
0.74789 0.038506
0.71393 0.024179
0.80051 0.038568
0.90858 0.033174
0.91143 0.033388
0.73106 0.032965
0.9107 0.033158
0.74494 0.034978
0.77159 0.038024
0.91089 0.033216
0.90994 0.032725
0.73054 0.026382
0.79921 0.038058
0.74205 0.026176
0.77019 0.035707
0.90579 0.032048
0.75859 0.029957
0.78607 0.038839
0.74976 0.025359
0.78349 0.038125
0.8822 0.037299
0.87118 0.037332
0.76372 0.027299
0.79184 0.03461
0.77181 0.026756
0.81032 0.037959
0.86831 0.036454
0.86954 0.037288
0.77888 0.028942
0.87144 0.037299
0.80417 0.033748
0.80928 0.037967
0.87291 0.037243
0.88154 0.036995
0.80513 0.031992
0.83624 0.033133
0.81029 0.031785
0.82739 0.029063
0.87799 0.034976
0.87425 0.033707
0.80815 0.026769
0.83265 0.030246
0.81668 0.022751
0.85021 0.029202
0.87131 0.031458
0.87181 0.029224
0.83373 0.024005
0.85644 0.027168
0.84376 0.022706
0.87497 0.024588
0.87181 0.02719
0.8722 0.026138
0.86399 0.021977
0.88235 0.023436
0.94918 0.020345
0.94867 0.022132
