348
0.077586 0.020706
0.053413 0.02321
0.13442 0.020583
0.078823 0.024174
0.035221 0.023034
0.079781 0.024183
0.15549 0.020953
0.16539 0.022307
0.1904 0.022009
0.12237 0.027842
0.11807 0.026461
0.12278 0.028054
0.20511 0.024711
0.19432 0.027516
0.20944 0.027263
0.13887 0.027996
0.13006 0.028255
0.13728 0.027908
0.21598 0.029698
0.14224 0.028995
0.22207 0.028921
0.19707 0.039689
0.14105 0.02928
0.13443 0.030235
0.21729 0.032267
0.13444 0.030811
0.24229 0.025691
0.21003 0.03793
0.13209 0.030878
0.13966 0.03104
0.25048 0.029152
0.14911 0.033181
0.25862 0.027357
0.20923 0.038172
0.14902 0.03295
0.14564 0.032118
0.26451 0.024797
0.13559 0.03191
0.27699 0.025576
0.24473 0.036763
0.13274 0.032561
0.2857 0.021524
0.11396 0.030498
0.2929 0.026125
0.25876 0.037299
0.11232 0.029374
0.29484 0.030172
0.11542 0.032156
0.30591 0.024037
0.12939 0.033485
0.12645 0.03403
0.30978 0.02848
0.26573 0.038028
0.30971 0.030983
0.2814 0.036286
0.14872 0.039993
0.32461 0.028492
0.29029 0.037114
0.32952 0.030666
0.14182 0.034854
0.14623 0.036853
0.14301 0.034982
0.33751 0.031176
0.13129 0.034757
0.35332 0.025258
0.12462 0.035479
0.13125 0.034749
0.1245 0.0355
0.34565 0.029948
0.10775 0.028835
0.34789 0.032062
0.26143 0.038853
0.11545 0.034949
0.097734 0.028119
0.36977 0.02666
0.071756 0.029953
0.37443 0.027143
0.21335 0.037865
0.077691 0.029746
0.058587 0.030003
0.37701 0.027098
0.14889 0.04083
0.3669 0.037967
0.23975 0.038336
0.050407 0.028022
0.037261 0.025502
0.33328 0.038203
0.16889 0.034598
0.37504 0.037706
0.18048 0.039372
0.031505 0.025769
0.029406 0.027909
0.32743 0.037947
0.079028 0.032135
0.38866 0.029056
0.034922 0.031603
0.031684 0.030427
0.034972 0.031674
0.35251 0.037491
0.056746 0.031648
0.2247 0.038293
0.074324 0.035784
0.035132 0.031842
0.03607 0.032736
0.3844 0.037789
0.036434 0.033503
0.38088 0.039436
0.09241 0.031178
0.037211 0.033933
0.38519 0.03935
0.051341 0.032109
0.39495 0.037131
0.091633 0.032051
0.03892 0.034152
0.39485 0.038318
0.041573 0.034405
0.36117 0.037676
0.1148 0.037643
0.044445 0.034638
0.050282 0.035149
0.3434 0.037753
0.14835 0.040707
0.40168 0.027361
0.098132 0.03532
0.12972 0.039024
0.088886 0.036123
0.34965 0.037696
0.40204 0.028601
0.3113 0.039859
0.40794 0.022759
0.40741 0.027244
0.40421 0.034694
0.10313 0.036173
0.40942 0.035354
0.31745 0.039664
0.084776 0.035573
0.08302 0.035512
0.42376 0.032485
0.41867 0.035986
0.40564 0.039595
0.40895 0.03797
0.42878 0.038952
0.42842 0.03904
0.41434 0.040232
0.40908 0.039233
0.41505 0.040153
0.44497 0.040373
0.44846 0.021916
0.4562 0.024594
0.46917 0.02076
0.49343 0.021774
0.432 0.02547
0.47417 0.023248
0.4388 0.031483
0.43911 0.033593
0.46917 0.030686
0.48778 0.022244
0.46471 0.038612
0.469 0.039188
0.47987 0.029775
0.48437 0.023742
0.45962 0.039934
0.47347 0.039105
0.47739 0.027408
0.4825 0.027503
0.47424 0.039037
0.49018 0.038884
0.49154 0.026078
0.49049 0.031828
0.49004 0.038889
0.48762 0.026671
0.52287 0.021316
0.50993 0.021195
0.57738 0.020339
0.54154 0.022582
0.56281 0.024869
0.49869 0.021652
0.52913 0.030196
0.50851 0.023957
0.50657 0.02471
0.54824 0.02923
0.55478 0.032975
0.50268 0.025053
0.51423 0.028535
0.52112 0.035489
0.54413 0.035752
0.50377 0.028091
0.51431 0.033599
0.51752 0.037892
0.54475 0.038435
0.5132 0.033692
0.50183 0.029996
0.51483 0.037819
0.49777 0.038844
0.49658 0.028379
0.52206 0.038289
0.59201 0.021114
0.59349 0.026124
0.61538 0.028005
0.70103 0.037403
0.59993 0.033577
0.65709 0.03744
0.60211 0.03743
0.56841 0.033433
0.90325 0.040362
0.5777 0.034321
0.5738 0.037963
0.97127 0.036811
0.97069 0.029735
0.56732 0.038977
0.58247 0.038957
0.91845 0.039495
0.63378 0.035251
0.54999 0.037298
0.49771 0.038851
0.64285 0.039942
0.60565 0.03714
0.62723 0.030607
0.96738 0.039783
0.66646 0.036232
0.92647 0.038468
0.96318 0.025575
0.97462 0.026401
0.96777 0.027427
0.9692 0.028245
0.87387 0.038385
0.62283 0.037625
0.63559 0.028932
0.97584 0.026907
0.65833 0.036623
0.97618 0.026952
0.97614 0.027047
0.97603 0.026768
0.63271 0.026007
0.97546 0.026366
0.78852 0.039192
0.95401 0.03958
0.97539 0.026333
0.78005 0.039476
0.97001 0.025207
0.85708 0.039805
0.96876 0.025084
0.97104 0.025303
0.96593 0.024882
0.65544 0.031885
0.96086 0.039855
0.70702 0.038457
0.9571 0.024475
0.96187 0.024643
0.95998 0.024576
0.65523 0.028142
0.93986 0.03915
0.67001 0.032704
0.89913 0.040199
0.95254 0.024527
0.67616 0.036872
0.87166 0.039442
0.72832 0.037806
0.93522 0.025584
0.93319 0.024299
0.93601 0.025642
0.68331 0.036998
0.94369 0.026689
0.68222 0.034506
0.94758 0.02773
0.94629 0.02719
0.94753 0.027703
0.68307 0.034264
0.95183 0.029581
0.69626 0.036095
0.83879 0.039305
0.95102 0.029255
0.95667 0.033297
0.69713 0.034402
0.80676 0.03805
0.6934 0.029912
0.9411 0.035835
0.95154 0.034822
0.94341 0.036288
0.69821 0.028687
0.74845 0.036533
0.7 0.023283
0.74125 0.036456
0.92815 0.035071
0.92608 0.034832
0.70855 0.026949
0.92285 0.034808
0.71779 0.026242
0.75335 0.036504
0.92061 0.034597
0.91666 0.034225
0.73421 0.035816
0.7693 0.038736
0.7291 0.024085
0.81825 0.039185
0.9115 0.032983
0.91441 0.033292
0.74894 0.031941
0.9137 0.032995
0.76494 0.034575
0.78748 0.03801
0.91388 0.03307
0.91298 0.032501
0.74637 0.02591
0.81667 0.038742
0.75908 0.02554
0.78635 0.035688
0.90871 0.032364
0.7761 0.030558
0.80267 0.038293
0.76792 0.025241
0.79963 0.03761
0.88882 0.039688
0.8806 0.040039
0.7809 0.027718
0.80928 0.03446
0.78864 0.026759
0.82898 0.039463
0.87762 0.039592
0.8789 0.040131
0.79619 0.028544
0.88084 0.04
0.82195 0.034395
0.82768 0.039299
0.88212 0.03988
0.88829 0.039365
0.82263 0.032573
0.85115 0.036081
0.82774 0.032731
0.84286 0.030855
0.8854 0.037293
0.8824 0.035994
0.82507 0.027132
0.84772 0.03243
0.8333 0.022997
0.86138 0.031417
0.87911 0.033494
0.87907 0.030848
0.84801 0.024839
0.86626 0.028798
0.8559 0.023349
0.88179 0.02535
0.8789 0.028457
0.87924 0.027212
0.87231 0.022382
0.88801 0.02393
0.95082 0.020353
0.95031 0.022181
