348
0.06727 0.020797
0.046327 0.023903
0.11959 0.020589
0.068268 0.024725
0.031738 0.023882
0.069042 0.024748
0.14263 0.020983
0.15046 0.022918
0.17505 0.021799
0.1081 0.028228
0.10379 0.026845
0.1085 0.028438
0.19051 0.024637
0.17906 0.026802
0.1947 0.027307
0.12395 0.027697
0.11536 0.028545
0.12248 0.02774
0.20144 0.030209
0.12729 0.02835
0.20692 0.029021
0.18184 0.038961
0.12603 0.028714
0.11963 0.030342
0.20366 0.032722
0.11978 0.030898
0.22678 0.025436
0.19655 0.03748
0.11751 0.03124
0.12489 0.030497
0.23593 0.028278
0.13574 0.031639
0.24499 0.026416
0.19582 0.037661
0.13558 0.031438
0.13155 0.030994
0.2524 0.024303
0.1213 0.031788
0.26521 0.02577
0.23222 0.035513
0.11859 0.032805
0.27325 0.021596
0.099775 0.031264
0.27989 0.025999
0.24721 0.034829
0.098265 0.030177
0.28169 0.029682
0.10165 0.032878
0.2947 0.023623
0.11568 0.033866
0.11313 0.034216
0.29912 0.027721
0.25518 0.036063
0.29883 0.029945
0.2696 0.036948
0.13665 0.03729
0.31466 0.028944
0.27723 0.037556
0.31892 0.031605
0.12786 0.033689
0.13319 0.034949
0.12926 0.033751
0.32531 0.032855
0.11778 0.035139
0.33989 0.025997
0.11188 0.035868
0.11774 0.035137
0.11178 0.035908
0.33248 0.031556
0.094244 0.029719
0.33444 0.033847
0.25086 0.036779
0.1024 0.035691
0.085201 0.028956
0.35403 0.027277
0.06281 0.031244
0.35818 0.027272
0.20028 0.038096
0.067249 0.031003
0.051061 0.031528
0.36074 0.027241
0.13718 0.039008
0.35262 0.039674
0.22708 0.037318
0.044044 0.029917
0.033311 0.027007
0.32109 0.040004
0.15234 0.039674
0.35974 0.037614
0.1596 0.03907
0.028872 0.027473
0.027257 0.030256
0.31604 0.038761
0.068128 0.033736
0.37304 0.028578
0.032209 0.034783
0.029392 0.033494
0.032264 0.03487
0.33937 0.039498
0.050102 0.033516
0.21216 0.038426
0.065037 0.037769
0.032428 0.035069
0.033394 0.036147
0.37037 0.03653
0.033869 0.037086
0.36739 0.038015
0.079496 0.032098
0.034653 0.037672
0.37131 0.038348
0.046156 0.034741
0.37964 0.036464
0.078598 0.033017
0.036187 0.037893
0.37971 0.038386
0.038607 0.038072
0.3468 0.040136
0.10243 0.038547
0.041307 0.038206
0.046474 0.038701
0.32939 0.040107
0.13656 0.038969
0.38622 0.026689
0.08363 0.036382
0.11744 0.039789
0.075366 0.037421
0.33635 0.040201
0.3866 0.027796
0.30134 0.038895
0.39386 0.022519
0.39319 0.026646
0.38854 0.033198
0.089249 0.037553
0.39576 0.033626
0.30683 0.038415
0.072045 0.03777
0.070709 0.037776
0.41066 0.032458
0.40639 0.035312
0.39021 0.037495
0.39529 0.035927
0.41707 0.038905
0.41679 0.039012
0.40245 0.038691
0.39552 0.036971
0.40318 0.038755
0.43547 0.039576
0.43447 0.021869
0.44302 0.024367
0.45629 0.020687
0.48007 0.021919
0.41828 0.025565
0.46199 0.02308
0.4254 0.031736
0.42634 0.033562
0.45654 0.029651
0.47485 0.022396
0.45593 0.036852
0.4605 0.037121
0.46818 0.030115
0.47191 0.023966
0.4523 0.039828
0.4648 0.03821
0.46555 0.027396
0.47027 0.02791
0.46543 0.038223
0.47742 0.040324
0.47827 0.026629
0.47741 0.032902
0.47732 0.040389
0.4747 0.027109
0.50698 0.021341
0.49521 0.021345
0.5629 0.020352
0.52762 0.02242
0.54723 0.024799
0.48527 0.021791
0.51288 0.029704
0.49401 0.024492
0.49233 0.025364
0.53423 0.029548
0.53958 0.033562
0.48869 0.025578
0.49873 0.029485
0.50364 0.035946
0.52978 0.034975
0.48977 0.028966
0.49767 0.034941
0.49939 0.039602
0.5301 0.038097
0.49682 0.035022
0.48765 0.031003
0.49731 0.040121
0.48368 0.04036
0.48349 0.028989
0.5041 0.039652
0.57652 0.02115
0.57809 0.026253
0.6016 0.026824
0.68636 0.03883
0.58304 0.032922
0.64927 0.039639
0.583 0.036387
0.55334 0.03286
0.89986 0.037813
0.56299 0.034637
0.55936 0.037339
0.96932 0.035298
0.96981 0.028881
0.55144 0.038272
0.56805 0.038643
0.91556 0.038859
0.62372 0.033701
0.53512 0.037742
0.48361 0.040374
0.63223 0.036956
0.58411 0.036538
0.61573 0.028849
0.96327 0.037976
0.65529 0.037859
0.92239 0.037943
0.96161 0.02508
0.97412 0.025854
0.96663 0.026782
0.96819 0.027535
0.86076 0.036539
0.60494 0.03344
0.6258 0.028268
0.97545 0.026317
0.65002 0.038081
0.97583 0.026358
0.97578 0.026445
0.97565 0.02619
0.62302 0.025586
0.97503 0.025823
0.77528 0.038962
0.94766 0.038816
0.97497 0.025792
0.76683 0.039387
0.96908 0.024752
0.84256 0.039429
0.96771 0.024645
0.9702 0.024848
0.96462 0.024454
0.64718 0.032848
0.95483 0.038324
0.6906 0.038672
0.95492 0.024065
0.96014 0.024228
0.95805 0.024162
0.64642 0.028706
0.93302 0.038704
0.65876 0.033598
0.89313 0.037486
0.9499 0.024108
0.66492 0.037178
0.85772 0.037777
0.71075 0.037572
0.93127 0.025454
0.92926 0.024243
0.93204 0.025488
0.67279 0.038189
0.94014 0.026254
0.67183 0.035306
0.94443 0.027075
0.94301 0.026628
0.94437 0.027053
0.6724 0.035094
0.94916 0.028751
0.68325 0.037988
0.82375 0.038357
0.94823 0.028467
0.95313 0.031976
0.68388 0.036039
0.79366 0.036894
0.68125 0.031312
0.93551 0.034882
0.94695 0.033423
0.93778 0.035162
0.68532 0.029654
0.7292 0.037115
0.68683 0.023617
0.72252 0.037264
0.92399 0.034819
0.92222 0.03441
0.69465 0.026611
0.91942 0.034199
0.70577 0.025559
0.73366 0.03674
0.91723 0.033889
0.9137 0.033365
0.71783 0.036226
0.7528 0.038325
0.7175 0.02412
0.80345 0.038653
0.90773 0.031984
0.91098 0.032388
0.73424 0.031475
0.91013 0.03208
0.74971 0.034609
0.77415 0.037553
0.91035 0.032157
0.90925 0.031642
0.73481 0.025688
0.80254 0.038208
0.74738 0.02604
0.7731 0.035409
0.90449 0.031124
0.76319 0.030709
0.78945 0.036845
0.75487 0.025674
0.78643 0.036378
0.87775 0.037755
0.86673 0.038278
0.76778 0.02777
0.79626 0.03386
0.7758 0.026598
0.81338 0.038552
0.86431 0.037051
0.86518 0.038203
0.78348 0.028171
0.867 0.038137
0.80823 0.033605
0.81229 0.038188
0.86843 0.037865
0.87715 0.037279
0.80967 0.032004
0.83857 0.034951
0.81494 0.032116
0.83129 0.030305
0.87397 0.0353
0.87109 0.034092
0.81337 0.026953
0.83613 0.031808
0.82205 0.022911
0.85058 0.031115
0.86891 0.031891
0.87005 0.029606
0.83744 0.024646
0.8558 0.028329
0.84551 0.023322
0.8732 0.024761
0.8702 0.027494
0.87058 0.026394
0.86268 0.022183
0.8803 0.023528
0.948 0.020323
0.94744 0.021991
