348
0.050926 0.021099
0.035796 0.025789
0.093228 0.020574
0.051648 0.026507
0.026863 0.026625
0.052207 0.026537
0.11395 0.021061
0.12235 0.022819
0.14542 0.021945
0.081785 0.029574
0.078907 0.028412
0.082091 0.029763
0.16049 0.024864
0.14921 0.027045
0.16426 0.027979
0.097612 0.027826
0.08868 0.028934
0.096361 0.027727
0.17062 0.031011
0.10114 0.029029
0.17537 0.029411
0.15096 0.041639
0.099804 0.02921
0.093175 0.030073
0.17223 0.033573
0.093181 0.030616
0.19508 0.025222
0.16561 0.038943
0.090579 0.031139
0.098494 0.030826
0.20512 0.027847
0.10845 0.032605
0.21469 0.026868
0.16492 0.039993
0.10835 0.03239
0.10538 0.032612
0.22087 0.025234
0.094592 0.031573
0.2309 0.026697
0.2017 0.034577
0.091335 0.032451
0.23842 0.021717
0.075484 0.034397
0.24479 0.026875
0.21519 0.0359
0.07434 0.033168
0.24593 0.030854
0.076906 0.036202
0.25851 0.023797
0.087737 0.03468
0.085126 0.035713
0.26237 0.027959
0.22056 0.039466
0.26181 0.030185
0.2316 0.040119
0.10865 0.038371
0.27556 0.029744
0.2396 0.040007
0.27914 0.031771
0.1015 0.034724
0.10662 0.036952
0.10316 0.035178
0.28639 0.031416
0.089695 0.035053
0.30158 0.026717
0.083625 0.037734
0.089656 0.035067
0.083534 0.037794
0.29569 0.031261
0.071211 0.032078
0.2979 0.033737
0.21813 0.041594
0.077434 0.039492
0.064304 0.0318
0.31438 0.027805
0.048457 0.035373
0.31913 0.027714
0.16907 0.040742
0.051581 0.035043
0.040158 0.036401
0.3219 0.02765
0.10875 0.043039
0.31624 0.040996
0.19645 0.038662
0.034495 0.035046
0.027798 0.031808
0.27918 0.04043
0.12672 0.040001
0.32353 0.038466
0.13755 0.041643
0.02521 0.032782
0.024421 0.037543
0.27348 0.040556
0.053012 0.038586
0.33213 0.029872
0.028771 0.044566
0.026426 0.042985
0.028838 0.044683
0.30274 0.041697
0.04044 0.039204
0.17944 0.039035
0.052054 0.043666
0.029021 0.04494
0.030105 0.046236
0.33044 0.039612
0.030826 0.047428
0.329 0.044001
0.060491 0.036117
0.031713 0.048182
0.331 0.04397
0.038328 0.041113
0.33578 0.038451
0.060072 0.037349
0.033044 0.048063
0.33512 0.044601
0.035323 0.047386
0.31149 0.042122
0.077374 0.04326
0.037078 0.046904
0.04062 0.046677
0.29302 0.04148
0.10838 0.043367
0.34437 0.027575
0.064083 0.041316
0.087433 0.042029
0.059095 0.044107
0.30068 0.041762
0.345 0.028901
0.26146 0.040528
0.37148 0.022677
0.36912 0.027218
0.34728 0.034846
0.068661 0.043426
0.37222 0.03389
0.26494 0.040326
0.057015 0.045082
0.056201 0.045683
0.3913 0.033979
0.38634 0.036092
0.34818 0.040307
0.36638 0.037021
0.39492 0.041049
0.39454 0.041916
0.38093 0.040359
0.36497 0.039004
0.3818 0.040961
0.41226 0.040032
0.41385 0.021791
0.42411 0.0235
0.4403 0.020695
0.46298 0.021688
0.39893 0.026094
0.44479 0.0234
0.40548 0.032582
0.40609 0.034291
0.43986 0.029755
0.45712 0.022213
0.43756 0.03608
0.44116 0.038006
0.44935 0.030643
0.45384 0.023831
0.43241 0.039491
0.443 0.040518
0.44781 0.027979
0.45214 0.027972
0.44332 0.040356
0.45228 0.039635
0.46084 0.025922
0.45737 0.031742
0.45212 0.039905
0.45695 0.026579
0.49394 0.021133
0.48065 0.021188
0.56037 0.020263
0.51931 0.022056
0.5412 0.024082
0.46919 0.021588
0.50161 0.027889
0.4794 0.023959
0.47744 0.024699
0.5268 0.028448
0.53135 0.031739
0.47325 0.024824
0.48455 0.028362
0.48794 0.033584
0.52081 0.032809
0.47442 0.027781
0.48143 0.033118
0.48128 0.037599
0.52041 0.037511
0.48016 0.033187
0.47145 0.029568
0.47767 0.038321
0.45915 0.039138
0.46684 0.027925
0.48664 0.038292
0.58113 0.020731
0.58369 0.02403
0.61392 0.026539
0.69404 0.039868
0.59493 0.029096
0.65845 0.039984
0.59732 0.031715
0.548 0.030585
0.91566 0.040943
0.55823 0.030906
0.55279 0.033338
0.97314 0.041994
0.97314 0.032836
0.54256 0.036
0.56447 0.033092
0.93058 0.043388
0.63303 0.037142
0.5253 0.036113
0.45902 0.039156
0.63854 0.040636
0.60026 0.032868
0.6276 0.030364
0.96868 0.045489
0.66449 0.039823
0.93628 0.043807
0.96718 0.027225
0.97599 0.028579
0.97088 0.02981
0.97195 0.030923
0.86972 0.040713
0.62148 0.034987
0.63466 0.03057
0.9769 0.029258
0.65901 0.038081
0.97715 0.029318
0.97712 0.029446
0.97703 0.029071
0.63275 0.027083
0.97661 0.028533
0.77184 0.038605
0.95675 0.044328
0.97656 0.028489
0.762 0.039105
0.97255 0.026872
0.84482 0.038535
0.97161 0.026742
0.97331 0.027006
0.96942 0.026399
0.65549 0.032513
0.96296 0.044544
0.69827 0.03948
0.96278 0.025552
0.96618 0.02599
0.9648 0.025803
0.65458 0.028528
0.94261 0.044437
0.66708 0.034974
0.90999 0.040451
0.95897 0.025405
0.67287 0.038923
0.86603 0.040072
0.7189 0.042724
0.94324 0.027153
0.94173 0.025634
0.94385 0.027146
0.68088 0.040076
0.95085 0.027353
0.6789 0.036765
0.95444 0.028402
0.95327 0.027787
0.95439 0.02837
0.67944 0.036457
0.95841 0.03137
0.69029 0.038401
0.82645 0.038391
0.9576 0.030804
0.96181 0.03614
0.69038 0.03645
0.79259 0.040387
0.68663 0.031833
0.94602 0.038311
0.95665 0.036739
0.9485 0.037804
0.69021 0.030051
0.73366 0.040572
0.69173 0.023808
0.72897 0.041563
0.93792 0.04009
0.93688 0.039406
0.69943 0.027034
0.93453 0.038466
0.70943 0.02639
0.73601 0.039748
0.93289 0.037589
0.93039 0.036212
0.72422 0.038043
0.74503 0.03965
0.71939 0.024829
0.80175 0.039086
0.92551 0.034529
0.92841 0.034769
0.73499 0.033427
0.92775 0.034442
0.74421 0.034975
0.77136 0.036241
0.92792 0.034522
0.92702 0.034004
0.73488 0.026658
0.80082 0.039062
0.7447 0.026332
0.77107 0.034203
0.92255 0.033312
0.76177 0.029868
0.7898 0.03843
0.75334 0.025148
0.78739 0.03727
0.89572 0.041697
0.88667 0.04175
0.76769 0.027466
0.79464 0.036241
0.77589 0.026298
0.81627 0.038065
0.87967 0.040859
0.88378 0.040724
0.78406 0.028429
0.88708 0.041182
0.80592 0.032751
0.81396 0.037118
0.88893 0.041198
0.89632 0.039123
0.80732 0.031386
0.83887 0.032708
0.81486 0.031847
0.82979 0.030626
0.89514 0.037488
0.89315 0.036568
0.81215 0.026929
0.83575 0.030533
0.82086 0.022926
0.85176 0.029435
0.89081 0.034334
0.89293 0.031771
0.83619 0.024095
0.85717 0.027749
0.84529 0.022918
0.8969 0.025692
0.89372 0.029206
0.89438 0.027821
0.86958 0.022695
0.90198 0.024162
0.9574 0.02041
0.95694 0.022507
