348
0.071654 0.020693
0.048238 0.023574
0.13238 0.02055
0.072811 0.024095
0.032494 0.023637
0.073708 0.024104
0.15644 0.020953
0.16449 0.02285
0.18926 0.021819
0.1198 0.027408
0.11499 0.026038
0.12025 0.027611
0.20448 0.024718
0.19319 0.026905
0.20858 0.027437
0.13695 0.027266
0.12783 0.02788
0.13541 0.027282
0.21519 0.030398
0.14047 0.027937
0.22059 0.029209
0.19593 0.039279
0.13915 0.028263
0.13242 0.029659
0.21738 0.032966
0.13258 0.030182
0.23994 0.025585
0.21039 0.037795
0.13015 0.030433
0.13795 0.02993
0.24886 0.028585
0.14935 0.031196
0.2575 0.02673
0.20967 0.037978
0.14918 0.031
0.14495 0.030519
0.26455 0.024575
0.13417 0.031058
0.27641 0.026305
0.24525 0.036015
0.13131 0.031924
0.28373 0.021747
0.11051 0.029741
0.28986 0.026586
0.25961 0.035593
0.10877 0.028732
0.29148 0.030638
0.1126 0.031242
0.30325 0.023785
0.12817 0.0328
0.12538 0.03302
0.30732 0.027783
0.26719 0.037189
0.30697 0.030056
0.28024 0.038519
0.15029 0.03665
0.3241 0.028209
0.28711 0.039261
0.32853 0.030509
0.14107 0.033027
0.14667 0.034333
0.14255 0.033117
0.33564 0.031367
0.13044 0.034064
0.35278 0.025109
0.124 0.034477
0.1304 0.034061
0.12389 0.034509
0.34413 0.02992
0.10396 0.028165
0.34636 0.031865
0.26309 0.037779
0.11344 0.033748
0.092862 0.027364
0.3704 0.025814
0.066484 0.029902
0.37589 0.025866
0.21405 0.038427
0.07163 0.02957
0.053437 0.030479
0.37885 0.025963
0.15084 0.038317
0.3679 0.035942
0.24024 0.037791
0.045731 0.029113
0.034168 0.026549
0.33031 0.038054
0.16643 0.039246
0.37748 0.034503
0.17383 0.038799
0.029444 0.027021
0.027724 0.029635
0.32493 0.037186
0.072649 0.031912
0.3927 0.027722
0.032995 0.03384
0.029997 0.032677
0.033054 0.03392
0.35174 0.036628
0.052384 0.032315
0.22573 0.038865
0.069066 0.035553
0.033229 0.034103
0.034256 0.035089
0.38933 0.034854
0.034762 0.035954
0.38588 0.036024
0.085857 0.030121
0.035597 0.036482
0.39027 0.03644
0.04805 0.0335
0.39935 0.035113
0.0848 0.030921
0.037229 0.036647
0.39927 0.036787
0.039805 0.03675
0.36058 0.036262
0.11347 0.036252
0.042725 0.036802
0.0484 0.037117
0.34002 0.037463
0.15019 0.038265
0.40708 0.026192
0.090929 0.033527
0.13007 0.038365
0.081038 0.034763
0.34821 0.037282
0.40749 0.027213
0.30803 0.03894
0.41504 0.022298
0.41436 0.026072
0.40928 0.032159
0.097843 0.03438
0.41693 0.032399
0.3144 0.037519
0.077189 0.035214
0.07564 0.035282
0.43379 0.031137
0.429 0.03371
0.41076 0.036073
0.41627 0.034508
0.44075 0.036767
0.44041 0.036863
0.42438 0.036835
0.41646 0.035455
0.42521 0.03687
0.45973 0.038809
0.46012 0.021773
0.46903 0.023998
0.48408 0.020636
0.50948 0.021822
0.44246 0.024936
0.48983 0.022897
0.45058 0.030756
0.45148 0.032583
0.48434 0.028931
0.50399 0.022269
0.48226 0.035443
0.48685 0.035951
0.49668 0.029367
0.50075 0.023682
0.47735 0.03762
0.49132 0.037076
0.49382 0.02691
0.49892 0.027297
0.49205 0.037074
0.50522 0.03937
0.50763 0.02628
0.50642 0.032234
0.50509 0.039425
0.50383 0.026735
0.5362 0.021465
0.52514 0.021351
0.59093 0.020315
0.5542 0.022661
0.57417 0.024621
0.51471 0.021732
0.54186 0.030986
0.52387 0.024476
0.52211 0.025265
0.56064 0.029717
0.56599 0.033364
0.51835 0.025416
0.52869 0.029735
0.53323 0.03692
0.55642 0.035957
0.51949 0.028755
0.5277 0.035253
0.52935 0.040112
0.55674 0.038866
0.52682 0.035264
0.51729 0.030651
0.52726 0.04035
0.51194 0.039637
0.51275 0.028665
0.53366 0.040759
0.6051 0.021195
0.60644 0.026558
0.62587 0.029623
0.70467 0.039504
0.61271 0.03483
0.66537 0.037886
0.61473 0.039139
0.57961 0.032177
0.90725 0.039925
0.59117 0.033127
0.58639 0.035926
0.97124 0.037592
0.97114 0.030208
0.57709 0.037361
0.59776 0.038022
0.92174 0.040526
0.64192 0.03773
0.56129 0.037797
0.51188 0.039645
0.64916 0.039963
0.61645 0.039516
0.63564 0.032417
0.96661 0.040101
0.67291 0.035416
0.92778 0.039641
0.964 0.025601
0.97488 0.026729
0.96837 0.027695
0.96973 0.028625
0.87079 0.03712
0.6309 0.039884
0.64294 0.030392
0.97604 0.027261
0.66613 0.036251
0.97637 0.027309
0.97633 0.027409
0.97622 0.027115
0.64064 0.027249
0.97568 0.026693
0.79074 0.04069
0.95206 0.039283
0.97562 0.026658
0.783 0.040515
0.9705 0.025462
0.85286 0.039629
0.96931 0.025302
0.97148 0.025572
0.96662 0.024996
0.66248 0.032117
0.9594 0.039541
0.70835 0.039905
0.95784 0.024309
0.96272 0.024622
0.9609 0.024497
0.6615 0.028332
0.93767 0.039898
0.67653 0.031799
0.90117 0.039332
0.95288 0.024224
0.68389 0.035984
0.86792 0.038305
0.72938 0.038045
0.93503 0.02589
0.9332 0.024614
0.93574 0.025911
0.69173 0.037747
0.94325 0.026548
0.6906 0.034935
0.94748 0.027295
0.94608 0.026868
0.94743 0.027274
0.69112 0.034744
0.95215 0.028962
0.70172 0.038577
0.8345 0.038881
0.95123 0.028642
0.95649 0.03258
0.70229 0.036546
0.80605 0.038713
0.69954 0.03155
0.93953 0.035829
0.95053 0.033721
0.94164 0.036003
0.7036 0.029929
0.74678 0.038266
0.70504 0.023724
0.74072 0.038445
0.92893 0.036234
0.92726 0.035828
0.71231 0.026998
0.92466 0.035661
0.72296 0.025678
0.75113 0.037581
0.92268 0.035369
0.91936 0.034867
0.73618 0.037232
0.76969 0.039566
0.73461 0.024325
0.81495 0.039886
0.9139 0.033479
0.91684 0.033834
0.75066 0.032037
0.91606 0.033505
0.7662 0.035639
0.78945 0.039095
0.91626 0.033587
0.91523 0.033038
0.75075 0.025953
0.81408 0.039498
0.76301 0.026457
0.78803 0.036643
0.91095 0.032477
0.77777 0.031441
0.80237 0.038919
0.76972 0.026087
0.79969 0.038535
0.88692 0.038938
0.87665 0.039239
0.78179 0.028161
0.80804 0.035221
0.7896 0.027151
0.8246 0.039226
0.87424 0.037975
0.87516 0.039163
0.79634 0.029082
0.87689 0.039117
0.8191 0.034282
0.82348 0.038901
0.87825 0.038884
0.88631 0.038419
0.82037 0.032556
0.84875 0.035246
0.82561 0.032509
0.84144 0.030486
0.88322 0.036261
0.88051 0.034939
0.82393 0.027206
0.84614 0.032029
0.8323 0.02297
0.86038 0.031304
0.87827 0.032579
0.87919 0.030172
0.84737 0.024733
0.86557 0.028542
0.85534 0.023346
0.8821 0.025055
0.87929 0.027936
0.87966 0.026774
0.87218 0.022277
0.8888 0.02377
0.95101 0.020329
0.95046 0.022031
