348
0.075541 0.02065
0.050396 0.023306
0.13947 0.020533
0.076777 0.023836
0.033422 0.023382
0.077734 0.023845
0.16429 0.020919
0.17267 0.022736
0.19838 0.021771
0.12646 0.027126
0.12146 0.025787
0.12693 0.027323
0.21389 0.024661
0.20243 0.026748
0.21803 0.027365
0.1442 0.027042
0.13477 0.02762
0.14261 0.027055
0.22471 0.030329
0.14783 0.027699
0.23013 0.02917
0.20522 0.038892
0.14646 0.028012
0.13952 0.029352
0.22691 0.032892
0.13968 0.029859
0.24948 0.025607
0.21987 0.037637
0.13717 0.030096
0.14523 0.029626
0.25834 0.028645
0.15697 0.03085
0.26692 0.026791
0.21914 0.037813
0.15679 0.030661
0.15244 0.030209
0.2739 0.024625
0.14133 0.030711
0.28561 0.026387
0.25476 0.03611
0.13838 0.031542
0.29283 0.021771
0.11676 0.029305
0.29889 0.026688
0.26901 0.035742
0.11494 0.02833
0.30048 0.030806
0.11896 0.030755
0.31204 0.023853
0.13513 0.032379
0.13224 0.032574
0.31605 0.027938
0.2765 0.03739
0.3157 0.030254
0.28939 0.038769
0.15793 0.036126
0.33241 0.028464
0.29617 0.03955
0.33671 0.030885
0.14845 0.032637
0.15422 0.033907
0.14996 0.032728
0.34357 0.031875
0.13747 0.03361
0.35982 0.025517
0.13081 0.033969
0.13743 0.033607
0.1307 0.033999
0.35161 0.030475
0.10989 0.027758
0.35373 0.032591
0.27245 0.037966
0.11983 0.033161
0.098161 0.026936
0.37569 0.026588
0.070019 0.02926
0.38058 0.026767
0.22356 0.038294
0.075515 0.028964
0.056016 0.029719
0.38309 0.026944
0.1585 0.037734
0.37345 0.03792
0.24977 0.037863
0.047685 0.028438
0.03522 0.026087
0.33844 0.038741
0.17469 0.03846
0.38191 0.036816
0.18242 0.038082
0.030145 0.026535
0.028297 0.02897
0.33321 0.037732
0.076603 0.031158
0.3947 0.029195
0.03396 0.032869
0.030739 0.0318
0.034023 0.032943
0.35883 0.037904
0.054877 0.031415
0.23528 0.038832
0.072777 0.034563
0.034211 0.033113
0.035315 0.034025
0.39174 0.03769
0.035858 0.034827
0.38886 0.039079
0.090693 0.029493
0.036755 0.035313
0.39247 0.039584
0.050192 0.032491
0.39991 0.038026
0.089566 0.030242
0.038508 0.035458
0.39976 0.040028
0.041279 0.035541
0.36688 0.037938
0.11987 0.035558
0.044436 0.035574
0.050571 0.035837
0.34772 0.038339
0.15784 0.037692
0.40677 0.027383
0.0961 0.03272
0.13709 0.037771
0.085556 0.03384
0.35548 0.038428
0.40712 0.028599
0.31675 0.039327
0.41349 0.022617
0.41291 0.026945
0.40826 0.034416
0.10346 0.033598
0.41454 0.034017
0.32299 0.037949
0.081451 0.034258
0.079798 0.03432
0.43095 0.031012
0.4257 0.034255
0.40902 0.038953
0.41367 0.036515
0.43742 0.03657
0.437 0.036667
0.42032 0.038264
0.41369 0.037595
0.42119 0.038191
0.45706 0.039443
0.45794 0.021842
0.46615 0.024319
0.47996 0.02071
0.50318 0.021813
0.44017 0.024845
0.48499 0.023281
0.44824 0.030585
0.44904 0.032493
0.48018 0.029987
0.49762 0.022366
0.47784 0.037161
0.48178 0.037902
0.49099 0.030356
0.49456 0.023942
0.47326 0.03935
0.48547 0.039313
0.48848 0.027766
0.49294 0.027927
0.48609 0.039297
0.49684 0.040334
0.50125 0.02635
0.49946 0.032554
0.49672 0.040403
0.49748 0.027032
0.53192 0.021346
0.51984 0.021246
0.58854 0.020334
0.55149 0.022507
0.5729 0.02457
0.50861 0.02164
0.53832 0.030049
0.51844 0.024141
0.51648 0.02489
0.55806 0.029099
0.56398 0.032521
0.5124 0.025071
0.52371 0.028909
0.529 0.035652
0.55437 0.035133
0.51358 0.028178
0.52237 0.033983
0.52412 0.038361
0.55498 0.03795
0.52131 0.034024
0.51119 0.029997
0.52141 0.038653
0.50355 0.039423
0.50658 0.028336
0.52962 0.039165
0.60276 0.02114
0.60418 0.02622
0.62482 0.028893
0.7023 0.04075
0.60975 0.034063
0.66405 0.039285
0.61098 0.03811
0.57845 0.032524
0.89966 0.038578
0.58883 0.033996
0.58451 0.037118
0.96864 0.035369
0.96982 0.028898
0.57629 0.037522
0.59407 0.038779
0.9174 0.037904
0.64217 0.035746
0.55913 0.036807
0.50348 0.039447
0.64987 0.03986
0.61266 0.038326
0.63518 0.031059
0.96184 0.038584
0.67245 0.036088
0.92498 0.03705
0.96165 0.025252
0.97413 0.025865
0.96666 0.026852
0.96822 0.027558
0.86628 0.037968
0.6283 0.037564
0.64405 0.029241
0.97546 0.026328
0.66513 0.037528
0.97583 0.02637
0.97579 0.026457
0.97566 0.026201
0.64152 0.026444
0.97504 0.025833
0.78321 0.039981
0.94793 0.039716
0.97497 0.025803
0.7743 0.039394
0.9691 0.024761
0.85142 0.040288
0.96773 0.02467
0.97022 0.024857
0.96465 0.024542
0.66288 0.032938
0.95347 0.03934
0.70624 0.040827
0.95518 0.024333
0.96017 0.024401
0.95809 0.024374
0.66265 0.028889
0.93698 0.039031
0.67696 0.03227
0.89365 0.038903
0.95067 0.024475
0.68373 0.037406
0.86386 0.039218
0.72536 0.039662
0.9335 0.025462
0.93138 0.024176
0.93433 0.025532
0.6909 0.039716
0.94191 0.026722
0.69004 0.036734
0.94576 0.027866
0.94448 0.027287
0.94571 0.027838
0.69051 0.036507
0.94997 0.029569
0.69913 0.040417
0.83259 0.038177
0.94916 0.029314
0.95309 0.032896
0.69998 0.038054
0.80057 0.038379
0.69754 0.032657
0.93857 0.035674
0.94766 0.03492
0.94024 0.036225
0.70178 0.030647
0.74145 0.039558
0.70323 0.02393
0.73632 0.03973
0.92639 0.034029
0.92438 0.033732
0.71028 0.027504
0.92125 0.033643
0.71978 0.026357
0.74516 0.039721
0.91887 0.033429
0.91456 0.033043
0.73122 0.038668
0.76118 0.038448
0.73028 0.024656
0.8113 0.039078
0.90857 0.031908
0.91186 0.032171
0.74513 0.033568
0.91103 0.031894
0.7586 0.03496
0.7822 0.038676
0.91124 0.031963
0.91016 0.031495
0.74528 0.026701
0.80999 0.038959
0.75645 0.026332
0.78131 0.036527
0.90536 0.031243
0.77228 0.030836
0.79663 0.038913
0.76404 0.025576
0.79392 0.038565
0.88047 0.039453
0.87143 0.039722
0.77693 0.02795
0.80305 0.03494
0.78477 0.027016
0.82152 0.038558
0.86935 0.038748
0.87015 0.039678
0.79152 0.02903
0.87165 0.039668
0.81552 0.033978
0.82025 0.038458
0.87282 0.039549
0.87996 0.039114
0.81662 0.032285
0.84634 0.035926
0.8217 0.03231
0.83777 0.030339
0.87733 0.03692
0.8748 0.035551
0.81967 0.027057
0.84305 0.032153
0.8281 0.022937
0.85613 0.031955
0.87292 0.033071
0.87383 0.03054
0.8436 0.024791
0.86075 0.028989
0.85128 0.023542
0.8767 0.025226
0.87396 0.028216
0.8743 0.027012
0.86714 0.022362
0.88318 0.023885
0.94896 0.020356
0.94846 0.022207
