348
0.060459 0.020895
0.041786 0.024479
0.11075 0.020572
0.061361 0.025306
0.029608 0.024749
0.062059 0.025333
0.13292 0.021012
0.1407 0.022846
0.16687 0.021761
0.098453 0.027986
0.094152 0.026828
0.098868 0.028168
0.18205 0.025078
0.17097 0.026695
0.18563 0.028171
0.11521 0.027724
0.10627 0.028203
0.11379 0.027703
0.19157 0.031112
0.11843 0.02854
0.19662 0.029377
0.17241 0.039539
0.11719 0.028849
0.11069 0.03003
0.19333 0.033672
0.1108 0.030578
0.21665 0.025696
0.18683 0.039101
0.10835 0.03081
0.11604 0.030583
0.22511 0.029096
0.1262 0.032097
0.2333 0.027046
0.18622 0.039697
0.12608 0.031899
0.12242 0.031506
0.24042 0.025255
0.11232 0.031625
0.24957 0.027742
0.22266 0.036943
0.10933 0.032287
0.25582 0.021953
0.089792 0.03147
0.26128 0.027163
0.23518 0.036574
0.088539 0.030497
0.26238 0.031387
0.091352 0.033008
0.27455 0.023958
0.10613 0.033305
0.1034 0.033576
0.27837 0.028186
0.24246 0.039668
0.27773 0.030543
0.25108 0.042649
0.12606 0.037769
0.29285 0.02909
0.25598 0.042121
0.29655 0.031465
0.11844 0.033981
0.12332 0.035671
0.11992 0.034159
0.30353 0.031851
0.10821 0.034548
0.31957 0.026192
0.10191 0.035101
0.10818 0.034548
0.1018 0.035139
0.31204 0.030785
0.084891 0.030177
0.31408 0.033152
0.23861 0.039993
0.091719 0.035753
0.076573 0.029867
0.3326 0.02772
0.056785 0.032543
0.33695 0.027248
0.19007 0.03971
0.060519 0.032306
0.046446 0.032959
0.33969 0.027041
0.12622 0.039997
0.33213 0.040689
0.21847 0.038894
0.039784 0.031491
0.030896 0.028511
0.29558 0.039255
0.14023 0.039294
0.3401 0.036993
0.14874 0.037718
0.027262 0.029129
0.025972 0.032529
0.28931 0.038684
0.061372 0.03529
0.35233 0.029179
0.030676 0.037927
0.028046 0.036471
0.030738 0.038025
0.31873 0.039708
0.046006 0.035229
0.20175 0.038083
0.058788 0.039606
0.030913 0.038247
0.03195 0.039421
0.3503 0.037424
0.032544 0.040478
0.34759 0.037947
0.07141 0.033421
0.033378 0.041145
0.35135 0.039311
0.042862 0.036702
0.35689 0.038172
0.0706 0.034464
0.03485 0.041273
0.35662 0.040971
0.037244 0.041197
0.32691 0.041012
0.091308 0.038705
0.039621 0.041107
0.044039 0.04143
0.30719 0.039393
0.12567 0.040114
0.36336 0.027431
0.074402 0.038082
0.10734 0.039701
0.067728 0.039972
0.31565 0.039763
0.36371 0.02863
0.2752 0.040522
0.3709 0.02251
0.37025 0.026623
0.36436 0.034317
0.079209 0.039817
0.37145 0.033352
0.27992 0.040231
0.064856 0.040495
0.063684 0.040648
0.38809 0.032158
0.38278 0.034872
0.36456 0.039052
0.37026 0.035614
0.39447 0.03937
0.39416 0.039589
0.3769 0.038991
0.37014 0.036588
0.37783 0.039203
0.40949 0.041628
0.4102 0.022004
0.41874 0.02394
0.43484 0.020595
0.4644 0.021413
0.39578 0.025862
0.44067 0.022679
0.40249 0.033003
0.4033 0.034979
0.43507 0.028358
0.45747 0.021758
0.43167 0.034479
0.43575 0.034938
0.44799 0.028171
0.45307 0.022978
0.42659 0.03749
0.43864 0.035477
0.44477 0.026126
0.4508 0.026158
0.43929 0.035343
0.45498 0.034575
0.46194 0.024859
0.45969 0.029395
0.45473 0.034657
0.45725 0.025218
0.50055 0.021106
0.48419 0.020996
0.55635 0.020333
0.52095 0.022519
0.54026 0.024754
0.47141 0.021388
0.50712 0.029052
0.48257 0.023327
0.48034 0.023965
0.52739 0.029912
0.53187 0.033465
0.47585 0.024177
0.48934 0.027093
0.49555 0.032296
0.52112 0.035514
0.47717 0.026675
0.48688 0.031082
0.48851 0.034561
0.52045 0.03882
0.48544 0.031113
0.47435 0.028321
0.48476 0.034824
0.46442 0.035029
0.469 0.026896
0.49573 0.035247
0.57111 0.021116
0.57271 0.026127
0.59551 0.027249
0.67711 0.038964
0.57774 0.032966
0.64415 0.040371
0.57754 0.036425
0.5462 0.032697
0.90773 0.040085
0.55548 0.033789
0.55115 0.036214
0.97208 0.038573
0.9717 0.030787
0.54249 0.037963
0.56091 0.037444
0.92149 0.040532
0.61693 0.033866
0.5257 0.038365
0.4643 0.035023
0.6258 0.036777
0.57869 0.036668
0.60892 0.029061
0.96801 0.041531
0.64923 0.039977
0.9273 0.038836
0.96486 0.02585
0.97516 0.027111
0.969 0.028146
0.97028 0.02914
0.86373 0.041304
0.59847 0.03423
0.61881 0.028344
0.97626 0.027673
0.64458 0.038906
0.97656 0.027724
0.97653 0.027829
0.97642 0.027519
0.61609 0.025661
0.97591 0.027073
0.76243 0.037005
0.95404 0.039987
0.97586 0.027036
0.75291 0.038546
0.97101 0.025766
0.83885 0.039014
0.96988 0.02563
0.97193 0.025889
0.96734 0.02526
0.64123 0.033061
0.96182 0.040568
0.68144 0.038903
0.95918 0.024422
0.96365 0.024808
0.96189 0.02465
0.6401 0.028815
0.93719 0.03911
0.65186 0.035163
0.90233 0.040851
0.95412 0.024264
0.65683 0.03874
0.85777 0.040525
0.7005 0.038862
0.93558 0.02553
0.93359 0.024316
0.93634 0.025557
0.66401 0.039354
0.94429 0.026254
0.66296 0.036524
0.94861 0.027024
0.94718 0.026597
0.94855 0.027003
0.6635 0.036204
0.95342 0.029023
0.6739 0.037921
0.81914 0.037849
0.95245 0.028653
0.95823 0.032859
0.67452 0.03599
0.78478 0.035954
0.67187 0.031404
0.93979 0.034942
0.95199 0.033656
0.94233 0.035151
0.67598 0.02972
0.71858 0.038454
0.67753 0.023683
0.71198 0.038461
0.92872 0.035462
0.92701 0.03506
0.68545 0.026842
0.9243 0.034852
0.69567 0.026013
0.72296 0.038052
0.92233 0.03464
0.91936 0.034263
0.70728 0.037409
0.7396 0.039405
0.70661 0.024424
0.79653 0.036125
0.91397 0.033112
0.91694 0.033353
0.72265 0.032356
0.91618 0.03306
0.73682 0.035858
0.76121 0.035835
0.91638 0.033133
0.91532 0.03262
0.72279 0.02612
0.79542 0.035872
0.73438 0.02657
0.76011 0.033987
0.91079 0.032245
0.74926 0.030438
0.78023 0.035328
0.74126 0.025921
0.77665 0.034582
0.89035 0.042476
0.88121 0.043288
0.75443 0.027384
0.78658 0.032849
0.76296 0.025984
0.8091 0.036997
0.87458 0.042596
0.87835 0.043368
0.77168 0.027319
0.88144 0.043097
0.80003 0.031866
0.80732 0.036496
0.88283 0.042735
0.88974 0.041625
0.80117 0.03065
0.83241 0.033985
0.80784 0.031447
0.82331 0.030479
0.88687 0.039612
0.88427 0.038216
0.80486 0.026557
0.82867 0.031091
0.81389 0.022878
0.84351 0.0308
0.88152 0.035717
0.88215 0.032736
0.82905 0.02435
0.84878 0.028648
0.83799 0.023121
0.88513 0.026277
0.88228 0.029945
0.8828 0.02846
0.85998 0.022787
0.89035 0.024681
0.95221 0.020329
0.95164 0.022023
