348
0.06659 0.020778
0.044498 0.023821
0.11675 0.020599
0.067609 0.024623
0.03065 0.024269
0.068398 0.024656
0.1366 0.021108
0.14414 0.022973
0.16847 0.02179
0.10486 0.028659
0.10138 0.027429
0.10523 0.028853
0.18402 0.02478
0.17252 0.026627
0.18787 0.027826
0.12082 0.02837
0.1124 0.028701
0.11968 0.028263
0.19447 0.031133
0.124 0.02951
0.19905 0.029854
0.17434 0.040163
0.1228 0.029753
0.11665 0.030492
0.19649 0.033928
0.11663 0.03106
0.21686 0.026147
0.19007 0.038661
0.11418 0.031174
0.12148 0.031529
0.225 0.029717
0.13063 0.03329
0.23275 0.028206
0.18941 0.039605
0.13053 0.03306
0.12738 0.03319
0.23791 0.026254
0.11789 0.03226
0.24655 0.028179
0.22283 0.037593
0.11487 0.032642
0.25246 0.02226
0.097309 0.032522
0.25706 0.028931
0.23397 0.039065
0.096108 0.031446
0.25772 0.034142
0.098798 0.034157
0.26776 0.02437
0.11156 0.034138
0.10891 0.034673
0.27137 0.028648
0.23881 0.042915
0.27068 0.03117
0.24866 0.044765
0.1306 0.039405
0.28452 0.029946
0.25402 0.045901
0.28785 0.032112
0.12379 0.035478
0.12812 0.037813
0.12516 0.035881
0.29468 0.031917
0.11336 0.034941
0.31055 0.026035
0.10726 0.036338
0.11332 0.034946
0.10715 0.03638
0.30359 0.030758
0.092671 0.03051
0.30587 0.032858
0.23624 0.043854
0.099207 0.037092
0.084676 0.02955
0.32487 0.027401
0.062803 0.030757
0.32972 0.027598
0.19403 0.040569
0.067226 0.030677
0.050646 0.030984
0.33247 0.027495
0.13078 0.042659
0.327 0.040297
0.2201 0.0415
0.042225 0.029882
0.032077 0.027611
0.28756 0.0408
0.14692 0.040183
0.33364 0.037908
0.15576 0.039347
0.028049 0.028237
0.02673 0.031304
0.28132 0.040761
0.068973 0.03327
0.34315 0.028792
0.033053 0.03593
0.029613 0.034851
0.033148 0.03601
0.3111 0.039193
0.050827 0.032872
0.20528 0.040292
0.067235 0.036788
0.033409 0.036188
0.034954 0.037112
0.34023 0.037838
0.035956 0.037967
0.33827 0.041528
0.079544 0.032362
0.03722 0.038528
0.34058 0.041093
0.047546 0.034047
0.34734 0.03574
0.078876 0.033228
0.039181 0.038508
0.34619 0.040555
0.042569 0.038152
0.32238 0.040481
0.098929 0.040248
0.045203 0.037906
0.050471 0.037921
0.29978 0.040425
0.13027 0.042868
0.35782 0.026308
0.083643 0.037111
0.1114 0.040787
0.077004 0.038065
0.30836 0.03952
0.35858 0.027426
0.2676 0.04273
0.3869 0.022605
0.38457 0.027206
0.36208 0.032593
0.0887 0.039938
0.38726 0.033434
0.27167 0.041502
0.074069 0.038341
0.072894 0.038621
0.40918 0.031557
0.40267 0.033504
0.36402 0.037431
0.38216 0.037151
0.41326 0.037469
0.41271 0.03804
0.3946 0.038033
0.38109 0.038991
0.39566 0.038318
0.43505 0.038817
0.43573 0.0217
0.44588 0.023566
0.46158 0.020682
0.48516 0.021745
0.41882 0.025173
0.46648 0.023286
0.4265 0.031047
0.42728 0.032619
0.46108 0.029581
0.47942 0.022203
0.45829 0.035894
0.46157 0.037592
0.47126 0.030175
0.47598 0.023745
0.45347 0.03905
0.46376 0.039448
0.46964 0.027639
0.47419 0.027733
0.46424 0.03936
0.47502 0.038986
0.48313 0.026037
0.48001 0.031704
0.47484 0.039229
0.47925 0.026541
0.51244 0.021648
0.50133 0.021343
0.55612 0.020387
0.52658 0.023334
0.54229 0.025628
0.49096 0.021719
0.51698 0.033399
0.50022 0.024429
0.49847 0.025184
0.53165 0.032458
0.53526 0.036283
0.49469 0.025241
0.50503 0.029967
0.51047 0.038082
0.52673 0.040296
0.49575 0.028473
0.5043 0.035381
0.50658 0.041033
0.52625 0.045513
0.50303 0.035207
0.49325 0.030409
0.50313 0.040574
0.48332 0.039284
0.48878 0.028422
0.51149 0.043731
0.56894 0.021322
0.57034 0.027362
0.58764 0.030154
0.66532 0.040381
0.57533 0.036271
0.62905 0.039427
0.57557 0.040933
0.5479 0.034624
0.89047 0.037985
0.55579 0.035883
0.5524 0.038611
0.96738 0.032713
0.96803 0.027401
0.54522 0.041861
0.56144 0.040278
0.90628 0.039389
0.60198 0.037417
0.53042 0.043289
0.48316 0.039287
0.60885 0.0398
0.57654 0.04246
0.59729 0.03195
0.95872 0.035661
0.63521 0.038618
0.91365 0.037858
0.95774 0.024491
0.97301 0.024928
0.96412 0.025819
0.96597 0.026384
0.83431 0.039831
0.59011 0.040529
0.60456 0.030352
0.9746 0.025317
0.62963 0.037663
0.97504 0.025352
0.97499 0.025425
0.97484 0.02521
0.60254 0.027142
0.9741 0.024901
0.74596 0.041399
0.94129 0.03712
0.97402 0.024876
0.73776 0.040536
0.96702 0.023984
0.81107 0.041075
0.9654 0.023959
0.96836 0.024035
0.96157 0.023868
0.62591 0.032313
0.95003 0.036149
0.66876 0.040616
0.9511 0.023632
0.95611 0.02377
0.954 0.023711
0.62496 0.028379
0.92283 0.037364
0.63794 0.03428
0.8837 0.037158
0.94553 0.023718
0.64394 0.038
0.8298 0.03944
0.68909 0.039095
0.92353 0.025094
0.92144 0.024011
0.92438 0.025097
0.65193 0.038827
0.93397 0.025279
0.65014 0.03603
0.93884 0.025951
0.93722 0.025537
0.93877 0.025929
0.65069 0.035745
0.94468 0.027878
0.66221 0.038504
0.79527 0.039708
0.9435 0.027544
0.94931 0.030709
0.66234 0.03653
0.76528 0.040235
0.65855 0.031621
0.92728 0.033198
0.94172 0.031779
0.93062 0.03292
0.66236 0.030056
0.70908 0.037561
0.66382 0.023847
0.70296 0.038226
0.91583 0.034737
0.91432 0.034396
0.67105 0.027437
0.91113 0.034192
0.68037 0.026114
0.71254 0.037336
0.90901 0.033965
0.90587 0.03351
0.69701 0.035689
0.72291 0.03916
0.69198 0.02412
0.77417 0.040472
0.90034 0.032564
0.90345 0.032552
0.7104 0.031546
0.9027 0.032334
0.7218 0.034354
0.74566 0.038813
0.9029 0.032386
0.9019 0.032012
0.70998 0.025712
0.77333 0.04036
0.72158 0.026059
0.7455 0.036431
0.89749 0.031676
0.73741 0.03073
0.76221 0.038845
0.72955 0.025516
0.75909 0.03796
0.8663 0.038351
0.85466 0.038774
0.74265 0.028469
0.76753 0.036525
0.74988 0.027102
0.78553 0.039534
0.8459 0.038824
0.85106 0.038435
0.75682 0.028901
0.85521 0.038388
0.77799 0.034334
0.78386 0.038876
0.85763 0.038222
0.86701 0.036468
0.77928 0.032768
0.80757 0.034698
0.78547 0.032926
0.79996 0.031355
0.86558 0.035006
0.86321 0.034169
0.78359 0.027626
0.80517 0.031875
0.79171 0.023175
0.81907 0.030795
0.86044 0.032283
0.86309 0.030055
0.8059 0.024663
0.82451 0.028308
0.81395 0.023295
0.86761 0.024898
0.86401 0.027866
0.86475 0.026689
0.83687 0.022602
0.87344 0.023646
0.94321 0.020287
0.94252 0.021758
