348
0.055147 0.021082
0.0402 0.025351
0.089958 0.020933
0.055808 0.026426
0.028959 0.025048
0.056367 0.026478
0.10205 0.022019
0.10597 0.025625
0.11857 0.023083
0.081085 0.030332
0.077709 0.029362
0.081443 0.030551
0.12991 0.025126
0.12104 0.03057
0.13453 0.027708
0.092553 0.033157
0.087354 0.032419
0.09187 0.033032
0.14178 0.031826
0.094974 0.035192
0.14562 0.031888
0.12941 0.044403
0.094215 0.035497
0.090734 0.03642
0.14594 0.036577
0.090918 0.037356
0.15713 0.02937
0.14543 0.042722
0.089329 0.036757
0.093872 0.038243
0.16305 0.032933
0.10073 0.041555
0.16873 0.031301
0.1473 0.048123
0.10059 0.041187
0.098658 0.041165
0.17264 0.028753
0.092193 0.039658
0.17866 0.031275
0.16178 0.044413
0.090634 0.039523
0.18317 0.02268
0.075853 0.036978
0.18723 0.030825
0.16929 0.0457
0.074817 0.036834
0.18759 0.037066
0.077534 0.037876
0.19588 0.026873
0.089427 0.040905
0.087994 0.040558
0.19776 0.034951
0.17298 0.052939
0.19734 0.039023
0.17918 0.05324
0.10296 0.050588
0.20541 0.033946
0.183 0.053513
0.20825 0.03618
0.096942 0.044784
0.10092 0.048031
0.097986 0.045371
0.21385 0.036072
0.091041 0.042863
0.22359 0.029807
0.087905 0.042288
0.091024 0.04286
0.087834 0.042275
0.21979 0.038019
0.072782 0.03809
0.22092 0.041482
0.17127 0.061422
0.079375 0.04025
0.068469 0.036463
0.23295 0.029745
0.052759 0.034902
0.23691 0.029404
0.15175 0.059215
0.055793 0.034417
0.044184 0.035604
0.23937 0.029718
0.10598 0.061023
0.2309 0.046444
0.16184 0.060121
0.038211 0.033217
0.02982 0.029083
0.20849 0.049888
0.11647 0.060121
0.23892 0.042946
0.12123 0.061592
0.026511 0.02979
0.025593 0.03368
0.20326 0.052823
0.05862 0.037691
0.24653 0.033644
0.031824 0.0402
0.028566 0.038434
0.031927 0.040319
0.22281 0.0542
0.044857 0.038709
0.15693 0.060886
0.059223 0.042335
0.032203 0.040592
0.033858 0.042059
0.24451 0.047041
0.035064 0.043428
0.24087 0.058061
0.067159 0.039417
0.036505 0.044623
0.24293 0.057172
0.04313 0.040471
0.24854 0.044629
0.067416 0.040687
0.03833 0.045277
0.24518 0.059609
0.040831 0.045904
0.22741 0.059554
0.082659 0.044303
0.042442 0.046306
0.045749 0.047036
0.21842 0.055649
0.10611 0.063349
0.25665 0.031324
0.072195 0.051469
0.094856 0.05744
0.071549 0.056696
0.2226 0.058794
0.25738 0.033654
0.19498 0.059732
0.26972 0.024342
0.26878 0.03269
0.26142 0.044316
0.075746 0.055746
0.27251 0.040859
0.19728 0.059272
0.070472 0.055721
0.06999 0.055434
0.28545 0.03397
0.28272 0.038882
0.2653 0.0553
0.2713 0.052611
0.28877 0.038876
0.29055 0.039561
0.28623 0.043934
0.3023 0.041726
0.31703 0.04141
0.32426 0.042752
0.31709 0.021356
0.33062 0.022632
0.35807 0.020231
0.48323 0.020251
0.29473 0.02399
0.37537 0.020694
0.30827 0.027667
0.30864 0.028919
0.3517 0.024089
0.44361 0.020365
0.33375 0.03375
0.34218 0.034377
0.36682 0.022946
0.42647 0.020632
0.33412 0.039854
0.35063 0.033818
0.38264 0.021453
0.40402 0.021286
0.35253 0.032632
0.35151 0.043041
0.46488 0.02089
0.39048 0.022305
0.35909 0.042489
0.43777 0.021081
0.66015 0.020944
0.63738 0.020497
0.72918 0.020441
0.6838 0.022145
0.70955 0.023304
0.53472 0.02022
0.66974 0.028006
0.63367 0.021539
0.62247 0.02137
0.68721 0.028139
0.68862 0.030663
0.58109 0.0206
0.64955 0.024404
0.67 0.034405
0.68341 0.036134
0.59255 0.021178
0.65732 0.029372
0.66266 0.044377
0.64762 0.045564
0.65303 0.027925
0.5539 0.021206
0.65622 0.038834
0.62929 0.050874
0.51612 0.021118
0.63934 0.045393
0.73829 0.021532
0.73967 0.028462
0.75088 0.038581
0.79615 0.05806
0.74229 0.04071
0.76993 0.058521
0.73556 0.047244
0.71058 0.029053
0.93125 0.056627
0.71626 0.032023
0.70567 0.032906
0.97449 0.051531
0.9753 0.038658
0.69374 0.035422
0.69738 0.038461
0.93976 0.055001
0.7578 0.060018
0.67722 0.044195
0.62935 0.051416
0.7258 0.053121
0.70427 0.040695
0.75587 0.042952
0.96949 0.056427
0.77377 0.056934
0.94475 0.052167
0.97122 0.030242
0.97727 0.03258
0.97382 0.034022
0.97454 0.035713
0.89742 0.057348
0.75131 0.058192
0.759 0.04333
0.9779 0.033575
0.77051 0.052802
0.97807 0.033664
0.97805 0.033851
0.97799 0.033301
0.75913 0.034848
0.9777 0.032513
0.83744 0.057505
0.9606 0.058743
0.97767 0.032448
0.83455 0.057468
0.97492 0.029954
0.8849 0.057253
0.97428 0.029679
0.97544 0.030222
0.97278 0.02911
0.76917 0.044107
0.96459 0.056256
0.79777 0.055827
0.96784 0.027941
0.97046 0.028489
0.96939 0.028244
0.76898 0.036972
0.95138 0.052589
0.77558 0.046469
0.92878 0.055389
0.96522 0.027559
0.77932 0.048236
0.89612 0.055597
0.80461 0.05664
0.95517 0.030278
0.95409 0.027713
0.95559 0.030384
0.78845 0.049445
0.95935 0.031506
0.78454 0.044369
0.96192 0.033042
0.96096 0.032306
0.96188 0.033004
0.785 0.043783
0.96483 0.035972
0.79302 0.046968
0.87767 0.056153
0.96433 0.035432
0.96618 0.042258
0.79256 0.043984
0.85496 0.056095
0.78916 0.03672
0.95648 0.045953
0.96258 0.045502
0.95804 0.045966
0.7908 0.034485
0.81746 0.058095
0.79167 0.02558
0.81555 0.057045
0.94847 0.045109
0.94775 0.044338
0.79708 0.032268
0.94612 0.04358
0.8019 0.032651
0.81867 0.053647
0.94513 0.043201
0.94364 0.042697
0.81155 0.043428
0.82373 0.051751
0.80723 0.026938
0.85858 0.053536
0.94007 0.042138
0.94237 0.041595
0.81848 0.042873
0.9419 0.041365
0.82329 0.042808
0.83822 0.048177
0.94203 0.041417
0.94143 0.040991
0.81877 0.031443
0.85844 0.051067
0.82383 0.029883
0.83859 0.044763
0.93872 0.040846
0.83542 0.03757
0.85347 0.046353
0.83067 0.027424
0.85108 0.043283
0.91859 0.050387
0.91201 0.049628
0.83861 0.033409
0.85662 0.043984
0.84319 0.030399
0.87007 0.045784
0.90569 0.04908
0.9095 0.047718
0.84901 0.031498
0.91302 0.047459
0.86327 0.038165
0.86928 0.041934
0.9143 0.04737
0.92091 0.044459
0.86474 0.03563
0.8843 0.042045
0.87079 0.035508
0.88044 0.038923
0.92056 0.042289
0.91927 0.040369
0.86919 0.028774
0.88333 0.038072
0.87552 0.024572
0.89331 0.034551
0.91827 0.037585
0.9205 0.035333
0.88384 0.027027
0.89681 0.03272
0.88947 0.024632
0.92469 0.028635
0.92184 0.032638
0.92247 0.030978
0.90436 0.024367
0.92781 0.026842
0.96415 0.020587
0.96381 0.023637
