348
0.077591 0.020704
0.053396 0.02321
0.13596 0.020541
0.07883 0.024157
0.035212 0.023036
0.079789 0.024165
0.15945 0.020935
0.16856 0.022586
0.19222 0.021912
0.1232 0.027487
0.1187 0.026214
0.12364 0.027684
0.20682 0.025057
0.19638 0.027392
0.21073 0.028042
0.14069 0.027311
0.13135 0.027769
0.13899 0.027268
0.21661 0.030453
0.14448 0.028131
0.22231 0.029364
0.19971 0.039803
0.14314 0.028423
0.13598 0.029496
0.21755 0.033155
0.13602 0.03003
0.24216 0.025927
0.21103 0.03984
0.13353 0.03017
0.14163 0.030066
0.24988 0.029704
0.15271 0.031839
0.25756 0.027668
0.21037 0.040111
0.15256 0.031617
0.14855 0.030823
0.26328 0.024938
0.13732 0.031005
0.27557 0.025639
0.24432 0.037551
0.13432 0.031717
0.28421 0.021534
0.11448 0.030163
0.29138 0.026145
0.25768 0.038027
0.11279 0.0291
0.29332 0.030202
0.11599 0.031741
0.30436 0.024043
0.13078 0.032717
0.12765 0.033303
0.30822 0.028488
0.26448 0.038508
0.30816 0.030993
0.27992 0.036429
0.15351 0.03801
0.32306 0.028471
0.28878 0.037176
0.328 0.030627
0.14452 0.033434
0.14996 0.035004
0.14592 0.033494
0.33602 0.031092
0.13289 0.033828
0.35202 0.025154
0.12572 0.034723
0.13285 0.033822
0.1256 0.034745
0.34424 0.029833
0.1081 0.028629
0.34654 0.031908
0.26025 0.039535
0.11603 0.034438
0.097874 0.028003
0.3691 0.026308
0.071753 0.029934
0.37402 0.026896
0.21379 0.039495
0.077696 0.02971
0.058569 0.029999
0.37675 0.026931
0.15389 0.038899
0.36658 0.037109
0.2395 0.038986
0.050392 0.028024
0.03725 0.025505
0.33178 0.038105
0.17159 0.036927
0.37545 0.037163
0.17942 0.040425
0.031498 0.025773
0.0294 0.027914
0.3259 0.037889
0.079035 0.032085
0.38828 0.029294
0.034913 0.031609
0.031677 0.030433
0.034963 0.031681
0.35137 0.03717
0.056729 0.031645
0.22407 0.039005
0.074325 0.035742
0.035123 0.031848
0.03606 0.032743
0.38465 0.037946
0.036424 0.03351
0.38169 0.039334
0.092511 0.03107
0.0372 0.03394
0.38542 0.039588
0.051325 0.032111
0.39398 0.037242
0.091729 0.031944
0.038908 0.034159
0.39382 0.03845
0.04156 0.034411
0.36033 0.03704
0.11537 0.037058
0.044431 0.034643
0.050267 0.035153
0.34201 0.037566
0.1532 0.038656
0.40103 0.027133
0.098276 0.035094
0.13141 0.037913
0.08896 0.036009
0.34843 0.037454
0.40143 0.028317
0.30974 0.039871
0.40782 0.022579
0.40725 0.026792
0.40329 0.034051
0.10337 0.035863
0.40899 0.034248
0.31589 0.039647
0.08482 0.035483
0.083051 0.03543
0.42448 0.032367
0.41917 0.035418
0.40436 0.038608
0.40824 0.036731
0.42945 0.039254
0.42908 0.039308
0.4141 0.03905
0.40827 0.037899
0.4149 0.039047
0.44671 0.039497
0.44947 0.021811
0.45768 0.024404
0.47091 0.020759
0.49397 0.021916
0.43261 0.025529
0.47593 0.023324
0.43933 0.031293
0.43974 0.033347
0.47105 0.030678
0.48878 0.022431
0.46796 0.038258
0.47213 0.039264
0.48155 0.03025
0.48565 0.023997
0.46338 0.039294
0.47632 0.039557
0.47915 0.027686
0.48394 0.027953
0.47704 0.039543
0.49089 0.040593
0.49223 0.026594
0.49125 0.032867
0.49077 0.040605
0.48864 0.027222
0.522 0.021384
0.50957 0.021239
0.57441 0.020315
0.53957 0.022831
0.55854 0.024926
0.49879 0.021762
0.52793 0.030802
0.5082 0.024118
0.50634 0.024925
0.54551 0.030324
0.55106 0.034252
0.50257 0.025336
0.51373 0.028885
0.52037 0.036257
0.54218 0.037413
0.50363 0.02852
0.5137 0.034157
0.5168 0.038698
0.54279 0.040431
0.51261 0.034236
0.50173 0.030577
0.51412 0.038561
0.49737 0.040159
0.49686 0.02898
0.52129 0.039216
0.58974 0.021086
0.59126 0.02599
0.61314 0.028274
0.69997 0.037137
0.59795 0.033467
0.65388 0.036351
0.60032 0.037374
0.56422 0.032789
0.90638 0.039836
0.57448 0.033315
0.56981 0.036475
0.97084 0.03662
0.97058 0.029624
0.56226 0.038334
0.57957 0.037906
0.92272 0.039957
0.63023 0.036194
0.54695 0.039447
0.49732 0.040169
0.63791 0.039916
0.60389 0.037216
0.62439 0.031379
0.96654 0.039828
0.66404 0.035363
0.92973 0.039495
0.96299 0.025686
0.97456 0.026328
0.96763 0.02742
0.96908 0.028183
0.87443 0.037214
0.62089 0.03866
0.63208 0.029355
0.97579 0.026828
0.65529 0.035605
0.97614 0.026873
0.9761 0.026967
0.97598 0.026691
0.62942 0.026422
0.97541 0.026294
0.78933 0.038299
0.95359 0.040893
0.97534 0.026261
0.78014 0.038748
0.96989 0.025149
0.85671 0.039546
0.96863 0.025057
0.97094 0.025242
0.96577 0.024918
0.6524 0.031126
0.95956 0.04055
0.70601 0.038247
0.9571 0.024688
0.96166 0.024764
0.95977 0.024735
0.65227 0.027621
0.94137 0.040757
0.66789 0.032066
0.90194 0.039388
0.95289 0.024837
0.67435 0.036158
0.87207 0.038231
0.72743 0.037799
0.93689 0.026018
0.93499 0.02463
0.93762 0.026081
0.68184 0.036448
0.9447 0.027228
0.68073 0.034015
0.9483 0.028363
0.94711 0.027776
0.94825 0.028334
0.6816 0.033798
0.95223 0.03027
0.6951 0.035798
0.83822 0.038729
0.95148 0.029955
0.95641 0.033969
0.69599 0.034145
0.80713 0.039533
0.69218 0.029711
0.94236 0.037097
0.95169 0.035925
0.9444 0.037595
0.69709 0.028538
0.7476 0.03646
0.69892 0.023231
0.74036 0.036417
0.93087 0.036041
0.92896 0.035633
0.70756 0.026877
0.92604 0.035414
0.71689 0.026208
0.75253 0.036367
0.92398 0.035062
0.91994 0.034445
0.73332 0.03581
0.7689 0.038249
0.72822 0.024085
0.81644 0.040004
0.9144 0.032904
0.91746 0.033372
0.74809 0.031886
0.91669 0.033034
0.76431 0.034268
0.78812 0.037193
0.91689 0.03312
0.91588 0.032501
0.7455 0.025887
0.81518 0.039774
0.75828 0.025459
0.78675 0.034997
0.91146 0.032181
0.77575 0.030209
0.80379 0.039241
0.76734 0.025113
0.8012 0.038129
0.89066 0.038254
0.88164 0.038674
0.78069 0.027424
0.80914 0.035923
0.78881 0.026446
0.82744 0.038562
0.87842 0.038295
0.87979 0.038782
0.79675 0.028546
0.88189 0.038634
0.82021 0.034558
0.82601 0.038611
0.88331 0.038505
0.89007 0.037947
0.82114 0.032635
0.85081 0.036234
0.82664 0.032251
0.84271 0.030701
0.88686 0.03606
0.88358 0.034885
0.82401 0.027016
0.84747 0.032477
0.83277 0.022848
0.86111 0.031082
0.87999 0.032588
0.87995 0.03012
0.84782 0.024863
0.86631 0.028377
0.85561 0.023319
0.88288 0.024981
0.87976 0.02789
0.88013 0.026727
0.87275 0.022233
0.88959 0.023644
0.95129 0.02038
0.95083 0.022354
