348
0.063107 0.020891
0.043647 0.024197
0.11334 0.020585
0.064037 0.025291
0.030467 0.024363
0.064756 0.025323
0.13538 0.020923
0.14435 0.022818
0.16937 0.021677
0.10076 0.027923
0.096254 0.026897
0.10118 0.028094
0.18489 0.024741
0.17382 0.02663
0.18904 0.027411
0.11734 0.027938
0.10874 0.028275
0.11607 0.027879
0.19562 0.02947
0.12044 0.028832
0.20205 0.028449
0.17659 0.038579
0.11924 0.029156
0.11352 0.030279
0.19732 0.031762
0.11378 0.03085
0.22249 0.025415
0.19002 0.037483
0.11135 0.030982
0.11833 0.030925
0.23186 0.027973
0.12815 0.031635
0.24162 0.026522
0.18919 0.037905
0.12801 0.031456
0.12441 0.031566
0.24831 0.024523
0.11542 0.031894
0.2604 0.025923
0.22508 0.035377
0.11276 0.032646
0.26829 0.021644
0.092802 0.031734
0.27494 0.026312
0.24215 0.035255
0.091272 0.030711
0.27666 0.030312
0.094347 0.033301
0.2881 0.023899
0.10951 0.033477
0.10647 0.033483
0.29213 0.028163
0.24953 0.036987
0.29187 0.030551
0.26413 0.037418
0.12873 0.037357
0.30783 0.028557
0.27225 0.038568
0.31223 0.031027
0.12133 0.034535
0.12589 0.035633
0.12251 0.034581
0.31963 0.03183
0.11216 0.034884
0.33485 0.02579
0.10505 0.034955
0.11211 0.034878
0.10494 0.034991
0.32746 0.03084
0.087399 0.030503
0.32963 0.033235
0.24532 0.037382
0.094877 0.036241
0.079002 0.029836
0.35008 0.026381
0.058575 0.032392
0.35495 0.026687
0.19332 0.03709
0.062947 0.03231
0.047777 0.032492
0.35786 0.026862
0.12906 0.038594
0.34723 0.037707
0.21965 0.037498
0.041287 0.030713
0.03187 0.027835
0.3145 0.038825
0.14539 0.039237
0.35565 0.036801
0.15148 0.039502
0.027912 0.028384
0.026388 0.031501
0.30854 0.037902
0.063632 0.035404
0.36937 0.02946
0.030182 0.036616
0.027956 0.035152
0.030217 0.036711
0.33425 0.038696
0.046428 0.034667
0.2058 0.037465
0.06021 0.039786
0.03033 0.036928
0.030993 0.038091
0.36517 0.037761
0.031257 0.039122
0.36272 0.038888
0.073706 0.033527
0.031813 0.039723
0.36556 0.039553
0.042211 0.035909
0.37384 0.037512
0.072902 0.034556
0.03302 0.039866
0.37349 0.038796
0.034911 0.039914
0.34113 0.038477
0.094742 0.039325
0.036988 0.039905
0.041543 0.040088
0.32479 0.038858
0.12854 0.038708
0.38193 0.026704
0.077488 0.038152
0.11237 0.039365
0.069914 0.039485
0.33155 0.039114
0.38233 0.027805
0.29286 0.039735
0.38981 0.022389
0.38918 0.026288
0.38375 0.033052
0.082934 0.039097
0.39114 0.033217
0.29832 0.038665
0.066998 0.039939
0.065817 0.039948
0.40678 0.033102
0.40207 0.035814
0.38473 0.037114
0.39024 0.035493
0.41143 0.039727
0.41112 0.039859
0.39751 0.038718
0.39028 0.036572
0.39826 0.038866
0.42909 0.037543
0.4315 0.021623
0.44134 0.023802
0.45607 0.020653
0.4851 0.021449
0.41406 0.025647
0.46168 0.022831
0.42102 0.031121
0.42154 0.032962
0.45629 0.029171
0.47781 0.021866
0.45325 0.035895
0.45711 0.036334
0.46892 0.028221
0.47364 0.023078
0.44848 0.037217
0.46112 0.036565
0.46584 0.026366
0.47149 0.026207
0.46193 0.03645
0.47883 0.035796
0.48268 0.025027
0.48098 0.029868
0.47864 0.035831
0.47761 0.025545
0.51857 0.021144
0.5045 0.021075
0.57647 0.02032
0.54137 0.022393
0.56135 0.024931
0.49138 0.021373
0.52604 0.028511
0.5029 0.023539
0.50066 0.024156
0.54784 0.029367
0.55349 0.033527
0.49596 0.024339
0.50911 0.027703
0.51608 0.033459
0.54419 0.034913
0.49735 0.027004
0.50843 0.032189
0.51139 0.036079
0.54482 0.037763
0.50723 0.032227
0.49475 0.028527
0.50833 0.036205
0.48826 0.035601
0.48887 0.026863
0.5171 0.036304
0.59235 0.021011
0.59392 0.025549
0.61564 0.029063
0.69585 0.038271
0.60147 0.033259
0.65761 0.037331
0.60443 0.037168
0.56662 0.033158
0.90118 0.039387
0.57636 0.033503
0.5717 0.037404
0.97037 0.037203
0.97093 0.029993
0.56434 0.038857
0.5816 0.037654
0.9183 0.037975
0.63186 0.03483
0.5491 0.037555
0.48819 0.035606
0.64018 0.037645
0.60661 0.037327
0.62561 0.030935
0.96507 0.039866
0.66738 0.036584
0.92635 0.036826
0.96365 0.025545
0.97477 0.026584
0.96811 0.027521
0.9695 0.028396
0.86804 0.03676
0.62057 0.038467
0.63487 0.028336
0.97596 0.027104
0.65903 0.036295
0.97629 0.027151
0.97625 0.027249
0.97614 0.026961
0.63195 0.025976
0.97558 0.026548
0.78281 0.038614
0.95098 0.038848
0.97552 0.026514
0.7726 0.037963
0.97029 0.025325
0.85075 0.038812
0.96907 0.025168
0.97129 0.025453
0.96632 0.024908
0.65627 0.031728
0.95705 0.039341
0.70127 0.038167
0.95727 0.024339
0.96235 0.024594
0.96031 0.024488
0.6562 0.028033
0.93904 0.038513
0.67115 0.033393
0.89587 0.039508
0.95255 0.024314
0.67687 0.038949
0.8654 0.037899
0.7227 0.039165
0.93477 0.025328
0.93259 0.024085
0.93561 0.025392
0.6827 0.040119
0.94336 0.026491
0.68193 0.037197
0.9474 0.02756
0.94606 0.027014
0.94735 0.027533
0.6825 0.036849
0.95181 0.029159
0.69207 0.038113
0.83108 0.038374
0.95097 0.028911
0.95554 0.032737
0.69313 0.035994
0.80181 0.03804
0.69047 0.031448
0.94043 0.03521
0.95003 0.034306
0.94222 0.035711
0.69523 0.029416
0.74072 0.038518
0.69687 0.023458
0.73509 0.038056
0.92767 0.033784
0.92556 0.033563
0.70549 0.026639
0.92231 0.033583
0.71561 0.026232
0.74413 0.038971
0.91968 0.033436
0.9155 0.033176
0.72851 0.037157
0.75834 0.038566
0.72606 0.02434
0.81242 0.039916
0.90965 0.032333
0.91286 0.032373
0.74291 0.033099
0.91204 0.032115
0.75604 0.035039
0.78187 0.037333
0.91225 0.032179
0.91119 0.031727
0.74241 0.026459
0.81121 0.039444
0.75371 0.026225
0.7809 0.03524
0.90655 0.031674
0.77006 0.029893
0.79761 0.038174
0.76144 0.0254
0.79461 0.03732
0.88373 0.039399
0.8741 0.038847
0.77533 0.027159
0.80413 0.0348
0.78376 0.026508
0.82128 0.039544
0.87159 0.03777
0.87262 0.038697
0.79106 0.028563
0.87434 0.038823
0.81574 0.034853
0.82031 0.039483
0.87568 0.038831
0.8832 0.03902
0.81661 0.033003
0.84524 0.035115
0.82126 0.032871
0.83692 0.030163
0.88041 0.036636
0.87734 0.035102
0.81933 0.027397
0.842 0.031688
0.82736 0.023011
0.85645 0.03098
0.87491 0.032569
0.8756 0.030164
0.84284 0.024595
0.86159 0.028297
0.85119 0.023268
0.87859 0.025103
0.87568 0.027926
0.87604 0.026774
0.86843 0.022199
0.88502 0.023899
0.95076 0.02034
0.95023 0.022114
