348
0.067552 0.020645
0.043664 0.023894
0.133 0.020511
0.068727 0.023814
0.030003 0.024504
0.069705 0.023829
0.16037 0.020896
0.16902 0.0228
0.19469 0.021527
0.11953 0.026627
0.11427 0.025239
0.12006 0.026827
0.2124 0.023988
0.1996 0.025711
0.21741 0.026221
0.13763 0.026503
0.12842 0.027441
0.13625 0.026638
0.22669 0.027995
0.14205 0.026902
0.2329 0.027091
0.21164 0.037647
0.14033 0.027228
0.13304 0.028956
0.23217 0.029958
0.13317 0.029435
0.25597 0.024554
0.22891 0.034268
0.13058 0.029621
0.1389 0.028744
0.26797 0.026259
0.15372 0.029178
0.28009 0.02512
0.23076 0.036598
0.15346 0.029011
0.14873 0.029111
0.28916 0.023897
0.13501 0.030236
0.30248 0.025583
0.2645 0.031854
0.13194 0.030857
0.31092 0.021482
0.10973 0.028268
0.31781 0.026138
0.28115 0.031484
0.10744 0.027714
0.31881 0.02963
0.11289 0.029561
0.33397 0.023377
0.12942 0.032136
0.12747 0.032409
0.33836 0.027361
0.29116 0.034453
0.33777 0.029346
0.30552 0.03702
0.15734 0.03341
0.35303 0.027643
0.31234 0.03881
0.35808 0.028983
0.14359 0.031111
0.15283 0.032098
0.1459 0.031183
0.36781 0.028765
0.13135 0.032821
0.38563 0.026061
0.12684 0.033635
0.13133 0.032826
0.12674 0.033654
0.37872 0.030142
0.10189 0.02747
0.38104 0.032374
0.2886 0.037551
0.11573 0.031795
0.090402 0.027068
0.39908 0.027026
0.062835 0.029073
0.40454 0.026868
0.23949 0.038727
0.068341 0.028579
0.049124 0.030512
0.40798 0.027213
0.16238 0.038704
0.39726 0.038632
0.26347 0.038691
0.040376 0.030042
0.030964 0.027982
0.359 0.036941
0.1793 0.040478
0.40883 0.036938
0.19086 0.038307
0.02727 0.028769
0.026058 0.032253
0.35135 0.038095
0.072332 0.030337
0.41762 0.030964
0.031679 0.037403
0.02864 0.0365
0.031762 0.037481
0.38445 0.040189
0.049624 0.032404
0.25202 0.038669
0.072276 0.033143
0.031991 0.037646
0.033367 0.03847
0.4171 0.041245
0.034273 0.039313
0.41533 0.046508
0.08548 0.02905
0.035424 0.039842
0.41768 0.046819
0.046374 0.034292
0.42104 0.040298
0.085377 0.029648
0.037247 0.039708
0.42064 0.049201
0.040807 0.039185
0.3918 0.04435
0.11969 0.035842
0.043671 0.038801
0.049569 0.037766
0.37526 0.039535
0.16241 0.039637
0.42944 0.029138
0.094679 0.032287
0.13313 0.039637
0.08994 0.034454
0.38298 0.041817
0.43035 0.03097
0.33754 0.039251
0.44595 0.023814
0.44482 0.030911
0.4346 0.039408
0.10534 0.03518
0.44935 0.039583
0.34262 0.03959
0.086218 0.034982
0.084497 0.035279
0.46127 0.038778
0.4597 0.043597
0.43996 0.047325
0.44833 0.048515
0.46513 0.049494
0.46649 0.052735
0.46338 0.054113
0.46744 0.068274
0.47164 0.068693
0.47782 0.065826
0.47565 0.023469
0.48106 0.026826
0.48931 0.021301
0.50118 0.022596
0.46688 0.027548
0.49174 0.026271
0.47289 0.040219
0.47328 0.043603
0.48867 0.038195
0.49771 0.023887
0.4875 0.054947
0.49143 0.062431
0.49223 0.041849
0.49613 0.027032
0.48733 0.063977
0.49475 0.070202
0.49265 0.034731
0.49445 0.034938
0.4948 0.069927
0.49897 0.076894
0.49957 0.029694
0.495 0.045266
0.49894 0.077975
0.49719 0.031613
0.52515 0.022059
0.51682 0.021593
0.5655 0.020471
0.53733 0.02377
0.55206 0.025608
0.50658 0.021939
0.52954 0.036004
0.51574 0.025147
0.51404 0.025864
0.53935 0.034175
0.54009 0.038645
0.51029 0.025472
0.52098 0.03242
0.52718 0.048947
0.53582 0.048433
0.51151 0.029079
0.52231 0.041391
0.51917 0.061256
0.52256 0.072118
0.52075 0.0402
0.50888 0.030871
0.51578 0.06052
0.50062 0.076634
0.50449 0.030562
0.51615 0.070494
0.57572 0.021363
0.57723 0.027546
0.58927 0.033496
0.66188 0.041232
0.57923 0.038488
0.62908 0.041041
0.57138 0.044345
0.55284 0.03519
0.89844 0.041085
0.55604 0.038849
0.55059 0.042871
0.97182 0.042277
0.97332 0.033455
0.54344 0.046871
0.54596 0.050655
0.91646 0.038327
0.60269 0.039346
0.53115 0.058727
0.5006 0.076732
0.56037 0.053367
0.55034 0.052559
0.59785 0.032952
0.96424 0.045229
0.63542 0.040531
0.92552 0.037606
0.96782 0.027363
0.9762 0.029073
0.97135 0.030112
0.97232 0.031332
0.85652 0.042181
0.58677 0.04371
0.60522 0.031946
0.97707 0.02979
0.62906 0.03813
0.97731 0.029854
0.97728 0.029989
0.9772 0.029593
0.60476 0.027675
0.9768 0.029024
0.75459 0.038514
0.95093 0.044729
0.97675 0.028977
0.74692 0.038749
0.97295 0.027179
0.83182 0.042392
0.97207 0.02698
0.97368 0.027372
0.96999 0.02657
0.62535 0.033246
0.95694 0.044021
0.66587 0.039578
0.96314 0.025538
0.96677 0.026081
0.96528 0.025854
0.62389 0.029313
0.93623 0.03927
0.63715 0.034715
0.89459 0.041219
0.9595 0.025112
0.64382 0.037648
0.85266 0.040964
0.68332 0.037002
0.94359 0.026187
0.94172 0.024601
0.94431 0.026275
0.6531 0.041288
0.95075 0.027253
0.64988 0.037361
0.95465 0.028481
0.95324 0.027911
0.9546 0.028452
0.65038 0.037022
0.95868 0.030743
0.65897 0.037997
0.81729 0.041374
0.95799 0.030319
0.96014 0.035176
0.65901 0.036107
0.78528 0.038579
0.65586 0.031965
0.94497 0.035843
0.95465 0.036652
0.94755 0.036094
0.65846 0.029989
0.7152 0.037103
0.65965 0.023768
0.71053 0.036117
0.93173 0.034388
0.93057 0.033841
0.66848 0.026938
0.92789 0.033179
0.6778 0.026306
0.71789 0.035553
0.92624 0.032829
0.92371 0.032368
0.69988 0.03009
0.72826 0.036805
0.6889 0.023173
0.79386 0.038887
0.91731 0.031796
0.92149 0.031636
0.71635 0.030406
0.92064 0.031473
0.72651 0.031881
0.7555 0.034692
0.92087 0.031511
0.9198 0.031236
0.71575 0.025185
0.793 0.037759
0.72629 0.025143
0.75571 0.032937
0.9145 0.031087
0.74785 0.029153
0.78161 0.034513
0.73843 0.024133
0.77748 0.033127
0.88092 0.041001
0.87214 0.041615
0.75373 0.027014
0.78735 0.03324
0.76249 0.025551
0.80796 0.03896
0.86574 0.041399
0.86953 0.040518
0.77268 0.02659
0.87327 0.040051
0.79926 0.031609
0.80692 0.036142
0.87492 0.039859
0.88452 0.036573
0.80083 0.030396
0.82973 0.034175
0.80857 0.031367
0.82274 0.032047
0.88411 0.035021
0.88218 0.033773
0.80647 0.026452
0.82785 0.031611
0.81481 0.023099
0.84293 0.029044
0.88069 0.031988
0.88425 0.03025
0.82832 0.024517
0.84863 0.027465
0.83663 0.023063
0.89009 0.025564
0.88618 0.028373
0.887 0.027238
0.86115 0.022926
0.8945 0.024255
0.95799 0.020392
0.9575 0.022419
