348
0.076422 0.02053
0.047305 0.023247
0.15346 0.020475
0.07785 0.023128
0.031403 0.02395
0.07904 0.023135
0.18391 0.020729
0.1952 0.022011
0.22766 0.021692
0.13896 0.026002
0.13309 0.024646
0.13953 0.026195
0.2416 0.025401
0.23166 0.02687
0.24524 0.028723
0.15842 0.02602
0.14855 0.026912
0.15694 0.026153
0.25172 0.031234
0.16321 0.026345
0.2562 0.030091
0.23727 0.043505
0.16135 0.026665
0.15351 0.028317
0.25466 0.034204
0.15364 0.028763
0.27252 0.02624
0.25021 0.040368
0.15087 0.028941
0.15979 0.028081
0.28151 0.028135
0.17608 0.027948
0.29102 0.02638
0.25018 0.043172
0.17579 0.02782
0.17053 0.028187
0.2985 0.024644
0.15561 0.029497
0.30988 0.026505
0.27749 0.035955
0.15231 0.030087
0.31718 0.021649
0.12787 0.027194
0.32326 0.026398
0.29078 0.034397
0.12522 0.026646
0.32419 0.029954
0.13151 0.02843
0.33995 0.023564
0.14961 0.031279
0.14752 0.03151
0.34424 0.028423
0.29803 0.03737
0.34367 0.030572
0.30986 0.039853
0.18001 0.031283
0.35511 0.031484
0.3159 0.040453
0.35811 0.033737
0.16487 0.030178
0.17498 0.030555
0.16738 0.030175
0.36435 0.032436
0.15168 0.031912
0.37951 0.026453
0.14683 0.032633
0.15165 0.031917
0.14673 0.032648
0.37316 0.031543
0.11872 0.026282
0.37491 0.033575
0.2946 0.041197
0.13474 0.030523
0.10472 0.025701
0.39227 0.02776
0.070686 0.027473
0.3971 0.02738
0.25533 0.04536
0.077381 0.027039
0.053996 0.028609
0.40019 0.027518
0.18597 0.03489
0.39013 0.040462
0.27364 0.044485
0.043275 0.028478
0.032498 0.026975
0.35647 0.045563
0.21138 0.035004
0.3995 0.037672
0.22453 0.039157
0.028287 0.027693
0.026906 0.030748
0.35201 0.045436
0.082237 0.028428
0.40997 0.030247
0.033313 0.035168
0.029849 0.034475
0.033408 0.035231
0.3773 0.041681
0.054609 0.030152
0.26483 0.044792
0.082168 0.030717
0.033669 0.035362
0.035237 0.035998
0.40681 0.040252
0.03627 0.036674
0.40394 0.045846
0.098556 0.027247
0.037582 0.037059
0.40625 0.045661
0.050626 0.031795
0.41118 0.038855
0.098426 0.027727
0.03966 0.036831
0.40873 0.047767
0.043803 0.036171
0.38563 0.044505
0.13912 0.034356
0.047313 0.035676
0.054541 0.034541
0.36675 0.044536
0.18594 0.035636
0.4233 0.028053
0.11005 0.030052
0.15352 0.038237
0.10414 0.031642
0.37533 0.043188
0.42386 0.029679
0.34198 0.041271
0.44279 0.023095
0.44047 0.028925
0.42518 0.037484
0.12278 0.032957
0.44149 0.03592
0.3462 0.043466
0.09948 0.031998
0.097325 0.03224
0.45843 0.034932
0.45426 0.038124
0.42448 0.046651
0.43179 0.044815
0.46015 0.041482
0.45911 0.043419
0.44927 0.044813
0.42944 0.052494
0.4501 0.048859
0.47794 0.051828
0.47981 0.022843
0.48628 0.025664
0.49622 0.021119
0.50913 0.022682
0.46888 0.026053
0.49915 0.025607
0.47481 0.036141
0.47502 0.038363
0.49598 0.035657
0.50594 0.023822
0.49364 0.045203
0.49606 0.048358
0.50192 0.038519
0.50427 0.026745
0.48972 0.051659
0.49712 0.052469
0.50101 0.033471
0.50343 0.034092
0.4974 0.05224
0.5029 0.054705
0.50781 0.0298
0.50595 0.040274
0.5028 0.055223
0.50587 0.031376
0.5301 0.022271
0.52283 0.021812
0.56244 0.020588
0.54156 0.024371
0.55296 0.027698
0.51388 0.022155
0.53359 0.037163
0.5219 0.025877
0.52043 0.026735
0.54505 0.036992
0.54698 0.042008
0.51715 0.026364
0.52515 0.033859
0.52719 0.044314
0.54122 0.047012
0.51808 0.030508
0.5238 0.040604
0.52425 0.04835
0.54027 0.058385
0.52286 0.04011
0.51567 0.032577
0.52131 0.047043
0.50592 0.054072
0.51206 0.031377
0.52689 0.054242
0.57171 0.021473
0.57313 0.028018
0.58777 0.033263
0.65416 0.045441
0.58119 0.039121
0.62006 0.044545
0.58449 0.046654
0.55675 0.040367
0.85993 0.03516
0.56119 0.044261
0.55889 0.048198
0.96613 0.033453
0.96887 0.028132
0.55385 0.050271
0.56363 0.052575
0.87876 0.034642
0.60535 0.042661
0.54299 0.053633
0.50587 0.05413
0.61287 0.056323
0.58578 0.052569
0.5964 0.03313
0.9533 0.035299
0.62588 0.042262
0.89022 0.032866
0.95986 0.024484
0.97373 0.025489
0.96571 0.026116
0.96729 0.026843
0.80052 0.038797
0.59243 0.044037
0.60318 0.033537
0.97515 0.025923
0.62016 0.041257
0.97555 0.025962
0.9755 0.026044
0.97536 0.025804
0.60084 0.028527
0.9747 0.02546
0.71379 0.043036
0.92864 0.033523
0.97463 0.025431
0.7077 0.043728
0.96835 0.024334
0.77779 0.041668
0.96689 0.024217
0.96955 0.024459
0.96346 0.023984
0.61732 0.035643
0.94105 0.033991
0.65726 0.044815
0.95214 0.023404
0.9581 0.023711
0.95559 0.023583
0.6163 0.031025
0.9042 0.032707
0.62789 0.03587
0.85303 0.034514
0.94631 0.023164
0.63444 0.038432
0.79636 0.039392
0.67098 0.049256
0.91796 0.02359
0.91496 0.022759
0.91917 0.023607
0.64564 0.043079
0.93179 0.024114
0.64125 0.037889
0.93857 0.024901
0.93628 0.024521
0.93848 0.024882
0.64177 0.037589
0.94498 0.026631
0.65097 0.041167
0.76321 0.043583
0.9439 0.026299
0.94696 0.02939
0.65058 0.038839
0.73657 0.04324
0.64663 0.033177
0.91854 0.0291
0.93776 0.029587
0.92332 0.029084
0.6488 0.031401
0.68485 0.048393
0.64985 0.024378
0.68213 0.04876
0.899 0.030007
0.89751 0.029708
0.65659 0.028897
0.894 0.029405
0.66385 0.028956
0.68625 0.04562
0.89185 0.029281
0.88853 0.029183
0.67628 0.041814
0.69319 0.044158
0.67096 0.025925
0.74468 0.04293
0.8802 0.029398
0.88565 0.028869
0.68432 0.037986
0.88454 0.02884
0.69113 0.037776
0.71357 0.038546
0.88485 0.028843
0.88346 0.028741
0.68363 0.029078
0.74369 0.04199
0.69039 0.027745
0.71331 0.036285
0.87676 0.028985
0.70624 0.031823
0.73322 0.038949
0.699 0.025606
0.72998 0.037435
0.83086 0.036507
0.82095 0.036426
0.71075 0.028879
0.73756 0.036625
0.71777 0.027065
0.75628 0.043361
0.81308 0.036215
0.81792 0.035479
0.72572 0.028604
0.82229 0.035356
0.74757 0.034786
0.75473 0.04067
0.82416 0.035438
0.83575 0.032684
0.74846 0.033355
0.77383 0.033803
0.75453 0.034315
0.76642 0.032288
0.83547 0.031533
0.83332 0.030777
0.75208 0.028226
0.77143 0.031339
0.75876 0.023583
0.78654 0.029421
0.83175 0.02947
0.83621 0.027824
0.77187 0.024403
0.79192 0.027405
0.78058 0.023075
0.84398 0.023983
0.83862 0.026255
0.83969 0.025359
0.80615 0.022287
0.85074 0.02293
0.9439 0.020239
0.94312 0.021464
