348
0.077464 0.020706
0.053349 0.023217
0.13589 0.020531
0.078698 0.024174
0.035193 0.02304
0.079653 0.024183
0.16011 0.020872
0.17024 0.022329
0.19506 0.021915
0.12299 0.027439
0.11846 0.026189
0.12344 0.027633
0.20975 0.024974
0.19921 0.027368
0.21375 0.027996
0.14068 0.027141
0.13123 0.027677
0.13895 0.027114
0.21983 0.030883
0.14461 0.027904
0.22501 0.030171
0.20174 0.039652
0.14321 0.028201
0.1359 0.02933
0.22104 0.033806
0.13594 0.029853
0.24269 0.026399
0.21439 0.039756
0.13343 0.030022
0.14165 0.02982
0.25001 0.030177
0.15318 0.031308
0.25737 0.027838
0.21365 0.039917
0.15302 0.031102
0.14884 0.030466
0.26303 0.024948
0.13726 0.030794
0.2756 0.025679
0.244 0.038832
0.13423 0.031535
0.284 0.021619
0.11425 0.030146
0.29057 0.026685
0.25616 0.038419
0.11256 0.029093
0.29233 0.031008
0.11575 0.031711
0.30274 0.024162
0.13066 0.032575
0.1275 0.033185
0.30661 0.02859
0.26299 0.038471
0.30654 0.031129
0.27979 0.036938
0.15421 0.037143
0.32144 0.028483
0.28803 0.038573
0.32636 0.03065
0.14468 0.033058
0.1504 0.034472
0.14615 0.033092
0.33436 0.031154
0.13279 0.033638
0.3502 0.02522
0.12554 0.034607
0.13275 0.033633
0.12542 0.03463
0.34252 0.029935
0.10787 0.028638
0.34479 0.032048
0.25826 0.039802
0.11579 0.034401
0.097658 0.028027
0.36727 0.026234
0.071649 0.029973
0.37226 0.026771
0.21749 0.039861
0.077569 0.02975
0.058512 0.030025
0.37503 0.026785
0.15464 0.037962
0.36471 0.03697
0.23951 0.040826
0.050349 0.028038
0.037229 0.025512
0.33014 0.038163
0.17427 0.035423
0.37371 0.036826
0.18352 0.039569
0.031484 0.02578
0.029388 0.027924
0.32428 0.037924
0.078902 0.032136
0.3869 0.028978
0.034895 0.031624
0.031662 0.030446
0.034945 0.031696
0.34956 0.037404
0.056676 0.031674
0.22703 0.04101
0.07421 0.035805
0.035104 0.031864
0.03604 0.03276
0.38322 0.037408
0.036404 0.033528
0.3801 0.038819
0.092318 0.031115
0.037179 0.03396
0.38406 0.038983
0.051281 0.032134
0.39304 0.03652
0.091539 0.031994
0.038885 0.034179
0.39291 0.037681
0.041533 0.034433
0.35839 0.037056
0.11513 0.03702
0.044399 0.034667
0.050225 0.03518
0.34033 0.037727
0.1539 0.037778
0.40016 0.026762
0.098058 0.035138
0.1313 0.037699
0.088784 0.03608
0.34666 0.037677
0.40059 0.02788
0.30812 0.039977
0.40742 0.02242
0.40681 0.026377
0.40282 0.033272
0.10314 0.035894
0.40907 0.033338
0.31427 0.039656
0.084662 0.03555
0.082901 0.035496
0.42523 0.032196
0.4205 0.034927
0.40433 0.037542
0.4085 0.035678
0.43086 0.039387
0.43052 0.03939
0.41537 0.038108
0.40865 0.036771
0.41629 0.038158
0.44653 0.040432
0.44926 0.02191
0.45703 0.024537
0.47027 0.020745
0.49468 0.021855
0.43296 0.025602
0.47537 0.023209
0.43972 0.031629
0.44019 0.033758
0.47041 0.030484
0.48905 0.022242
0.46685 0.038137
0.47139 0.038838
0.48119 0.029702
0.48564 0.023728
0.46176 0.039501
0.47599 0.038838
0.47864 0.027338
0.48378 0.027464
0.47678 0.038777
0.49334 0.039475
0.4928 0.026257
0.49221 0.032099
0.4932 0.039459
0.48889 0.026665
0.52024 0.021507
0.50936 0.021424
0.57371 0.020314
0.53717 0.022788
0.55759 0.024682
0.49993 0.021806
0.52577 0.031424
0.50817 0.024665
0.50656 0.02547
0.54345 0.029815
0.54904 0.033158
0.50329 0.025696
0.51297 0.030058
0.51817 0.037863
0.53847 0.036916
0.50421 0.029197
0.51306 0.036016
0.5154 0.041016
0.53859 0.039883
0.51221 0.036182
0.50275 0.031201
0.51346 0.041088
0.50117 0.040744
0.49783 0.028998
0.51863 0.041313
0.58893 0.021102
0.59043 0.026114
0.6102 0.029668
0.6992 0.03704
0.59744 0.034493
0.65152 0.03528
0.60029 0.039072
0.56336 0.032418
0.9076 0.039808
0.57379 0.033295
0.56897 0.036332
0.9722 0.038467
0.97153 0.030693
0.56111 0.037659
0.57906 0.037975
0.92326 0.039354
0.62572 0.035631
0.54365 0.038364
0.50113 0.040744
0.63388 0.038634
0.60304 0.039374
0.61989 0.031761
0.96881 0.041668
0.66242 0.034626
0.93029 0.03851
0.96469 0.026005
0.9751 0.027031
0.96887 0.028118
0.97017 0.029053
0.87419 0.037025
0.61588 0.040145
0.62826 0.028838
0.97621 0.027587
0.65306 0.034621
0.97653 0.027637
0.97649 0.027741
0.97638 0.027434
0.62543 0.026245
0.97587 0.026993
0.78806 0.038189
0.95627 0.040636
0.97581 0.026957
0.7788 0.038734
0.9709 0.025721
0.85577 0.039927
0.96977 0.025575
0.97184 0.025825
0.96719 0.025304
0.65001 0.03037
0.96303 0.041452
0.70524 0.038209
0.95905 0.024726
0.9635 0.02498
0.96179 0.024879
0.64989 0.027101
0.942 0.039824
0.66642 0.031567
0.9033 0.039354
0.95461 0.02471
0.67311 0.035645
0.87162 0.037977
0.72657 0.037983
0.93781 0.025724
0.93581 0.024402
0.93858 0.025785
0.68086 0.036082
0.94598 0.026885
0.67974 0.033684
0.94977 0.027972
0.94852 0.02741
0.94972 0.027944
0.68062 0.033487
0.95392 0.029945
0.69427 0.035663
0.83962 0.038417
0.95313 0.02958
0.95877 0.034026
0.69517 0.034031
0.80624 0.039082
0.69132 0.029611
0.94328 0.036264
0.95371 0.035362
0.94558 0.036754
0.69629 0.028475
0.7465 0.036648
0.69814 0.02321
0.73934 0.036609
0.93143 0.035236
0.92948 0.034863
0.70679 0.026869
0.92648 0.034762
0.71611 0.026234
0.75138 0.036543
0.92435 0.034501
0.92017 0.034049
0.73239 0.035999
0.76761 0.038346
0.72734 0.024129
0.81597 0.039275
0.91464 0.032726
0.91768 0.033087
0.74698 0.032022
0.91689 0.032781
0.76305 0.034365
0.78684 0.037101
0.9171 0.032859
0.91606 0.032283
0.74443 0.025955
0.81465 0.039095
0.75706 0.025507
0.78546 0.034929
0.91167 0.032102
0.77443 0.030227
0.80276 0.03886
0.76606 0.025143
0.80005 0.037817
0.89138 0.038344
0.88185 0.038639
0.77935 0.027416
0.80827 0.035524
0.78753 0.026409
0.82777 0.03755
0.87843 0.038186
0.8799 0.038703
0.79552 0.028437
0.88212 0.038606
0.81971 0.033941
0.82621 0.03764
0.88361 0.038511
0.89073 0.038043
0.82063 0.032081
0.85079 0.036794
0.8265 0.031604
0.84318 0.030729
0.88724 0.036134
0.8838 0.034892
0.82358 0.026676
0.84776 0.032789
0.83287 0.022722
0.86078 0.031167
0.8801 0.032539
0.88006 0.03008
0.84805 0.024992
0.8662 0.028326
0.85556 0.023392
0.88296 0.024978
0.87987 0.027857
0.88024 0.026702
0.87275 0.022205
0.88963 0.02367
0.95293 0.020365
0.95244 0.022253
