348
0.064056 0.020883
0.043952 0.024079
0.11553 0.020588
0.064979 0.025253
0.030564 0.024323
0.065694 0.025294
0.13621 0.020994
0.14465 0.022963
0.16847 0.021803
0.10268 0.027656
0.097979 0.026617
0.10311 0.027826
0.183 0.024956
0.17259 0.027111
0.18704 0.027672
0.11961 0.028159
0.11083 0.028104
0.11832 0.028039
0.19343 0.029708
0.12259 0.029239
0.19968 0.028603
0.17575 0.03979
0.12148 0.029514
0.1157 0.030333
0.1951 0.032035
0.11595 0.030924
0.21997 0.025431
0.1882 0.038054
0.11347 0.030902
0.12057 0.031293
0.22935 0.027963
0.12943 0.032695
0.23912 0.026505
0.18742 0.038526
0.12933 0.03249
0.12608 0.032364
0.24584 0.024507
0.11758 0.032089
0.25798 0.02591
0.22256 0.035403
0.11485 0.032656
0.26587 0.021643
0.09435 0.031195
0.27252 0.026322
0.23965 0.035213
0.092732 0.030193
0.27424 0.030338
0.095983 0.032721
0.28562 0.023931
0.11153 0.033237
0.10845 0.033147
0.28961 0.028243
0.24706 0.036924
0.28936 0.030655
0.26171 0.037391
0.12947 0.038986
0.30515 0.028651
0.26983 0.038575
0.3095 0.031132
0.12314 0.035274
0.12712 0.036841
0.12419 0.035422
0.31682 0.031814
0.11418 0.034842
0.33228 0.025657
0.10699 0.034549
0.11414 0.034833
0.10687 0.034582
0.32474 0.030698
0.08865 0.030029
0.32696 0.033019
0.24284 0.037327
0.09655 0.035546
0.079842 0.029636
0.34803 0.02612
0.059719 0.032148
0.3531 0.026455
0.19134 0.03756
0.064123 0.032191
0.048311 0.032069
0.35614 0.026659
0.12966 0.040358
0.34505 0.037041
0.21714 0.037573
0.041478 0.030448
0.031979 0.027747
0.31174 0.038941
0.14511 0.040124
0.35383 0.036239
0.15184 0.040149
0.027985 0.028308
0.026439 0.031396
0.30585 0.038098
0.065104 0.035283
0.36784 0.029368
0.030235 0.036465
0.028004 0.035013
0.03027 0.036559
0.33167 0.038277
0.04694 0.034202
0.20342 0.037713
0.062273 0.039478
0.030382 0.036774
0.031041 0.037917
0.3636 0.037459
0.031301 0.038929
0.36113 0.038488
0.074761 0.033457
0.031851 0.039443
0.364 0.039234
0.042417 0.0355
0.37234 0.037426
0.074033 0.034514
0.033059 0.039539
0.37199 0.038698
0.034956 0.039555
0.33869 0.037914
0.09642 0.038495
0.03704 0.039522
0.041653 0.039593
0.32203 0.038687
0.1292 0.040421
0.38047 0.026716
0.078599 0.037854
0.11426 0.039331
0.071472 0.03959
0.32891 0.038749
0.38087 0.027822
0.29033 0.039931
0.38828 0.02241
0.38765 0.026338
0.38228 0.033097
0.084106 0.03848
0.3896 0.033338
0.29574 0.038857
0.068739 0.039939
0.067619 0.039894
0.40512 0.033175
0.40043 0.03592
0.38324 0.037187
0.38871 0.03563
0.40974 0.039814
0.40943 0.03995
0.3959 0.038863
0.38875 0.036719
0.39665 0.039009
0.42742 0.037436
0.42985 0.021611
0.43977 0.023755
0.45475 0.020643
0.48424 0.021428
0.41236 0.025663
0.46046 0.022785
0.4193 0.031107
0.41982 0.032941
0.45497 0.02902
0.47684 0.021838
0.45189 0.035629
0.45581 0.036065
0.46781 0.028094
0.47261 0.023031
0.44703 0.036944
0.45988 0.036298
0.46468 0.026266
0.47042 0.026112
0.46071 0.036186
0.47787 0.035556
0.48178 0.024951
0.48005 0.029719
0.47768 0.035591
0.47663 0.025461
0.51823 0.021125
0.50394 0.021058
0.57711 0.020315
0.54147 0.022353
0.56175 0.024855
0.49061 0.021352
0.52584 0.028354
0.50231 0.023484
0.50003 0.024093
0.54803 0.029223
0.55376 0.033324
0.49526 0.024274
0.50862 0.027582
0.5157 0.033234
0.54433 0.034673
0.49667 0.026897
0.50793 0.031998
0.51093 0.035823
0.54496 0.037479
0.5067 0.032037
0.49403 0.028398
0.50783 0.035951
0.48744 0.035367
0.48807 0.02676
0.51674 0.036028
0.59327 0.020994
0.59487 0.025457
0.61691 0.028999
0.69803 0.036997
0.60255 0.033061
0.65789 0.03804
0.60555 0.036923
0.5671 0.032951
0.90241 0.039687
0.577 0.03328
0.57227 0.037125
0.97042 0.037292
0.97098 0.030044
0.56479 0.038563
0.58232 0.037354
0.91901 0.038452
0.63309 0.034986
0.54931 0.037291
0.48737 0.035373
0.64131 0.03806
0.60775 0.037089
0.62688 0.030966
0.96514 0.039987
0.66707 0.037323
0.92689 0.037194
0.96374 0.02558
0.9748 0.026618
0.96818 0.027562
0.96956 0.028441
0.8685 0.035911
0.62187 0.038428
0.63608 0.028462
0.97598 0.027141
0.65928 0.036971
0.97631 0.027188
0.97627 0.027286
0.97616 0.026997
0.63318 0.026039
0.97561 0.026582
0.78288 0.039096
0.95116 0.039008
0.97555 0.026548
0.77307 0.038251
0.97034 0.025353
0.85101 0.039031
0.96913 0.025196
0.97133 0.025481
0.96639 0.024936
0.65678 0.032202
0.95718 0.039486
0.70402 0.037606
0.95739 0.024371
0.96244 0.024624
0.96042 0.024519
0.65676 0.028357
0.93933 0.038785
0.67082 0.033894
0.89713 0.03961
0.95271 0.02435
0.67571 0.038831
0.8657 0.037161
0.72442 0.039633
0.93514 0.02542
0.93301 0.02416
0.93597 0.025482
0.68163 0.039038
0.94361 0.026571
0.68097 0.036368
0.94761 0.027636
0.94629 0.02709
0.94756 0.02761
0.6817 0.035949
0.95198 0.029236
0.69336 0.036349
0.83239 0.039301
0.95115 0.028987
0.95568 0.032835
0.69456 0.034553
0.80111 0.037564
0.69134 0.0302
0.9407 0.035422
0.95022 0.03443
0.94248 0.035915
0.6967 0.028695
0.74177 0.038836
0.69856 0.023234
0.73632 0.038431
0.92818 0.034075
0.92612 0.033866
0.70734 0.026603
0.92293 0.033912
0.71725 0.026377
0.74514 0.039256
0.92035 0.033782
0.9163 0.033548
0.72996 0.037587
0.75917 0.038794
0.72744 0.024448
0.8136 0.038941
0.91063 0.03272
0.91374 0.032741
0.74393 0.033306
0.91295 0.032481
0.7569 0.035221
0.78205 0.037766
0.91315 0.032546
0.91212 0.032086
0.74344 0.026563
0.81214 0.038345
0.75461 0.026299
0.78122 0.035608
0.90762 0.031976
0.77075 0.030028
0.79678 0.038082
0.76225 0.025468
0.79403 0.037483
0.88491 0.038973
0.87492 0.037977
0.77595 0.027294
0.80406 0.034219
0.78419 0.026684
0.82348 0.039669
0.87226 0.036838
0.87335 0.037765
0.79126 0.028782
0.87518 0.037965
0.81716 0.034422
0.82257 0.039497
0.8766 0.038037
0.88438 0.038577
0.81799 0.032691
0.84556 0.035468
0.82278 0.032926
0.83735 0.030566
0.88157 0.036133
0.87835 0.034528
0.82063 0.027338
0.84229 0.032035
0.82826 0.023131
0.85648 0.030881
0.87578 0.032014
0.87651 0.029733
0.84306 0.024724
0.86165 0.02807
0.85129 0.023301
0.87968 0.024925
0.8766 0.027592
0.87698 0.026494
0.86891 0.022085
0.8862 0.023826
0.95094 0.020343
0.95042 0.022132
