348
0.07782 0.020631
0.051712 0.023168
0.13961 0.020612
0.079099 0.023732
0.033997 0.023243
0.080089 0.023744
0.16119 0.020998
0.16907 0.022992
0.19269 0.021867
0.12791 0.027795
0.12335 0.026223
0.12834 0.028028
0.20726 0.025034
0.19666 0.027178
0.21107 0.027866
0.14361 0.028232
0.13549 0.028608
0.14226 0.0282
0.21712 0.030527
0.14667 0.029079
0.22285 0.029168
0.19865 0.04003
0.14552 0.029443
0.13964 0.030749
0.21851 0.032987
0.13977 0.031339
0.24279 0.02546
0.21154 0.038746
0.13762 0.031508
0.14445 0.031294
0.25198 0.028346
0.15415 0.032245
0.26086 0.026742
0.21079 0.03904
0.15404 0.032041
0.15047 0.031776
0.26775 0.024515
0.1411 0.03239
0.28003 0.026229
0.24615 0.035661
0.13857 0.033211
0.28723 0.021741
0.11904 0.029846
0.29328 0.02662
0.26152 0.035732
0.11727 0.028758
0.295 0.030678
0.12107 0.031467
0.30676 0.023851
0.13569 0.034001
0.13307 0.034071
0.31081 0.028085
0.26905 0.036877
0.31053 0.030447
0.2835 0.03828
0.15404 0.038173
0.32687 0.02835
0.28995 0.039317
0.33137 0.030811
0.14681 0.034884
0.15139 0.035933
0.14805 0.03489
0.33882 0.032414
0.13769 0.035525
0.35284 0.026414
0.13173 0.035547
0.13766 0.035519
0.13163 0.035574
0.34582 0.031529
0.11233 0.028012
0.34801 0.034306
0.26467 0.037674
0.12184 0.034073
0.10086 0.026962
0.36625 0.027303
0.072102 0.028958
0.37046 0.027254
0.21446 0.038985
0.077793 0.028711
0.057581 0.029337
0.37297 0.027285
0.15424 0.039947
0.3638 0.04037
0.24027 0.037462
0.048881 0.028082
0.035872 0.025835
0.33383 0.038805
0.16918 0.040316
0.37056 0.038086
0.17564 0.039931
0.030579 0.026267
0.028653 0.028601
0.3278 0.037449
0.078919 0.030854
0.38468 0.029444
0.034558 0.032337
0.031198 0.031315
0.034624 0.032409
0.35298 0.040664
0.056392 0.03096
0.22534 0.038615
0.074957 0.03412
0.034819 0.032571
0.035971 0.033444
0.38005 0.038011
0.036537 0.034212
0.37688 0.039453
0.093293 0.029381
0.037472 0.034677
0.3805 0.039982
0.0515 0.031968
0.38968 0.037581
0.092145 0.030097
0.039301 0.034815
0.38942 0.039168
0.042191 0.034891
0.35893 0.040698
0.12185 0.036638
0.045488 0.03492
0.051895 0.035177
0.34383 0.039846
0.15369 0.039966
0.39675 0.027216
0.098801 0.032714
0.13716 0.040234
0.08806 0.033563
0.35027 0.041083
0.39713 0.028408
0.31118 0.039568
0.4039 0.022601
0.40332 0.026838
0.39916 0.034127
0.10604 0.0338
0.40557 0.034425
0.31665 0.038272
0.083879 0.033925
0.082195 0.033967
0.41934 0.033812
0.41536 0.037004
0.40079 0.038588
0.40503 0.03689
0.42393 0.040341
0.42362 0.040517
0.41166 0.040689
0.40519 0.03807
0.41232 0.040786
0.4408 0.038409
0.44365 0.021722
0.45261 0.024196
0.46576 0.020735
0.4909 0.021716
0.42652 0.025788
0.47072 0.023208
0.43338 0.031282
0.43385 0.03317
0.46589 0.030316
0.48474 0.022182
0.46249 0.037874
0.46594 0.038368
0.47713 0.029463
0.48124 0.023573
0.45787 0.039483
0.46953 0.038963
0.47439 0.02729
0.47939 0.027178
0.47029 0.03883
0.48522 0.03852
0.48885 0.025928
0.48733 0.0316
0.48506 0.038563
0.48458 0.026482
0.51961 0.021344
0.50744 0.02125
0.57251 0.020326
0.53855 0.022733
0.55756 0.025038
0.4962 0.021614
0.52598 0.030158
0.50605 0.024119
0.50411 0.024848
0.54438 0.030148
0.54943 0.034093
0.50007 0.025081
0.51142 0.028911
0.51773 0.035724
0.54032 0.036676
0.50124 0.028192
0.51088 0.034119
0.5136 0.038593
0.54051 0.039782
0.5098 0.034179
0.49901 0.029995
0.51082 0.038798
0.49316 0.038391
0.49409 0.028083
0.51881 0.039092
0.58787 0.021045
0.58942 0.02571
0.61061 0.029183
0.68725 0.038402
0.59627 0.03345
0.64799 0.040727
0.5984 0.037493
0.56237 0.033344
0.89996 0.038974
0.57198 0.033753
0.56705 0.037637
0.97022 0.036936
0.97079 0.029838
0.55982 0.039168
0.57661 0.037941
0.91751 0.037822
0.62648 0.036061
0.54452 0.038868
0.4931 0.038399
0.63367 0.040256
0.60045 0.037789
0.62046 0.031483
0.96483 0.039568
0.6562 0.036959
0.92566 0.036697
0.96339 0.025462
0.97469 0.026482
0.96793 0.027406
0.96934 0.028267
0.86729 0.037555
0.61445 0.038502
0.62896 0.029257
0.97589 0.026994
0.64919 0.039191
0.97623 0.02704
0.97619 0.027136
0.97607 0.026853
0.62643 0.026523
0.97552 0.026447
0.77817 0.039946
0.95054 0.03859
0.97545 0.026413
0.76802 0.038145
0.97013 0.025242
0.85024 0.037413
0.9689 0.025089
0.97115 0.025369
0.96611 0.024833
0.64721 0.03408
0.95669 0.039066
0.69238 0.038036
0.95692 0.024277
0.96208 0.024526
0.96 0.024423
0.6473 0.029645
0.93844 0.038327
0.66056 0.032752
0.8943 0.038955
0.95213 0.024255
0.66759 0.037027
0.86505 0.038423
0.71479 0.037261
0.93414 0.025282
0.93195 0.024053
0.93499 0.025344
0.67459 0.038892
0.94282 0.026417
0.67367 0.036038
0.94691 0.027464
0.94556 0.026928
0.94686 0.027438
0.6742 0.035791
0.95138 0.029034
0.68365 0.038332
0.82765 0.036192
0.95053 0.028789
0.95517 0.032558
0.68458 0.036175
0.79413 0.038275
0.68182 0.031481
0.93985 0.035051
0.94958 0.034113
0.94166 0.035538
0.68643 0.02951
0.73517 0.037339
0.68805 0.023485
0.72905 0.036713
0.92698 0.033681
0.92487 0.033458
0.69648 0.026484
0.92159 0.033473
0.70734 0.025695
0.73834 0.03792
0.91894 0.033324
0.9147 0.033061
0.72184 0.035411
0.75249 0.037314
0.71898 0.023921
0.80552 0.038074
0.90878 0.032208
0.91203 0.032261
0.73743 0.032326
0.9112 0.032005
0.75046 0.034079
0.7772 0.038542
0.91142 0.032069
0.91034 0.031619
0.73696 0.02607
0.80412 0.037874
0.7486 0.025977
0.77619 0.036277
0.90565 0.031509
0.76565 0.029912
0.79046 0.039152
0.75669 0.025188
0.78794 0.039033
0.88123 0.039366
0.87246 0.039675
0.77072 0.027543
0.79667 0.034652
0.77883 0.027013
0.81602 0.037244
0.87035 0.03876
0.87121 0.039649
0.78529 0.029407
0.87266 0.039629
0.80988 0.033123
0.81485 0.037191
0.8738 0.03952
0.8807 0.039036
0.81103 0.031487
0.84381 0.033702
0.81633 0.031363
0.83422 0.029049
0.87806 0.036873
0.87548 0.035529
0.81425 0.026533
0.84005 0.03052
0.82342 0.022656
0.85584 0.030582
0.87344 0.033065
0.87421 0.030529
0.84091 0.024142
0.86106 0.0283
0.85 0.023024
0.87705 0.025212
0.87432 0.028207
0.87465 0.027002
0.8675 0.022308
0.88354 0.02386
0.95032 0.020336
0.94978 0.022085
