348
0.063728 0.020864
0.043425 0.024116
0.11416 0.020613
0.064674 0.025131
0.0303 0.024434
0.065406 0.025166
0.13441 0.020996
0.14291 0.022921
0.16804 0.02164
0.10201 0.028011
0.097525 0.026872
0.10242 0.028195
0.18345 0.024843
0.17254 0.026649
0.18748 0.027622
0.11802 0.028437
0.10972 0.028558
0.1168 0.028335
0.19392 0.029801
0.12099 0.029498
0.20016 0.028824
0.17635 0.038654
0.11988 0.029802
0.11425 0.030767
0.1958 0.032232
0.11441 0.031376
0.21935 0.026096
0.18908 0.038072
0.11205 0.031408
0.11879 0.031655
0.22727 0.02939
0.12766 0.032877
0.23539 0.027492
0.18829 0.038422
0.12756 0.032671
0.1243 0.032624
0.24123 0.024945
0.11585 0.032548
0.25303 0.026051
0.22373 0.037794
0.11319 0.033203
0.2607 0.021669
0.093992 0.031578
0.26733 0.02638
0.23669 0.037414
0.092452 0.030506
0.26905 0.030359
0.095498 0.03321
0.2807 0.023738
0.10995 0.033961
0.10705 0.033914
0.28501 0.027732
0.24303 0.038367
0.28469 0.030005
0.25651 0.037749
0.12749 0.039281
0.30134 0.028766
0.26408 0.038818
0.30554 0.031616
0.1211 0.035688
0.12512 0.037172
0.12218 0.035808
0.3124 0.03246
0.11231 0.035494
0.32721 0.025794
0.10553 0.035382
0.11228 0.035486
0.10541 0.035415
0.31985 0.031115
0.088491 0.030262
0.32204 0.033475
0.23937 0.039387
0.095943 0.036202
0.079867 0.029673
0.34266 0.026196
0.059101 0.031957
0.34768 0.026514
0.19235 0.037763
0.063771 0.031922
0.04754 0.032124
0.35068 0.026755
0.12763 0.040606
0.34022 0.037335
0.21995 0.03976
0.040903 0.030579
0.03168 0.027933
0.30833 0.040056
0.14362 0.039858
0.34915 0.036395
0.14998 0.039661
0.027785 0.02852
0.026244 0.031688
0.30305 0.038515
0.064738 0.034921
0.36211 0.029831
0.0296 0.036931
0.027581 0.035398
0.029627 0.037029
0.3268 0.038742
0.045894 0.034308
0.20546 0.038462
0.061452 0.039118
0.029718 0.037251
0.030254 0.03842
0.35942 0.038191
0.030424 0.039465
0.35705 0.039137
0.07509 0.033374
0.030891 0.039968
0.36016 0.040044
0.041178 0.03573
0.36731 0.038583
0.074408 0.034407
0.031986 0.040036
0.36715 0.03993
0.033711 0.040018
0.33381 0.038343
0.09577 0.039302
0.035608 0.039953
0.03983 0.039897
0.31727 0.039562
0.12713 0.040652
0.37386 0.027177
0.079805 0.03792
0.11189 0.039963
0.071979 0.039329
0.32406 0.03934
0.37423 0.028351
0.28542 0.0388
0.38113 0.022528
0.38051 0.02666
0.37578 0.033933
0.084857 0.038745
0.38256 0.033949
0.29199 0.037894
0.068853 0.039274
0.067562 0.039276
0.3976 0.033296
0.3931 0.036188
0.37691 0.038239
0.38179 0.036379
0.40222 0.039844
0.40191 0.03999
0.38881 0.039351
0.38187 0.037518
0.38952 0.039457
0.42016 0.036894
0.4227 0.021554
0.43304 0.023582
0.44884 0.020609
0.47994 0.021353
0.40485 0.025644
0.45487 0.022639
0.41185 0.030912
0.41238 0.032703
0.44907 0.028542
0.47214 0.021743
0.44581 0.034802
0.44996 0.035215
0.46262 0.027676
0.46768 0.022876
0.44068 0.036089
0.45426 0.035443
0.45932 0.02594
0.46537 0.025798
0.45514 0.035338
0.47323 0.034751
0.47735 0.024692
0.47553 0.029213
0.47302 0.034784
0.47192 0.025179
0.51602 0.021046
0.50077 0.020996
0.57952 0.020295
0.54127 0.022175
0.56306 0.024526
0.48667 0.02128
0.52425 0.027701
0.49904 0.023282
0.49663 0.023859
0.54833 0.02857
0.55449 0.032405
0.49158 0.024039
0.50577 0.02712
0.51332 0.032346
0.54435 0.033594
0.49308 0.026514
0.50503 0.03127
0.50823 0.03484
0.54503 0.036202
0.50372 0.031313
0.49029 0.027942
0.50492 0.034985
0.48333 0.034555
0.48399 0.026403
0.51442 0.034934
0.59664 0.020947
0.59834 0.025215
0.62098 0.028976
0.69793 0.038136
0.6063 0.032653
0.66024 0.039306
0.60937 0.03648
0.5688 0.032087
0.90385 0.040137
0.5794 0.03246
0.57433 0.03602
0.96872 0.034938
0.96952 0.028648
0.56632 0.037317
0.58506 0.036336
0.91841 0.039592
0.63686 0.035511
0.54971 0.036081
0.48325 0.034561
0.64475 0.03904
0.61163 0.036707
0.63079 0.031187
0.96244 0.038177
0.6688 0.038476
0.92516 0.038617
0.9611 0.025134
0.97395 0.025695
0.96626 0.026666
0.96786 0.027341
0.86887 0.036781
0.6259 0.038587
0.63979 0.028818
0.97533 0.026145
0.6615 0.038153
0.97571 0.026186
0.97567 0.02627
0.97553 0.026022
0.63695 0.026252
0.9749 0.025665
0.78075 0.039596
0.94735 0.039767
0.97482 0.025635
0.77124 0.038636
0.96877 0.024621
0.85131 0.039342
0.96737 0.024538
0.96993 0.024717
0.96419 0.024427
0.6592 0.033064
0.95363 0.039139
0.70317 0.03903
0.95449 0.024264
0.9596 0.024308
0.95741 0.024292
0.65919 0.028948
0.93559 0.040167
0.67234 0.034789
0.89903 0.039834
0.94995 0.024422
0.67692 0.039955
0.86603 0.037999
0.7215 0.039835
0.93326 0.025841
0.93129 0.024508
0.93402 0.025896
0.68244 0.040066
0.94112 0.026931
0.68183 0.037263
0.945 0.027971
0.94372 0.027426
0.94495 0.027944
0.68253 0.03681
0.94924 0.029456
0.69355 0.037264
0.83147 0.036996
0.94843 0.02928
0.9526 0.032733
0.69475 0.035409
0.79826 0.037424
0.6918 0.030724
0.93737 0.036461
0.94695 0.035005
0.93892 0.036913
0.69692 0.029252
0.73987 0.039097
0.69868 0.023455
0.73429 0.038424
0.92652 0.035291
0.92471 0.034988
0.70674 0.027192
0.92188 0.034921
0.71582 0.026637
0.74324 0.039691
0.91963 0.034688
0.9159 0.034291
0.72767 0.037289
0.75748 0.039141
0.7261 0.024387
0.8106 0.037808
0.91054 0.033224
0.91348 0.033355
0.74238 0.03357
0.91271 0.033056
0.75516 0.035524
0.77995 0.038249
0.91291 0.033131
0.91191 0.032618
0.7421 0.026687
0.80922 0.037367
0.75299 0.026426
0.77915 0.03602
0.90764 0.032344
0.76893 0.030215
0.79418 0.038249
0.76052 0.025545
0.79153 0.037838
0.88588 0.039003
0.87533 0.038825
0.77406 0.027456
0.80134 0.033925
0.78204 0.02687
0.8206 0.037832
0.87265 0.037809
0.87376 0.03872
0.78892 0.029044
0.87558 0.038793
0.81474 0.033356
0.81954 0.03776
0.87699 0.038759
0.88528 0.038657
0.81583 0.031694
0.84628 0.035268
0.82098 0.031689
0.83815 0.029762
0.88196 0.036387
0.87847 0.034945
0.819 0.026671
0.84328 0.031577
0.82777 0.022756
0.85727 0.031216
0.87586 0.032464
0.87643 0.030043
0.84416 0.024573
0.86244 0.028412
0.85227 0.023363
0.87934 0.025011
0.87643 0.027828
0.87679 0.026686
0.86923 0.022208
0.8861 0.023779
0.94823 0.020355
0.94772 0.022215
