348
0.068338 0.020624
0.043711 0.023821
0.13523 0.020512
0.069553 0.023688
0.029973 0.024518
0.070565 0.023702
0.16296 0.020841
0.1725 0.022553
0.19842 0.021556
0.12182 0.026598
0.11649 0.025188
0.12235 0.0268
0.21636 0.023895
0.20323 0.025726
0.2215 0.026088
0.13983 0.026488
0.13066 0.027473
0.13846 0.02663
0.23095 0.027855
0.14427 0.026862
0.23727 0.026972
0.21567 0.037229
0.14254 0.027196
0.13526 0.028969
0.23653 0.029791
0.13539 0.029449
0.2607 0.024481
0.23321 0.034026
0.13281 0.029655
0.1411 0.028715
0.27291 0.026154
0.15608 0.028881
0.28524 0.025036
0.23509 0.036318
0.15582 0.02873
0.15104 0.029001
0.29446 0.023843
0.13722 0.030235
0.30785 0.025605
0.26939 0.031657
0.13416 0.030883
0.31621 0.021473
0.11188 0.02815
0.32311 0.025914
0.28631 0.031295
0.10955 0.027584
0.32416 0.029236
0.11509 0.029455
0.34059 0.023168
0.13165 0.032188
0.1297 0.032451
0.34525 0.026979
0.29649 0.034291
0.34463 0.028848
0.31087 0.03715
0.15958 0.032776
0.36044 0.027597
0.31761 0.038581
0.36549 0.029123
0.14582 0.031033
0.1551 0.031755
0.14815 0.031084
0.37476 0.029104
0.13357 0.032858
0.3929 0.025645
0.12907 0.033674
0.13354 0.032863
0.12898 0.033691
0.38542 0.029852
0.10392 0.027294
0.38772 0.031841
0.29389 0.037298
0.11797 0.031697
0.09204 0.026803
0.40733 0.026686
0.063459 0.028786
0.41298 0.026618
0.24396 0.038425
0.069154 0.028297
0.049331 0.030225
0.41654 0.026993
0.16497 0.03742
0.40544 0.03765
0.26833 0.038381
0.040327 0.029907
0.030932 0.027994
0.36605 0.03726
0.18469 0.040124
0.41743 0.036439
0.19528 0.038865
0.027248 0.028795
0.02604 0.032289
0.35847 0.03785
0.073282 0.029986
0.42645 0.030751
0.031644 0.037409
0.028615 0.036549
0.031727 0.037484
0.39094 0.038914
0.049846 0.032056
0.25669 0.038374
0.073224 0.032697
0.031956 0.037643
0.033327 0.038426
0.42594 0.040817
0.034231 0.03924
0.42415 0.04591
0.086919 0.028708
0.035378 0.039731
0.42656 0.046279
0.046501 0.033964
0.42995 0.039982
0.086811 0.029284
0.037196 0.039541
0.42958 0.048695
0.04077 0.038915
0.39926 0.042473
0.12197 0.035774
0.043718 0.03845
0.049789 0.03727
0.3809 0.03947
0.16497 0.038289
0.4384 0.029177
0.09649 0.03189
0.13528 0.039666
0.091559 0.033904
0.38912 0.040501
0.43932 0.031055
0.34436 0.038215
0.45431 0.024059
0.45323 0.031582
0.44362 0.039879
0.10743 0.034885
0.45723 0.040951
0.34956 0.038759
0.087686 0.034412
0.085896 0.034705
0.46839 0.040232
0.46673 0.045205
0.44864 0.048853
0.45602 0.050809
0.47194 0.050978
0.47231 0.05412
0.46854 0.055829
0.46822 0.068547
0.47308 0.068103
0.48117 0.063992
0.48192 0.023705
0.48702 0.027239
0.49486 0.021414
0.50515 0.023346
0.47379 0.028144
0.49717 0.027063
0.47966 0.041521
0.48013 0.044599
0.49623 0.039883
0.50262 0.024783
0.49623 0.052431
0.49886 0.057126
0.50118 0.043613
0.50129 0.028455
0.49322 0.059771
0.50018 0.063462
0.49962 0.036996
0.50151 0.037736
0.50034 0.063169
0.50351 0.069103
0.50421 0.032246
0.50423 0.046072
0.50348 0.070201
0.50292 0.034255
0.52274 0.022479
0.51611 0.022102
0.55894 0.020502
0.53363 0.024217
0.54679 0.026279
0.50894 0.022678
0.52516 0.038464
0.51536 0.026867
0.51416 0.027963
0.53513 0.035862
0.5356 0.040831
0.51154 0.027722
0.518 0.035788
0.51945 0.048866
0.52991 0.049186
0.51233 0.032654
0.51683 0.04443
0.51637 0.055185
0.52494 0.066844
0.5161 0.043907
0.51055 0.03542
0.51438 0.054103
0.50502 0.068515
0.5077 0.034222
0.51743 0.062884
0.56883 0.021399
0.57029 0.027715
0.5825 0.033352
0.65131 0.039172
0.57232 0.038801
0.61555 0.043048
0.56484 0.045365
0.54748 0.036985
0.89729 0.040449
0.55039 0.04086
0.54542 0.04534
0.97064 0.039781
0.97245 0.031966
0.53877 0.04873
0.54185 0.052779
0.91349 0.03936
0.59791 0.041189
0.52866 0.057175
0.505 0.068621
0.55525 0.05596
0.54654 0.05558
0.59156 0.033394
0.96188 0.042241
0.62213 0.041653
0.92152 0.038548
0.9663 0.026553
0.97573 0.028068
0.97027 0.028993
0.97135 0.030077
0.85029 0.041336
0.58034 0.043127
0.59859 0.033407
0.9767 0.028706
0.61608 0.040292
0.97697 0.028763
0.97694 0.028883
0.97685 0.028531
0.59772 0.028554
0.9764 0.028025
0.74685 0.037272
0.94582 0.041967
0.97635 0.027983
0.73861 0.037846
0.97207 0.026384
0.82558 0.042686
0.97108 0.026207
0.97289 0.026556
0.96875 0.025844
0.61386 0.03519
0.95323 0.041182
0.6559 0.037578
0.96104 0.024934
0.96512 0.025413
0.96345 0.025213
0.61336 0.030763
0.9309 0.039689
0.62488 0.035427
0.89272 0.040005
0.95696 0.024559
0.63143 0.037627
0.84635 0.040389
0.6762 0.036195
0.93916 0.025928
0.93721 0.024479
0.93995 0.025975
0.64145 0.03985
0.94716 0.026539
0.63799 0.036567
0.95153 0.027572
0.94995 0.027067
0.95147 0.027547
0.63855 0.036181
0.95602 0.029582
0.64808 0.03637
0.81065 0.040782
0.95527 0.029206
0.95749 0.033532
0.64815 0.034648
0.7788 0.038622
0.64475 0.031003
0.93984 0.035051
0.95105 0.034869
0.94282 0.034949
0.64762 0.029098
0.7068 0.037364
0.64892 0.02342
0.70225 0.036422
0.92729 0.035091
0.92626 0.034556
0.65871 0.026202
0.92383 0.033874
0.66924 0.025733
0.7094 0.035745
0.92232 0.033512
0.91998 0.033037
0.69168 0.030344
0.71962 0.036803
0.68098 0.023142
0.78674 0.039506
0.91403 0.032458
0.91792 0.032273
0.70782 0.030552
0.91712 0.032104
0.71786 0.031904
0.74783 0.033699
0.91734 0.032143
0.91634 0.031857
0.70722 0.025261
0.78602 0.038332
0.71764 0.025154
0.74805 0.032062
0.91138 0.031719
0.73961 0.028685
0.77536 0.034312
0.72986 0.024048
0.77109 0.032697
0.87666 0.039244
0.86699 0.039779
0.74592 0.026549
0.78101 0.033403
0.75534 0.025207
0.80052 0.038725
0.85995 0.03997
0.86413 0.038912
0.76612 0.026257
0.86825 0.03833
0.79247 0.031822
0.79966 0.035998
0.87007 0.038153
0.88075 0.035237
0.7941 0.030526
0.82351 0.034299
0.80185 0.031188
0.81658 0.031942
0.88027 0.033806
0.87811 0.032644
0.79978 0.026399
0.82165 0.031657
0.80841 0.023014
0.8365 0.028997
0.87649 0.030996
0.88037 0.029422
0.8221 0.02454
0.84232 0.027329
0.83028 0.023092
0.8867 0.025132
0.88246 0.027705
0.88335 0.026664
0.85521 0.022771
0.89147 0.024009
0.95526 0.02035
0.95472 0.022159
