348
0.066707 0.020768
0.046399 0.024138
0.11891 0.020544
0.06787 0.024554
0.03211 0.023833
0.06877 0.024595
0.14121 0.020897
0.15158 0.022188
0.17682 0.022002
0.10563 0.027438
0.10141 0.026471
0.10606 0.027633
0.19251 0.024489
0.18088 0.027317
0.19701 0.027034
0.12342 0.027635
0.11445 0.027779
0.12181 0.027487
0.20366 0.029646
0.12697 0.028545
0.20977 0.029018
0.18314 0.038934
0.12566 0.028848
0.11888 0.029556
0.20512 0.032253
0.11883 0.030091
0.22856 0.025948
0.19783 0.037403
0.11641 0.030148
0.12415 0.030572
0.23683 0.028801
0.13445 0.032349
0.24599 0.02673
0.19696 0.037586
0.13434 0.032134
0.1306 0.031422
0.25233 0.024447
0.11997 0.031169
0.26559 0.025341
0.23004 0.037575
0.11701 0.031701
0.27451 0.021523
0.097143 0.031405
0.28152 0.026051
0.24482 0.035871
0.095696 0.030466
0.2833 0.029849
0.098303 0.03291
0.29546 0.023628
0.11332 0.032737
0.10962 0.03327
0.29982 0.027523
0.25229 0.036785
0.2997 0.029743
0.26882 0.035873
0.1343 0.038762
0.31568 0.028504
0.27756 0.03728
0.32036 0.031082
0.12642 0.034138
0.13137 0.03588
0.12783 0.034213
0.32779 0.031548
0.11545 0.033893
0.34422 0.024719
0.10717 0.034669
0.11541 0.033888
0.10702 0.034688
0.33563 0.029701
0.091702 0.030384
0.33776 0.031602
0.24731 0.03723
0.097796 0.03601
0.083996 0.030147
0.36301 0.02575
0.061091 0.031395
0.36838 0.026179
0.20127 0.037564
0.066773 0.030595
0.050313 0.032593
0.37136 0.026092
0.13453 0.03947
0.35972 0.035614
0.22624 0.03965
0.04404 0.030255
0.033732 0.026961
0.3236 0.039369
0.15557 0.033876
0.36954 0.035289
0.16689 0.03956
0.029153 0.027265
0.027483 0.029942
0.31852 0.038387
0.068001 0.033253
0.3851 0.027519
0.031804 0.034654
0.029267 0.033133
0.031842 0.034746
0.34223 0.036029
0.048726 0.034871
0.21289 0.038803
0.063116 0.037764
0.031964 0.034959
0.03268 0.036101
0.38014 0.034957
0.032947 0.037076
0.37665 0.036382
0.07999 0.033613
0.033546 0.037631
0.38105 0.036137
0.044523 0.035519
0.39212 0.033613
0.079436 0.034594
0.034883 0.037932
0.39188 0.034566
0.036939 0.038291
0.35231 0.035528
0.096582 0.039298
0.039091 0.038629
0.043504 0.039373
0.33209 0.037826
0.13389 0.039389
0.40144 0.025809
0.084271 0.039183
0.11327 0.038022
0.077537 0.039113
0.33887 0.036876
0.40194 0.026787
0.30131 0.0378
0.40944 0.02218
0.40878 0.025718
0.40427 0.031613
0.087688 0.040054
0.41116 0.032319
0.30894 0.038683
0.073573 0.037833
0.071871 0.037501
0.42841 0.031284
0.42331 0.034024
0.40564 0.035517
0.41042 0.034362
0.43346 0.038077
0.43317 0.038058
0.41799 0.037135
0.41055 0.035402
0.41893 0.037177
0.44922 0.038482
0.45485 0.021685
0.46364 0.024097
0.47768 0.0207
0.50558 0.021622
0.43683 0.025217
0.48335 0.02294
0.44377 0.030648
0.44376 0.032636
0.47764 0.029851
0.49905 0.022014
0.47275 0.036915
0.47625 0.037794
0.48995 0.028461
0.49494 0.023243
0.46793 0.038273
0.48137 0.037345
0.48724 0.026464
0.49287 0.026471
0.48246 0.037204
0.50244 0.037269
0.50344 0.025526
0.50237 0.030743
0.50225 0.037266
0.49885 0.025981
0.53541 0.02135
0.52258 0.021184
0.58913 0.020321
0.55301 0.022728
0.57422 0.024855
0.5109 0.02156
0.54174 0.030656
0.52116 0.023919
0.51907 0.024666
0.5593 0.029303
0.56592 0.032953
0.51502 0.024917
0.52678 0.02845
0.53452 0.035925
0.55512 0.036351
0.51617 0.027937
0.5275 0.033475
0.53126 0.037813
0.55549 0.038904
0.52648 0.033575
0.5142 0.029664
0.52869 0.037663
0.51103 0.037787
0.50882 0.027772
0.53591 0.038791
0.60416 0.021179
0.60545 0.026541
0.62456 0.029385
0.70288 0.038898
0.61102 0.035173
0.66491 0.039095
0.61271 0.03953
0.57934 0.033321
0.89665 0.040078
0.58948 0.033554
0.58496 0.037393
0.97017 0.034726
0.96937 0.028527
0.57783 0.038882
0.59506 0.038285
0.9137 0.038929
0.63851 0.035754
0.56017 0.037494
0.51097 0.037785
0.64851 0.039135
0.61556 0.039588
0.6343 0.031584
0.96589 0.037421
0.67273 0.038948
0.9218 0.03873
0.9608 0.024992
0.97386 0.025607
0.96604 0.026545
0.96767 0.027229
0.8693 0.039616
0.62829 0.040668
0.64254 0.028933
0.97525 0.02605
0.66595 0.038471
0.97564 0.02609
0.9756 0.026173
0.97546 0.025928
0.63944 0.026184
0.97481 0.025577
0.78232 0.039549
0.95004 0.037609
0.97474 0.025548
0.77495 0.03966
0.96859 0.024553
0.85158 0.038885
0.96717 0.024465
0.96977 0.024645
0.96394 0.024329
0.66334 0.032772
0.95846 0.037711
0.70812 0.039177
0.95401 0.024092
0.95931 0.024177
0.95708 0.024144
0.66311 0.028707
0.93372 0.038766
0.6757 0.034919
0.89336 0.039961
0.94918 0.024206
0.68069 0.039703
0.86735 0.040659
0.72733 0.040181
0.93126 0.025567
0.92925 0.024309
0.93203 0.02561
0.68718 0.039737
0.93979 0.026488
0.68621 0.03682
0.94391 0.027402
0.94255 0.026914
0.94386 0.027377
0.68696 0.036507
0.94838 0.028935
0.69872 0.037819
0.83099 0.038742
0.94755 0.028673
0.95345 0.032164
0.69947 0.035882
0.79987 0.039522
0.69603 0.031067
0.9357 0.035682
0.94754 0.033819
0.93809 0.036005
0.7004 0.029512
0.74545 0.039849
0.70198 0.023571
0.73916 0.039458
0.92364 0.035276
0.92175 0.034914
0.71008 0.02732
0.91865 0.034639
0.71896 0.026766
0.74964 0.039315
0.91634 0.034251
0.91234 0.033554
0.73295 0.038133
0.76473 0.038886
0.72891 0.024667
0.81046 0.039613
0.90677 0.032248
0.90995 0.03248
0.74599 0.034423
0.90919 0.032166
0.76017 0.035282
0.78144 0.038367
0.90939 0.032242
0.90845 0.031697
0.74393 0.02704
0.80905 0.039423
0.75439 0.026103
0.78066 0.035946
0.90375 0.031879
0.77146 0.030573
0.79609 0.039392
0.76316 0.025284
0.79363 0.038332
0.88361 0.038797
0.87561 0.040346
0.77637 0.027765
0.80285 0.03583
0.7838 0.026838
0.82139 0.039201
0.87284 0.040349
0.87407 0.040667
0.7914 0.028679
0.87581 0.040281
0.81462 0.034682
0.82013 0.039194
0.87695 0.039994
0.88309 0.038611
0.81554 0.032751
0.84488 0.035677
0.82106 0.032555
0.8369 0.030505
0.88018 0.036995
0.87702 0.036067
0.81876 0.027112
0.84167 0.032086
0.8273 0.022876
0.85649 0.031208
0.87379 0.033865
0.87358 0.031144
0.8425 0.024693
0.86159 0.028868
0.85068 0.023188
0.87609 0.025398
0.87338 0.028698
0.87371 0.027401
0.86724 0.022526
0.88265 0.023798
0.94735 0.020331
0.94681 0.022055
