348
0.066766 0.020846
0.046912 0.024078
0.11628 0.020615
0.067751 0.025004
0.032409 0.023737
0.068512 0.025022
0.1372 0.020918
0.14686 0.022584
0.17086 0.02204
0.10448 0.028346
0.10027 0.027172
0.10488 0.028537
0.18417 0.025066
0.17442 0.027922
0.18829 0.027573
0.12016 0.028345
0.11196 0.028717
0.11885 0.028284
0.19487 0.029528
0.12321 0.029291
0.20121 0.028463
0.17717 0.040944
0.12205 0.029628
0.11632 0.030802
0.19668 0.031844
0.11642 0.031408
0.22157 0.026089
0.18958 0.037763
0.11414 0.031538
0.12082 0.031499
0.22909 0.029816
0.13 0.032361
0.23681 0.027418
0.18876 0.038176
0.12991 0.032167
0.12647 0.032198
0.24287 0.024662
0.11768 0.032522
0.25616 0.025548
0.22477 0.0383
0.11507 0.033305
0.26446 0.021613
0.096926 0.032094
0.27097 0.026427
0.23724 0.037148
0.09541 0.030981
0.27284 0.030548
0.098408 0.033789
0.28395 0.024018
0.11193 0.034225
0.10919 0.034485
0.2878 0.028455
0.24455 0.037072
0.28766 0.030932
0.26127 0.03678
0.1293 0.038605
0.30233 0.029303
0.26927 0.03871
0.30662 0.032046
0.12272 0.035357
0.12691 0.036542
0.12387 0.035408
0.31353 0.032394
0.11403 0.035671
0.32831 0.025736
0.1077 0.036023
0.114 0.035664
0.10759 0.036057
0.32095 0.031034
0.091585 0.030668
0.32343 0.033359
0.23985 0.03856
0.098902 0.036906
0.08334 0.029789
0.3441 0.025874
0.061956 0.031948
0.34954 0.026072
0.19289 0.037329
0.066875 0.031672
0.050904 0.032542
0.35279 0.02625
0.12935 0.039855
0.34161 0.036567
0.221 0.039822
0.044565 0.030191
0.034071 0.026805
0.30999 0.040583
0.14934 0.037116
0.35125 0.035216
0.15803 0.039591
0.029379 0.027073
0.027609 0.029702
0.30467 0.039732
0.067989 0.034544
0.365 0.029609
0.032104 0.034232
0.029466 0.032781
0.032145 0.034321
0.32863 0.038534
0.049482 0.034658
0.20632 0.037498
0.064444 0.038905
0.032277 0.034529
0.033052 0.035643
0.36235 0.03757
0.033357 0.036586
0.35984 0.038267
0.078978 0.03333
0.033999 0.037134
0.36314 0.039438
0.045293 0.035322
0.37047 0.038676
0.078362 0.034334
0.035409 0.037455
0.37037 0.040024
0.037617 0.037858
0.33539 0.037892
0.098809 0.040128
0.040028 0.038269
0.044465 0.039217
0.31916 0.039401
0.12881 0.039897
0.37655 0.027219
0.083982 0.038279
0.11327 0.040236
0.076207 0.039116
0.32603 0.039127
0.37692 0.028384
0.28977 0.040379
0.38374 0.02245
0.38308 0.026475
0.37865 0.033882
0.088666 0.039468
0.38553 0.033406
0.29555 0.04016
0.072733 0.03882
0.071292 0.038738
0.40174 0.032084
0.39707 0.034866
0.38005 0.038065
0.38487 0.035801
0.40755 0.037783
0.40719 0.037905
0.39265 0.037882
0.38504 0.03689
0.39344 0.037959
0.42726 0.037829
0.42848 0.021674
0.4374 0.024162
0.45108 0.020697
0.47954 0.021419
0.40961 0.025041
0.45636 0.022962
0.41763 0.030151
0.41849 0.031941
0.45128 0.029772
0.47222 0.021853
0.4486 0.036998
0.45219 0.037347
0.4633 0.028401
0.46804 0.023095
0.44422 0.038565
0.45592 0.037361
0.46026 0.026572
0.46588 0.026288
0.45667 0.037196
0.47325 0.035656
0.47711 0.024945
0.4754 0.02974
0.47306 0.035697
0.47202 0.025509
0.51489 0.021051
0.49975 0.021014
0.57743 0.020317
0.54015 0.022182
0.56169 0.024668
0.48605 0.021328
0.5231 0.027705
0.49807 0.023348
0.49572 0.023947
0.54716 0.028625
0.55327 0.032591
0.49082 0.024155
0.50471 0.027209
0.51221 0.032416
0.54321 0.033655
0.49227 0.02669
0.50398 0.031421
0.50716 0.034984
0.54388 0.036281
0.50268 0.031481
0.48957 0.028183
0.50387 0.035187
0.4828 0.035181
0.48345 0.02667
0.5133 0.035011
0.59297 0.021064
0.5945 0.02588
0.61413 0.02966
0.69364 0.038151
0.60118 0.034509
0.65429 0.038334
0.60346 0.039021
0.56717 0.032598
0.90286 0.038847
0.57731 0.033357
0.57245 0.036938
0.96952 0.03486
0.96945 0.028605
0.5648 0.037968
0.58241 0.037775
0.91772 0.039609
0.62948 0.034544
0.54852 0.036195
0.48273 0.035188
0.63789 0.038
0.60531 0.039378
0.62362 0.031028
0.96441 0.037841
0.66365 0.037734
0.92421 0.038792
0.96098 0.025027
0.97391 0.02566
0.96617 0.026605
0.96779 0.027301
0.86393 0.036264
0.61699 0.039435
0.63338 0.028281
0.9753 0.026107
0.65571 0.037268
0.97568 0.026147
0.97564 0.026232
0.97551 0.025984
0.63039 0.025861
0.97486 0.025629
0.77952 0.038391
0.94844 0.038541
0.97479 0.0256
0.76929 0.03772
0.9687 0.024602
0.84716 0.040145
0.96729 0.024508
0.96987 0.024688
0.96409 0.024366
0.6537 0.0324
0.95611 0.03844
0.69868 0.038977
0.95425 0.02411
0.95949 0.024204
0.95735 0.024167
0.65397 0.028496
0.93436 0.039921
0.66754 0.034199
0.89707 0.037975
0.94942 0.024221
0.67215 0.039365
0.86091 0.037768
0.71789 0.039552
0.93207 0.02582
0.93012 0.024527
0.93282 0.025856
0.67807 0.03972
0.94001 0.026686
0.67751 0.036945
0.94414 0.027567
0.94278 0.027088
0.94409 0.027543
0.67821 0.036522
0.94866 0.029002
0.68928 0.037329
0.82893 0.039174
0.9478 0.028775
0.95301 0.032237
0.69049 0.035449
0.79802 0.03723
0.6876 0.030769
0.93615 0.036139
0.94707 0.034091
0.93801 0.036435
0.69273 0.029249
0.73592 0.038856
0.69449 0.023448
0.73043 0.038344
0.92549 0.035456
0.9237 0.035116
0.70254 0.027122
0.92091 0.034999
0.71181 0.026517
0.73951 0.039323
0.91878 0.034724
0.91498 0.034264
0.7239 0.037205
0.75474 0.038482
0.72224 0.024358
0.80981 0.038809
0.90948 0.032815
0.91248 0.033292
0.73858 0.033344
0.9117 0.032982
0.75205 0.035035
0.7785 0.037196
0.9119 0.033061
0.91086 0.032472
0.73828 0.02658
0.80847 0.038126
0.74948 0.026239
0.77741 0.035106
0.90651 0.031745
0.76614 0.029711
0.79378 0.037631
0.75725 0.02533
0.79092 0.036951
0.88221 0.0372
0.87083 0.037469
0.77148 0.027061
0.80082 0.03393
0.77992 0.026456
0.81935 0.039438
0.86796 0.036834
0.86915 0.037493
0.78729 0.028442
0.87111 0.037431
0.81347 0.034283
0.81834 0.039319
0.87262 0.037342
0.88153 0.036912
0.81442 0.032546
0.84221 0.036326
0.81935 0.032762
0.83446 0.03078
0.87791 0.034969
0.8742 0.033765
0.81731 0.027231
0.83908 0.032522
0.82519 0.023077
0.85251 0.031607
0.8714 0.031551
0.87201 0.029293
0.83983 0.024918
0.85734 0.02845
0.84763 0.023478
0.87513 0.024604
0.87201 0.027244
0.8724 0.026181
0.86429 0.02213
0.88253 0.023416
0.94758 0.020336
0.94705 0.022084
