348
0.065294 0.020803
0.044937 0.024129
0.11748 0.020565
0.066381 0.02479
0.031189 0.024117
0.067222 0.024854
0.14009 0.02094
0.14931 0.022451
0.17393 0.021916
0.10521 0.027718
0.10132 0.026445
0.10561 0.027953
0.19026 0.024346
0.17818 0.027022
0.1949 0.026724
0.12189 0.027754
0.11336 0.028257
0.12024 0.027667
0.20189 0.02905
0.12553 0.028521
0.20853 0.028314
0.18145 0.038233
0.12418 0.028883
0.11745 0.029928
0.20351 0.031448
0.11736 0.030487
0.22808 0.025997
0.19602 0.036598
0.11513 0.030671
0.12259 0.030697
0.23623 0.028979
0.13336 0.032361
0.24517 0.026906
0.19515 0.036813
0.13322 0.032135
0.12928 0.031183
0.25133 0.024568
0.11834 0.031545
0.2643 0.02542
0.22955 0.037849
0.1156 0.032268
0.27314 0.021536
0.096932 0.030877
0.28008 0.026076
0.24404 0.036273
0.09523 0.029821
0.28187 0.02988
0.098367 0.032481
0.29404 0.02362
0.1122 0.033594
0.10886 0.034334
0.2984 0.027495
0.25129 0.037243
0.29828 0.029708
0.26751 0.03606
0.13365 0.038794
0.31437 0.02845
0.27616 0.03739
0.31908 0.031019
0.12486 0.034139
0.13024 0.035565
0.12638 0.03411
0.32654 0.031493
0.11407 0.034677
0.34302 0.024717
0.10669 0.035487
0.11404 0.034673
0.10656 0.035487
0.33442 0.029672
0.090712 0.029335
0.33656 0.031575
0.24645 0.037695
0.098003 0.035424
0.082017 0.029595
0.36176 0.025798
0.060174 0.031626
0.36706 0.026249
0.1995 0.036591
0.065408 0.031091
0.048873 0.03231
0.37001 0.026171
0.13397 0.039529
0.3585 0.035715
0.2258 0.039586
0.042466 0.030363
0.032688 0.027415
0.32234 0.039266
0.15266 0.035187
0.36821 0.035472
0.16266 0.039692
0.028457 0.027863
0.026894 0.03076
0.31722 0.038278
0.066629 0.033948
0.38353 0.027667
0.030553 0.03578
0.028364 0.034214
0.030581 0.035876
0.34104 0.036012
0.047077 0.034667
0.21201 0.037518
0.062469 0.038299
0.030676 0.036096
0.031234 0.037268
0.37868 0.035214
0.0314 0.038293
0.37524 0.036636
0.077493 0.033426
0.031887 0.038835
0.37958 0.036422
0.042452 0.035666
0.39041 0.033918
0.076937 0.034475
0.033039 0.039033
0.39017 0.034893
0.034815 0.03922
0.35111 0.035565
0.096772 0.038375
0.03667 0.039372
0.04089 0.039692
0.33086 0.037755
0.13323 0.039363
0.39952 0.025938
0.081863 0.038166
0.11199 0.039232
0.075056 0.039337
0.33767 0.036842
0.40001 0.026938
0.2999 0.037726
0.40735 0.022228
0.4067 0.025844
0.40229 0.03187
0.08598 0.038306
0.40903 0.032588
0.30758 0.038563
0.071642 0.03868
0.07016 0.038591
0.42597 0.031458
0.42094 0.034267
0.40363 0.03586
0.40831 0.034678
0.43094 0.038282
0.43065 0.03827
0.41571 0.037467
0.40843 0.03574
0.41663 0.037504
0.44669 0.038314
0.45238 0.021658
0.46133 0.023989
0.47589 0.020675
0.50481 0.021561
0.43426 0.025254
0.48177 0.022838
0.44117 0.030627
0.44116 0.032611
0.47585 0.029506
0.49802 0.021941
0.47078 0.036317
0.47441 0.037168
0.4886 0.02817
0.49377 0.023129
0.46578 0.037693
0.47971 0.036741
0.4858 0.026241
0.49162 0.026246
0.48085 0.036606
0.50154 0.036632
0.50259 0.025321
0.50147 0.030347
0.50135 0.03663
0.49782 0.025765
0.53589 0.02131
0.5225 0.021136
0.58788 0.020351
0.55364 0.022759
0.57408 0.025163
0.51034 0.0215
0.54241 0.030496
0.52102 0.02376
0.51884 0.024479
0.55992 0.02956
0.56616 0.033528
0.51463 0.024723
0.52689 0.0281
0.53497 0.035425
0.55574 0.036627
0.51582 0.027623
0.52763 0.032916
0.53156 0.037123
0.55609 0.039241
0.52657 0.033013
0.51378 0.029285
0.52888 0.036926
0.51048 0.037098
0.50818 0.027474
0.53641 0.03826
0.60202 0.021172
0.60338 0.026441
0.62376 0.028756
0.70192 0.038196
0.60862 0.034334
0.66202 0.039942
0.60997 0.038252
0.57877 0.034305
0.89819 0.03983
0.5878 0.034833
0.5835 0.038869
0.96968 0.03403
0.96884 0.02813
0.57713 0.040213
0.59212 0.039588
0.91378 0.040102
0.63902 0.035596
0.56072 0.038016
0.51042 0.037097
0.64777 0.040221
0.6132 0.03831
0.63426 0.031108
0.96519 0.036671
0.67014 0.039228
0.92106 0.039593
0.95985 0.024803
0.97355 0.025341
0.96535 0.026262
0.96706 0.026905
0.86589 0.036519
0.62773 0.039235
0.64268 0.029067
0.97502 0.025763
0.66321 0.03927
0.97543 0.025801
0.97538 0.025881
0.97524 0.025647
0.63975 0.026149
0.97456 0.025312
0.78049 0.04042
0.94877 0.037152
0.97448 0.025285
0.77378 0.040533
0.96803 0.024345
0.84346 0.038481
0.96653 0.024267
0.96926 0.024427
0.96314 0.024152
0.66168 0.033336
0.95743 0.037081
0.70743 0.038448
0.95285 0.023964
0.9583 0.024025
0.95601 0.024002
0.66205 0.029076
0.93249 0.039135
0.67373 0.035015
0.89463 0.039284
0.94789 0.024107
0.6783 0.039521
0.86332 0.037544
0.728 0.039327
0.92999 0.025717
0.92804 0.024444
0.93074 0.025749
0.68533 0.039194
0.93829 0.026507
0.68451 0.036411
0.94247 0.027337
0.94107 0.02688
0.94242 0.027314
0.68532 0.036067
0.94706 0.028744
0.69762 0.037162
0.82528 0.041474
0.94621 0.028508
0.95228 0.031792
0.69849 0.035294
0.79906 0.040652
0.69513 0.030657
0.93436 0.035905
0.9462 0.033557
0.93667 0.036126
0.69974 0.029158
0.74701 0.039912
0.70137 0.023438
0.74108 0.039136
0.92273 0.035925
0.92089 0.035606
0.70979 0.027046
0.918 0.035409
0.71902 0.026487
0.75086 0.039653
0.91588 0.035066
0.91219 0.03444
0.73412 0.037453
0.76467 0.039549
0.72944 0.024459
0.80894 0.041438
0.90694 0.032832
0.9099 0.03333
0.7472 0.034485
0.90918 0.032933
0.76068 0.035739
0.77978 0.03929
0.90937 0.03303
0.90845 0.032377
0.74492 0.027021
0.80766 0.041135
0.75521 0.026243
0.77944 0.036722
0.9041 0.032218
0.77164 0.03101
0.79505 0.040326
0.76375 0.025462
0.79251 0.039261
0.88397 0.036977
0.87415 0.037278
0.77643 0.028102
0.80195 0.037046
0.78353 0.027159
0.81823 0.041553
0.87048 0.036941
0.87212 0.037317
0.79079 0.029091
0.87441 0.037253
0.81252 0.036452
0.81746 0.04151
0.8759 0.037169
0.88338 0.036745
0.81328 0.034323
0.83687 0.036408
0.81807 0.034311
0.83144 0.03169
0.87983 0.034963
0.87572 0.033806
0.81612 0.028053
0.83507 0.032924
0.82343 0.023328
0.85094 0.030059
0.87152 0.031631
0.87121 0.029342
0.83655 0.024949
0.85679 0.02775
0.84502 0.023086
0.87429 0.024609
0.87104 0.027284
0.87143 0.026212
0.86366 0.022142
0.882 0.023397
0.94601 0.020325
0.94545 0.02202
