348
0.071961 0.020845
0.050944 0.023549
0.1242 0.020531
0.073011 0.025006
0.034223 0.023266
0.073824 0.025027
0.14744 0.02084
0.15866 0.022003
0.18706 0.02186
0.11071 0.027365
0.10645 0.026366
0.11115 0.027557
0.20289 0.024402
0.19129 0.02697
0.20751 0.026807
0.12886 0.027406
0.11963 0.027625
0.1272 0.027276
0.21447 0.029116
0.13254 0.028257
0.22096 0.028407
0.19427 0.038295
0.13118 0.028563
0.12417 0.029319
0.21586 0.031537
0.12411 0.029841
0.2421 0.025666
0.20813 0.036812
0.12164 0.029925
0.12961 0.030246
0.2501 0.029436
0.14028 0.03175
0.25805 0.027935
0.20729 0.037029
0.14016 0.031548
0.13629 0.030966
0.26327 0.025337
0.12529 0.030878
0.27419 0.026428
0.24442 0.036855
0.12226 0.031435
0.28154 0.02175
0.10212 0.031138
0.288 0.026663
0.25786 0.038668
0.10068 0.030197
0.28961 0.03073
0.10324 0.032631
0.30093 0.023803
0.11847 0.032502
0.11472 0.033082
0.30518 0.027785
0.26361 0.040162
0.30507 0.030086
0.27637 0.038842
0.14013 0.037858
0.32079 0.028673
0.28365 0.039512
0.32535 0.031315
0.13196 0.033672
0.13709 0.035218
0.13342 0.033718
0.33263 0.031831
0.12064 0.033603
0.34847 0.024952
0.1122 0.034496
0.1206 0.033598
0.11206 0.034519
0.3403 0.030053
0.096519 0.030047
0.34235 0.03206
0.26006 0.040589
0.10264 0.035648
0.08847 0.029967
0.36628 0.026084
0.066992 0.03173
0.37135 0.026551
0.21167 0.036775
0.072021 0.031663
0.055665 0.031262
0.37416 0.026468
0.14037 0.038522
0.36316 0.036508
0.23961 0.038069
0.0482 0.028785
0.036129 0.025935
0.32853 0.039791
0.1631 0.032587
0.37244 0.036222
0.17645 0.037212
0.03075 0.026183
0.028789 0.028464
0.32355 0.038765
0.073078 0.03456
0.38707 0.028017
0.033943 0.032483
0.030917 0.031177
0.03399 0.032561
0.34659 0.03677
0.053983 0.03303
0.22373 0.037257
0.069034 0.03875
0.034139 0.032743
0.035015 0.03372
0.38242 0.035922
0.035356 0.034552
0.37917 0.037421
0.083899 0.03378
0.036082 0.035029
0.38328 0.037184
0.04905 0.033294
0.39366 0.034491
0.083202 0.034835
0.037679 0.035295
0.39343 0.035509
0.040136 0.035615
0.35616 0.036391
0.1013 0.038818
0.042756 0.035919
0.048081 0.036586
0.33684 0.038377
0.1397 0.038472
0.40245 0.026139
0.087993 0.038821
0.11839 0.037691
0.080733 0.039715
0.3434 0.037571
0.40292 0.027169
0.30656 0.038339
0.41003 0.022282
0.40941 0.025994
0.40515 0.032245
0.091653 0.039233
0.41171 0.032836
0.31412 0.039019
0.077581 0.038894
0.076198 0.038756
0.42865 0.031298
0.42378 0.03415
0.40651 0.036344
0.41106 0.034992
0.43479 0.037992
0.43444 0.037978
0.41852 0.037534
0.4112 0.036072
0.41951 0.037533
0.4504 0.038655
0.45475 0.021672
0.46385 0.023901
0.4789 0.020679
0.50578 0.021737
0.43713 0.025242
0.4845 0.022912
0.44402 0.030748
0.44432 0.032734
0.47905 0.02956
0.49966 0.022125
0.47528 0.036078
0.47997 0.03724
0.49102 0.028745
0.49593 0.023391
0.47 0.037036
0.485 0.037175
0.48834 0.02663
0.49388 0.026734
0.48604 0.037097
0.50404 0.038351
0.50377 0.025888
0.50302 0.031416
0.50389 0.038341
0.49949 0.026308
0.5341 0.02135
0.52171 0.021245
0.58751 0.020348
0.55272 0.022553
0.57362 0.025175
0.51077 0.021663
0.54035 0.030258
0.52034 0.02413
0.51845 0.024928
0.55958 0.029172
0.56593 0.033423
0.51464 0.025217
0.52577 0.028847
0.53247 0.035934
0.55526 0.035549
0.51572 0.028411
0.52598 0.034099
0.52905 0.038478
0.55581 0.0382
0.52498 0.034218
0.51385 0.030264
0.52661 0.038469
0.51118 0.039038
0.50882 0.028344
0.53345 0.038794
0.6015 0.021219
0.60278 0.026728
0.62218 0.029048
0.69942 0.039066
0.60831 0.035211
0.66109 0.039427
0.61021 0.03958
0.57814 0.034255
0.9043 0.039908
0.5874 0.034703
0.58296 0.038729
0.97084 0.036364
0.97043 0.029476
0.57645 0.0402
0.59191 0.03975
0.91859 0.04011
0.63807 0.035769
0.5611 0.037338
0.51113 0.039039
0.64739 0.040124
0.61342 0.039322
0.6327 0.031314
0.96664 0.039437
0.66863 0.03874
0.92646 0.039388
0.96272 0.025571
0.97447 0.026231
0.96744 0.02729
0.96891 0.028047
0.87222 0.035465
0.62807 0.039807
0.64081 0.029109
0.97573 0.026723
0.66215 0.038715
0.97608 0.026767
0.97604 0.02686
0.97592 0.026588
0.63773 0.026205
0.97533 0.026197
0.78438 0.038974
0.95313 0.040124
0.97527 0.026165
0.77649 0.039233
0.96974 0.025066
0.85083 0.039025
0.96845 0.024971
0.97079 0.025162
0.96555 0.024826
0.65999 0.033118
0.95959 0.039995
0.70472 0.039638
0.95668 0.024578
0.96138 0.024664
0.95942 0.024631
0.65995 0.028966
0.93971 0.039906
0.67203 0.034751
0.90057 0.039216
0.95236 0.024711
0.67617 0.039397
0.86942 0.036123
0.72494 0.038087
0.93584 0.025825
0.93389 0.024479
0.93659 0.025888
0.68272 0.039425
0.94396 0.027015
0.68221 0.03658
0.94765 0.028126
0.94643 0.027553
0.9476 0.028098
0.68306 0.03628
0.95167 0.029999
0.69522 0.037777
0.83254 0.04
0.95092 0.029688
0.95605 0.033627
0.69619 0.035885
0.80243 0.03863
0.69318 0.03099
0.94119 0.036591
0.9511 0.035475
0.94338 0.037093
0.69765 0.029552
0.74604 0.03827
0.69923 0.0236
0.73928 0.037378
0.92847 0.03581
0.92649 0.035483
0.70717 0.027526
0.92339 0.035348
0.71577 0.026554
0.75035 0.038415
0.92124 0.035049
0.9175 0.034509
0.73161 0.035828
0.76576 0.038453
0.72677 0.024113
0.8133 0.039373
0.9126 0.033051
0.91541 0.033465
0.74619 0.033335
0.91474 0.033136
0.7609 0.034819
0.78334 0.037804
0.91492 0.033219
0.91408 0.032608
0.74368 0.026477
0.81184 0.038989
0.75477 0.025866
0.78225 0.035503
0.90989 0.032498
0.77219 0.030416
0.79853 0.038578
0.76378 0.025168
0.79584 0.03763
0.88969 0.037298
0.88116 0.037266
0.77713 0.027622
0.80512 0.035081
0.78476 0.026669
0.82381 0.039832
0.87729 0.036717
0.87908 0.037253
0.79256 0.02839
0.8814 0.037244
0.81714 0.034667
0.82267 0.03969
0.88264 0.037192
0.8891 0.037024
0.81796 0.032793
0.84495 0.036615
0.82322 0.032924
0.83789 0.031195
0.8858 0.035068
0.88242 0.033803
0.82092 0.027243
0.8422 0.032839
0.82896 0.023072
0.85635 0.030468
0.87824 0.031497
0.87781 0.029215
0.84313 0.024988
0.86221 0.027625
0.85094 0.023243
0.88101 0.024584
0.87754 0.027175
0.87797 0.026126
0.86956 0.021972
0.88801 0.023437
0.95073 0.02037
0.95024 0.022291
