348
0.07753 0.020708
0.05328 0.023211
0.13369 0.020543
0.078773 0.024193
0.035137 0.023048
0.079736 0.024207
0.1579 0.020927
0.16679 0.022686
0.19074 0.021778
0.1212 0.027802
0.11691 0.026547
0.12163 0.027999
0.20645 0.02466
0.19524 0.026865
0.21069 0.027359
0.13834 0.027237
0.12917 0.027927
0.13666 0.027235
0.21734 0.029741
0.14225 0.027947
0.22329 0.028886
0.19935 0.038295
0.14085 0.028269
0.1337 0.029546
0.21908 0.032277
0.13374 0.030081
0.24363 0.025634
0.21249 0.038082
0.13131 0.030304
0.13929 0.029933
0.2519 0.029139
0.15101 0.031333
0.26016 0.02738
0.21175 0.03831
0.15083 0.03111
0.14655 0.030435
0.26588 0.024823
0.13504 0.031014
0.27834 0.025789
0.24623 0.036564
0.13212 0.031841
0.28648 0.021671
0.11298 0.030818
0.29284 0.026793
0.26046 0.037201
0.11141 0.029726
0.29446 0.031032
0.11438 0.032451
0.30527 0.023857
0.12866 0.032996
0.12559 0.03371
0.30963 0.027721
0.26715 0.038001
0.3094 0.030012
0.28258 0.037366
0.15254 0.037357
0.3255 0.028801
0.29025 0.03956
0.32982 0.031648
0.14246 0.033127
0.14839 0.034379
0.14396 0.033123
0.33696 0.03258
0.13075 0.034039
0.35084 0.02609
0.1237 0.035246
0.13072 0.034034
0.12358 0.035274
0.34427 0.031404
0.10704 0.029204
0.34617 0.033892
0.26285 0.03895
0.11442 0.03531
0.09739 0.028343
0.36562 0.027036
0.071671 0.029921
0.37009 0.027548
0.21569 0.037954
0.077636 0.029779
0.058447 0.029991
0.37257 0.02742
0.15307 0.038259
0.36293 0.039229
0.24139 0.038393
0.05028 0.028033
0.037165 0.025525
0.33269 0.040312
0.17031 0.037692
0.37046 0.038643
0.17805 0.040065
0.031441 0.0258
0.029353 0.027953
0.32727 0.038929
0.078979 0.032194
0.38375 0.029083
0.034839 0.031656
0.031619 0.030482
0.034889 0.031728
0.3501 0.040254
0.056609 0.031641
0.22689 0.038496
0.074252 0.035778
0.035048 0.031895
0.03598 0.032792
0.3783 0.038205
0.036343 0.033561
0.37545 0.040102
0.092158 0.031402
0.037115 0.033991
0.37876 0.039796
0.051212 0.032123
0.38965 0.036122
0.091395 0.032279
0.038815 0.034206
0.38942 0.037276
0.041459 0.034452
0.35765 0.039647
0.11381 0.038117
0.044327 0.034677
0.050155 0.035172
0.34216 0.040243
0.15227 0.037954
0.39745 0.027007
0.097782 0.035751
0.12937 0.03827
0.088695 0.036377
0.34764 0.040454
0.39788 0.028195
0.31044 0.03822
0.40411 0.022662
0.40358 0.02698
0.40047 0.034075
0.10264 0.036743
0.40575 0.03487
0.31721 0.038646
0.084656 0.035748
0.08293 0.035656
0.41966 0.033039
0.41512 0.036385
0.40218 0.038846
0.40539 0.037401
0.42472 0.040026
0.42438 0.040077
0.41089 0.040439
0.40557 0.038636
0.4116 0.04039
0.44078 0.039917
0.44371 0.021836
0.45197 0.024438
0.46482 0.020796
0.48874 0.021693
0.42741 0.025717
0.46953 0.023431
0.43391 0.031664
0.43429 0.03377
0.46502 0.0312
0.48278 0.022199
0.46274 0.039033
0.46639 0.040096
0.47493 0.030027
0.47921 0.023742
0.45833 0.039914
0.47 0.040135
0.47255 0.027708
0.4774 0.027584
0.47062 0.039975
0.48529 0.038374
0.48674 0.02587
0.4857 0.031491
0.48514 0.0384
0.48262 0.026543
0.51931 0.021304
0.50595 0.021154
0.57283 0.020341
0.53773 0.022679
0.55793 0.024898
0.49428 0.021577
0.52559 0.030229
0.50448 0.023816
0.50248 0.024533
0.54403 0.029726
0.54971 0.03338
0.4984 0.024845
0.5104 0.0283
0.51862 0.035281
0.53989 0.036388
0.49958 0.027766
0.51099 0.033231
0.5151 0.037734
0.54032 0.039327
0.50982 0.033291
0.49756 0.029572
0.51211 0.037555
0.49326 0.038109
0.49206 0.027982
0.52023 0.03854
0.58704 0.021166
0.58846 0.026454
0.60778 0.029502
0.69789 0.037044
0.59473 0.034999
0.65079 0.035428
0.597 0.039528
0.56337 0.033258
0.90157 0.039262
0.57288 0.034442
0.56849 0.037783
0.97012 0.035626
0.96997 0.029048
0.56134 0.038703
0.57766 0.039347
0.91551 0.038901
0.62319 0.034614
0.54484 0.038227
0.4932 0.038117
0.63199 0.0375
0.59926 0.039669
0.61741 0.031133
0.96537 0.038717
0.66167 0.034925
0.92296 0.037059
0.96191 0.025263
0.97421 0.025949
0.96685 0.026933
0.96838 0.02767
0.86433 0.035722
0.61169 0.039302
0.62683 0.028231
0.97553 0.02642
0.65235 0.034785
0.97589 0.026462
0.97585 0.02655
0.97572 0.02629
0.62379 0.025849
0.97511 0.025917
0.78244 0.040535
0.95055 0.039204
0.97505 0.025886
0.77367 0.039958
0.96925 0.024837
0.84459 0.03727
0.9679 0.024735
0.97036 0.024929
0.96486 0.024578
0.64942 0.030438
0.95767 0.03927
0.70394 0.038165
0.95547 0.024289
0.9605 0.024398
0.95845 0.024355
0.6493 0.027145
0.93603 0.038048
0.66557 0.031849
0.89611 0.038325
0.95081 0.024386
0.67208 0.036042
0.86159 0.036699
0.72496 0.038992
0.93273 0.025131
0.93047 0.023913
0.93361 0.025203
0.67962 0.03634
0.94177 0.026381
0.67853 0.033922
0.94574 0.027501
0.94443 0.026938
0.94569 0.027474
0.67939 0.033707
0.95009 0.0293
0.69298 0.035701
0.82561 0.038979
0.94926 0.028995
0.95442 0.032764
0.69388 0.034059
0.79744 0.040997
0.69003 0.029646
0.938 0.034879
0.94891 0.034384
0.94035 0.03546
0.69499 0.028488
0.7433 0.038689
0.69683 0.023213
0.73683 0.038263
0.92479 0.033841
0.92261 0.033768
0.70549 0.026848
0.91918 0.034029
0.71487 0.026328
0.74761 0.038826
0.91703 0.034026
0.91342 0.034018
0.73037 0.037236
0.76243 0.039679
0.72568 0.024374
0.80669 0.040875
0.90823 0.033128
0.91109 0.03333
0.7437 0.033514
0.91036 0.033103
0.75789 0.035739
0.78132 0.039147
0.91055 0.03316
0.90959 0.032674
0.74145 0.026646
0.80542 0.040424
0.75249 0.026196
0.77993 0.03657
0.90543 0.032017
0.76862 0.030644
0.79432 0.041265
0.76053 0.02556
0.79208 0.040385
0.88187 0.037496
0.87108 0.037732
0.7733 0.02791
0.79914 0.036834
0.78096 0.027186
0.81619 0.039877
0.86827 0.036932
0.86947 0.037736
0.7877 0.029856
0.87133 0.037693
0.81001 0.035343
0.81518 0.039831
0.87277 0.037608
0.88121 0.037201
0.8108 0.033338
0.83849 0.034715
0.81557 0.033045
0.83055 0.03034
0.87772 0.035213
0.87407 0.033978
0.81338 0.027436
0.83521 0.031601
0.82114 0.02308
0.85106 0.029897
0.87119 0.031721
0.87169 0.029431
0.83608 0.024521
0.85685 0.027595
0.84507 0.022966
0.87478 0.024676
0.87169 0.027351
0.87207 0.026273
0.86404 0.022056
0.88202 0.023475
0.94905 0.020343
0.94853 0.022121
