348
0.031069 0.022899
0.025973 0.036941
0.04641 0.022019
0.031221 0.037077
0.022649 0.036941
0.031428 0.037099
0.051912 0.024028
0.053866 0.030618
0.061346 0.024542
0.042478 0.04228
0.040654 0.040274
0.042692 0.042728
0.070302 0.025834
0.064042 0.034437
0.074681 0.02815
0.048997 0.047316
0.046069 0.046353
0.048602 0.047179
0.08278 0.031722
0.05091 0.050268
0.086764 0.031737
0.07527 0.047036
0.050567 0.050914
0.048738 0.052986
0.088787 0.036423
0.048929 0.054432
0.097529 0.029428
0.090581 0.042687
0.047941 0.053709
0.050762 0.055211
0.1041 0.032934
0.055526 0.057928
0.10927 0.031028
0.094596 0.048593
0.055356 0.057456
0.054023 0.058159
0.11307 0.028369
0.049789 0.057723
0.11972 0.030558
0.10615 0.044984
0.048846 0.057802
0.12439 0.022505
0.039932 0.055425
0.12885 0.030187
0.11336 0.045218
0.039327 0.055346
0.13056 0.036094
0.040924 0.056796
0.13784 0.026653
0.04812 0.060092
0.04725 0.059773
0.14063 0.034616
0.11886 0.051798
0.14091 0.038589
0.12525 0.0514
0.062311 0.065531
0.14804 0.034154
0.12942 0.051874
0.151 0.036548
0.053489 0.063724
0.058296 0.065044
0.054467 0.063996
0.15605 0.036535
0.049164 0.062829
0.1651 0.029829
0.047206 0.062448
0.049154 0.062827
0.047163 0.062438
0.16162 0.038353
0.038117 0.0583
0.16279 0.041916
0.12004 0.061789
0.042028 0.060453
0.035925 0.056948
0.17468 0.02933
0.029696 0.061382
0.17891 0.028955
0.11036 0.065354
0.030794 0.058352
0.02691 0.068627
0.18156 0.029252
0.073512 0.073242
0.17296 0.04536
0.11528 0.0655
0.025158 0.063481
0.022833 0.050685
0.15266 0.052069
0.082922 0.070727
0.18168 0.041864
0.087421 0.07041
0.021872 0.053192
0.02158 0.067295
0.14856 0.054995
0.031687 0.065354
0.18919 0.033263
0.023508 0.089941
0.022493 0.084212
0.023544 0.09031
0.16409 0.055338
0.027231 0.078098
0.11475 0.069712
0.032076 0.076978
0.023637 0.091144
0.024206 0.095425
0.18763 0.046062
0.024655 0.099285
0.18306 0.056152
0.035166 0.064041
0.025161 0.10227
0.18496 0.055502
0.02682 0.084813
0.19155 0.044379
0.035288 0.066513
0.025761 0.10318
0.18586 0.059951
0.026572 0.10334
0.16808 0.059461
0.044092 0.066449
0.027101 0.10333
0.02819 0.10282
0.16004 0.058078
0.073322 0.077636
0.19925 0.031601
0.038113 0.082619
0.05958 0.073242
0.038498 0.092381
0.16316 0.060935
0.20002 0.034025
0.14248 0.061039
0.21162 0.02455
0.21073 0.033319
0.20408 0.045576
0.041014 0.086421
0.21405 0.041783
0.14438 0.06111
0.037761 0.092505
0.037472 0.092876
0.22688 0.033359
0.22361 0.03839
0.20667 0.058336
0.2126 0.055821
0.23015 0.037788
0.23208 0.038372
0.22682 0.043849
0.24469 0.041632
0.25817 0.041687
0.26422 0.042349
0.25991 0.021339
0.2745 0.022192
0.31678 0.020105
0.48193 0.020457
0.2372 0.023773
0.35871 0.020323
0.25111 0.027617
0.25148 0.028867
0.3033 0.022227
0.44495 0.020619
0.278 0.031129
0.28799 0.030912
0.33786 0.021213
0.43355 0.020923
0.27678 0.036184
0.29889 0.028269
0.37254 0.020822
0.41666 0.021373
0.30325 0.026862
0.28454 0.044555
0.46757 0.021631
0.38549 0.021558
0.2971 0.033367
0.44097 0.02174
0.68725 0.020264
0.63577 0.020332
0.77977 0.020485
0.73891 0.02186
0.76273 0.023883
0.5257 0.020661
0.71745 0.023553
0.63026 0.021146
0.61735 0.021429
0.74269 0.027657
0.74426 0.030347
0.57657 0.021527
0.6574 0.022008
0.72204 0.027319
0.7412 0.03433
0.59614 0.022205
0.6767 0.023081
0.73041 0.036169
0.7261 0.036522
0.66545 0.023164
0.55827 0.022678
0.70108 0.025821
0.72306 0.043152
0.51886 0.022609
0.71127 0.030546
0.78826 0.021589
0.7896 0.028697
0.80111 0.038125
0.83997 0.062435
0.79143 0.040884
0.82305 0.059729
0.78363 0.048447
0.76359 0.030634
0.93469 0.072729
0.76821 0.033994
0.75949 0.035103
0.97688 0.074741
0.97708 0.053336
0.75009 0.036473
0.75334 0.040621
0.9428 0.069401
0.81458 0.058878
0.74083 0.043426
0.72495 0.046263
0.77496 0.058147
0.75854 0.044802
0.80695 0.042129
0.97434 0.083675
0.82546 0.058043
0.95149 0.066983
0.97508 0.039439
0.97842 0.04366
0.97634 0.046013
0.9767 0.048682
0.91354 0.07599
0.80628 0.055118
0.8103 0.042641
0.97877 0.045297
0.82243 0.053446
0.97886 0.04544
0.97885 0.045739
0.97882 0.044859
0.80984 0.034481
0.97867 0.043543
0.88092 0.07489
0.96935 0.084136
0.97865 0.043432
0.87986 0.07399
0.97716 0.038892
0.90658 0.075723
0.97682 0.03837
0.97745 0.0394
0.97601 0.03729
0.82033 0.044184
0.97151 0.081943
0.84265 0.057548
0.9734 0.035272
0.97478 0.036111
0.97421 0.035708
0.81981 0.036844
0.96018 0.069148
0.82645 0.046889
0.93353 0.07088
0.97201 0.034721
0.83004 0.049019
0.91304 0.07293
0.84932 0.056987
0.96626 0.040068
0.96627 0.035089
0.96646 0.040279
0.83821 0.050704
0.96818 0.042388
0.83498 0.04503
0.96939 0.045072
0.96894 0.043814
0.96938 0.045009
0.83541 0.044391
0.97075 0.049778
0.84244 0.047901
0.90304 0.071752
0.97051 0.048946
0.97153 0.059642
0.8422 0.044651
0.89005 0.070152
0.83941 0.036918
0.9658 0.063879
0.96957 0.064377
0.96688 0.064254
0.84103 0.034658
0.86921 0.0613
0.84205 0.025645
0.86647 0.058149
0.95881 0.060777
0.95822 0.059749
0.84719 0.032393
0.95684 0.058641
0.85193 0.032756
0.86983 0.056285
0.95601 0.058121
0.95479 0.057392
0.86135 0.04374
0.87415 0.057005
0.8575 0.027043
0.89341 0.065095
0.95183 0.056233
0.95397 0.055939
0.86848 0.044576
0.95363 0.0556
0.87279 0.045874
0.88264 0.056474
0.95372 0.05568
0.95335 0.055087
0.86873 0.032344
0.89438 0.060924
0.87332 0.031053
0.88346 0.051578
0.95129 0.054501
0.88221 0.040968
0.89295 0.0543
0.87923 0.028632
0.89245 0.049935
0.93006 0.064384
0.92616 0.064209
0.88518 0.036034
0.89609 0.051014
0.88935 0.032572
0.90484 0.053488
0.9225 0.063489
0.92586 0.061534
0.89375 0.034082
0.92848 0.060723
0.90279 0.042845
0.9061 0.048005
0.92941 0.06044
0.93607 0.056363
0.90473 0.039294
0.916 0.049179
0.90949 0.038977
0.91523 0.043801
0.9374 0.053516
0.93786 0.050814
0.91052 0.030728
0.91756 0.042662
0.91602 0.025564
0.92613 0.038725
0.93937 0.04696
0.94258 0.044353
0.92287 0.02867
0.92963 0.03685
0.92745 0.025881
0.94998 0.034981
0.94543 0.040769
0.94703 0.038384
0.93857 0.026423
0.95264 0.032225
0.97165 0.021147
0.97147 0.027114
