348
0.075734 0.020647
0.050502 0.023294
0.13984 0.020532
0.076974 0.023824
0.033467 0.023371
0.077935 0.023833
0.16469 0.020917
0.1731 0.022729
0.19886 0.021768
0.1268 0.027111
0.12178 0.025774
0.12727 0.027308
0.21439 0.024657
0.20292 0.026737
0.21854 0.027359
0.14457 0.02703
0.13512 0.027606
0.14298 0.027043
0.22522 0.030322
0.1482 0.027686
0.23065 0.029165
0.20572 0.038866
0.14684 0.027998
0.13988 0.029335
0.22742 0.032884
0.14004 0.029841
0.25 0.025608
0.22038 0.037623
0.13753 0.030078
0.1456 0.02961
0.25886 0.02865
0.15736 0.03083
0.26743 0.026797
0.21965 0.037799
0.15718 0.030642
0.15283 0.030192
0.2744 0.024632
0.1417 0.030692
0.28609 0.026401
0.25528 0.036116
0.13874 0.031521
0.29329 0.021776
0.11707 0.029283
0.29934 0.026713
0.26951 0.035759
0.11525 0.028309
0.30092 0.030847
0.11928 0.03073
0.31242 0.023874
0.13548 0.032356
0.13259 0.03255
0.31641 0.027988
0.277 0.037417
0.31607 0.030318
0.28986 0.038816
0.15833 0.036096
0.33264 0.028553
0.29662 0.039614
0.33689 0.031019
0.14882 0.032616
0.1546 0.033882
0.15034 0.032707
0.34365 0.032056
0.13783 0.033585
0.35963 0.025668
0.13116 0.033942
0.13779 0.033582
0.13104 0.033972
0.35155 0.030678
0.11018 0.027738
0.35358 0.032861
0.27295 0.037988
0.12016 0.033131
0.098426 0.026915
0.37493 0.026631
0.070193 0.029229
0.37966 0.026626
0.22407 0.038282
0.075708 0.028934
0.056143 0.029685
0.38236 0.026699
0.15889 0.037701
0.37209 0.038301
0.25029 0.037867
0.047781 0.028408
0.035272 0.026066
0.33859 0.038985
0.17512 0.038419
0.3804 0.036368
0.18286 0.03804
0.030179 0.026513
0.028325 0.028939
0.33342 0.037925
0.0768 0.031122
0.39492 0.028737
0.034007 0.032825
0.030775 0.03176
0.034071 0.032899
0.35839 0.038375
0.054999 0.031375
0.2358 0.038826
0.07296 0.034515
0.034259 0.033068
0.035367 0.033976
0.39187 0.036534
0.035912 0.034776
0.38847 0.037792
0.090934 0.029463
0.036811 0.03526
0.39279 0.038387
0.050297 0.032446
0.40138 0.037688
0.089804 0.030209
0.038571 0.035404
0.40145 0.039649
0.041351 0.035486
0.36595 0.038548
0.12019 0.035523
0.04452 0.035519
0.050677 0.03578
0.34762 0.038649
0.15823 0.037659
0.40716 0.0275
0.096359 0.032682
0.13745 0.037739
0.085781 0.033796
0.35513 0.038852
0.40749 0.028752
0.31711 0.039452
0.41366 0.022697
0.41311 0.02716
0.40897 0.034779
0.10374 0.033559
0.41491 0.034435
0.32331 0.038091
0.081664 0.034212
0.080006 0.034274
0.43073 0.031233
0.42566 0.034576
0.41003 0.039528
0.41423 0.037016
0.43709 0.036954
0.43668 0.03705
0.42057 0.038738
0.41431 0.038128
0.4214 0.038653
0.45571 0.040356
0.45701 0.021935
0.4647 0.024637
0.4774 0.020722
0.50192 0.021762
0.43974 0.024963
0.48259 0.023208
0.44757 0.030885
0.4483 0.032852
0.4776 0.030141
0.49613 0.022257
0.47449 0.037796
0.47803 0.038035
0.48902 0.029682
0.49285 0.023721
0.47015 0.040716
0.48206 0.038884
0.48633 0.027387
0.49111 0.027442
0.48281 0.03877
0.49557 0.039343
0.49999 0.026131
0.49823 0.032051
0.49542 0.039395
0.49598 0.026703
0.53111 0.021306
0.51865 0.021225
0.58826 0.020329
0.55092 0.022513
0.57244 0.024522
0.50737 0.021622
0.53773 0.029866
0.51725 0.024077
0.51528 0.024828
0.55748 0.029082
0.56343 0.03245
0.51118 0.025036
0.52263 0.028705
0.52814 0.035179
0.5538 0.035141
0.51237 0.028108
0.5213 0.03369
0.52316 0.03793
0.5544 0.037953
0.52021 0.033751
0.50997 0.029945
0.52038 0.038286
0.50285 0.038913
0.50533 0.02819
0.52881 0.038568
0.60262 0.021145
0.60401 0.026263
0.62428 0.029101
0.70099 0.039624
0.6095 0.03428
0.66175 0.040138
0.61071 0.038409
0.57804 0.032377
0.89918 0.038849
0.58856 0.033796
0.58418 0.036892
0.96841 0.035083
0.96962 0.028728
0.57586 0.037326
0.59388 0.038618
0.91679 0.037951
0.64114 0.036204
0.55854 0.036765
0.50278 0.038931
0.64842 0.040465
0.61236 0.038643
0.63437 0.031362
0.96148 0.038296
0.66968 0.036819
0.92436 0.037053
0.96129 0.025171
0.97401 0.025752
0.9664 0.026731
0.96798 0.027419
0.8676 0.038534
0.62767 0.038005
0.64301 0.029515
0.97537 0.026207
0.66284 0.038325
0.97575 0.026247
0.97571 0.026333
0.97558 0.026081
0.64055 0.02663
0.97495 0.025721
0.78154 0.040627
0.94742 0.039535
0.97488 0.025691
0.77296 0.040138
0.96888 0.024671
0.8521 0.039189
0.96749 0.024585
0.97003 0.024763
0.96434 0.024466
0.66105 0.033499
0.95301 0.039115
0.70544 0.03973
0.95474 0.024279
0.95978 0.024336
0.95767 0.024314
0.66101 0.029273
0.93638 0.038947
0.67432 0.032509
0.8934 0.039281
0.95018 0.024429
0.68032 0.037127
0.86547 0.03957
0.72584 0.039855
0.9329 0.025446
0.93077 0.024168
0.93372 0.025514
0.68814 0.038632
0.94133 0.026678
0.68744 0.035868
0.94522 0.027801
0.94393 0.027231
0.94517 0.027773
0.68799 0.035614
0.94947 0.029473
0.69741 0.039298
0.83143 0.037456
0.94866 0.029223
0.95263 0.032748
0.69842 0.037081
0.79844 0.038212
0.6959 0.03196
0.93797 0.035594
0.94714 0.034785
0.93965 0.03613
0.70047 0.030083
0.74089 0.039741
0.702 0.023725
0.73606 0.040067
0.92578 0.034025
0.92376 0.033737
0.70942 0.027139
0.92063 0.033662
0.7194 0.026273
0.74456 0.039791
0.91825 0.033458
0.91397 0.033089
0.73124 0.039135
0.76036 0.03881
0.72965 0.024779
0.80962 0.038157
0.90801 0.031985
0.91128 0.032225
0.74436 0.033619
0.91045 0.031949
0.75781 0.035167
0.78056 0.039302
0.91067 0.032018
0.90959 0.031554
0.74441 0.026725
0.80825 0.038098
0.75563 0.026389
0.7797 0.03709
0.90481 0.031349
0.77102 0.031265
0.7946 0.039026
0.76309 0.025721
0.79197 0.03887
0.88076 0.040143
0.87248 0.040607
0.77548 0.028243
0.80099 0.03466
0.78306 0.02724
0.82027 0.037772
0.8705 0.039655
0.87131 0.040594
0.78962 0.029263
0.87267 0.040552
0.81408 0.033336
0.81898 0.037663
0.87374 0.040415
0.88026 0.039806
0.81524 0.031729
0.84621 0.034996
0.82055 0.03179
0.83726 0.029854
0.87774 0.03759
0.87532 0.036218
0.81846 0.026751
0.84273 0.031497
0.82723 0.022824
0.85696 0.031624
0.87341 0.033665
0.87411 0.031008
0.84342 0.024529
0.8616 0.028973
0.85163 0.023346
0.8768 0.025439
0.87419 0.02858
0.87451 0.027319
0.86768 0.022443
0.88304 0.02401
0.94846 0.020352
0.94795 0.022186
