348
0.04686 0.021205
0.033436 0.026703
0.090416 0.020626
0.047526 0.027116
0.025837 0.027788
0.048041 0.027133
0.11074 0.021023
0.11945 0.022594
0.14499 0.021929
0.079374 0.029004
0.07604 0.02759
0.07973 0.029222
0.15953 0.025187
0.14865 0.02723
0.16291 0.028597
0.094343 0.02841
0.086341 0.02922
0.093222 0.028389
0.16886 0.032145
0.097516 0.029422
0.17299 0.030666
0.15205 0.042735
0.096306 0.029719
0.090373 0.030976
0.17052 0.035115
0.090385 0.031565
0.18949 0.026154
0.16556 0.040981
0.088087 0.031771
0.095105 0.031551
0.19836 0.028378
0.10484 0.032331
0.20759 0.026572
0.1651 0.042279
0.10474 0.032132
0.10148 0.032687
0.21464 0.024616
0.091644 0.032713
0.22683 0.025918
0.19355 0.036334
0.088828 0.033277
0.23483 0.021609
0.071917 0.032401
0.24122 0.026451
0.206 0.035192
0.0706 0.031436
0.24196 0.030082
0.073632 0.034178
0.25712 0.02317
0.085947 0.034997
0.083897 0.035572
0.26195 0.026898
0.21122 0.03775
0.26102 0.028743
0.22547 0.037911
0.10454 0.037954
0.27596 0.029503
0.23388 0.03929
0.27899 0.031548
0.097385 0.035345
0.10234 0.03688
0.098779 0.035597
0.28663 0.030828
0.087614 0.035743
0.30374 0.025515
0.082615 0.03724
0.087583 0.035751
0.082511 0.037275
0.2967 0.030127
0.06695 0.030814
0.29827 0.032073
0.20735 0.040926
0.074294 0.037197
0.058839 0.031423
0.32069 0.025839
0.043386 0.036946
0.32686 0.025549
0.16865 0.043888
0.046218 0.0364
0.036233 0.038688
0.33059 0.025533
0.10423 0.042912
0.3192 0.035655
0.18767 0.042538
0.031726 0.037477
0.026432 0.033882
0.27624 0.040419
0.12539 0.037555
0.33038 0.03314
0.13816 0.040436
0.02427 0.035027
0.023507 0.040991
0.27061 0.039791
0.046756 0.040258
0.34536 0.026873
0.026519 0.050109
0.024861 0.048068
0.026562 0.05026
0.30005 0.038969
0.03615 0.042268
0.17672 0.043456
0.044742 0.046914
0.026681 0.050591
0.027393 0.052263
0.34156 0.033562
0.02783 0.053779
0.33782 0.037313
0.054064 0.036214
0.028413 0.05469
0.34171 0.036882
0.034265 0.044949
0.35029 0.033196
0.053383 0.037529
0.029387 0.054455
0.34886 0.037822
0.031127 0.053353
0.3108 0.037724
0.074194 0.041103
0.032489 0.052548
0.035181 0.051895
0.28946 0.040744
0.10374 0.043498
0.36223 0.026617
0.056052 0.041028
0.086594 0.043126
0.050661 0.045887
0.29771 0.039763
0.36284 0.027883
0.25686 0.038106
0.38713 0.022934
0.38473 0.027966
0.3659 0.03391
0.060616 0.042326
0.38705 0.03508
0.26155 0.038069
0.048534 0.047779
0.047606 0.048758
0.40497 0.03262
0.39902 0.035874
0.36728 0.039803
0.38095 0.038472
0.40584 0.038248
0.40469 0.039588
0.39305 0.040784
0.37957 0.040522
0.3935 0.041779
0.43033 0.037877
0.43384 0.021638
0.44483 0.023316
0.46174 0.020688
0.48464 0.021516
0.4162 0.024817
0.46605 0.02341
0.42414 0.030562
0.42437 0.032012
0.46131 0.029638
0.47829 0.022093
0.45915 0.035789
0.46276 0.037862
0.47054 0.030805
0.47505 0.023742
0.45347 0.038812
0.4644 0.040504
0.46903 0.028076
0.47335 0.027928
0.46468 0.040342
0.47279 0.039524
0.48214 0.025422
0.47841 0.031079
0.47262 0.039824
0.47813 0.02623
0.51771 0.021292
0.50514 0.021139
0.57284 0.020369
0.53881 0.022378
0.55831 0.024878
0.49203 0.021362
0.52426 0.029355
0.50377 0.023738
0.50159 0.024331
0.54548 0.029575
0.54927 0.033169
0.49677 0.024228
0.50905 0.028397
0.5128 0.034269
0.53948 0.034781
0.49812 0.02691
0.50651 0.032724
0.50707 0.037087
0.53851 0.040291
0.50513 0.032595
0.49467 0.028257
0.50295 0.03701
0.47922 0.037805
0.48925 0.026881
0.51228 0.038941
0.58757 0.021003
0.58947 0.025498
0.61316 0.027067
0.70345 0.040693
0.59783 0.031827
0.66524 0.037655
0.59963 0.035056
0.56388 0.033524
0.92274 0.041971
0.57127 0.035198
0.56734 0.037783
0.97344 0.043522
0.97357 0.033828
0.55907 0.039348
0.57569 0.038554
0.93492 0.047066
0.63796 0.034325
0.54301 0.038395
0.4791 0.037841
0.64686 0.038363
0.60199 0.036296
0.62803 0.028569
0.96909 0.047168
0.67315 0.03728
0.93945 0.047185
0.9681 0.027806
0.97627 0.029243
0.97152 0.030568
0.97249 0.031767
0.87558 0.044447
0.62164 0.033743
0.63716 0.028963
0.97712 0.029973
0.66516 0.035828
0.97735 0.030039
0.97733 0.030176
0.97725 0.029772
0.63442 0.025946
0.97686 0.029193
0.78481 0.039822
0.95774 0.046535
0.97681 0.029145
0.77624 0.039236
0.97308 0.027403
0.85606 0.040762
0.97221 0.027263
0.97379 0.027547
0.97018 0.026895
0.66014 0.031068
0.96361 0.046463
0.70671 0.039359
0.96401 0.02603
0.96717 0.02648
0.96589 0.026287
0.6587 0.027662
0.94508 0.047445
0.67425 0.032649
0.91644 0.040242
0.96049 0.025898
0.68237 0.03617
0.87286 0.044386
0.72658 0.038519
0.94625 0.027936
0.94487 0.026262
0.9468 0.027922
0.69269 0.039741
0.95313 0.028102
0.68919 0.035631
0.95638 0.029218
0.95532 0.028555
0.95634 0.029183
0.68965 0.035408
0.95986 0.032414
0.69991 0.038747
0.83686 0.040674
0.95915 0.031808
0.96283 0.037549
0.69956 0.036767
0.8066 0.038625
0.69479 0.031845
0.94838 0.040256
0.95801 0.038313
0.95063 0.03966
0.69774 0.030232
0.74982 0.040705
0.6993 0.023887
0.74476 0.039682
0.94104 0.042612
0.94013 0.04183
0.70697 0.027031
0.93815 0.040755
0.71679 0.026206
0.75186 0.039817
0.93682 0.039764
0.93477 0.038268
0.73556 0.034258
0.75893 0.040635
0.7278 0.023854
0.81686 0.039448
0.93064 0.036248
0.93309 0.036655
0.74849 0.033256
0.93253 0.036273
0.75702 0.035367
0.78408 0.036878
0.93268 0.036366
0.93191 0.035754
0.74726 0.026501
0.81587 0.03906
0.75615 0.026545
0.78355 0.034745
0.92806 0.03454
0.77379 0.029907
0.80241 0.036748
0.76503 0.025025
0.79911 0.035804
0.90051 0.041459
0.89145 0.041955
0.77968 0.027756
0.80841 0.034572
0.78704 0.026609
0.82848 0.040264
0.88459 0.042234
0.88866 0.041166
0.79492 0.028082
0.89187 0.041236
0.81962 0.03337
0.82665 0.038879
0.89367 0.041192
0.90124 0.03867
0.82058 0.032119
0.8489 0.033583
0.827 0.033125
0.84064 0.031509
0.90005 0.037114
0.89801 0.036278
0.82448 0.027623
0.84608 0.030878
0.83205 0.023242
0.86093 0.0307
0.89574 0.034146
0.89795 0.031572
0.84633 0.024236
0.86533 0.029163
0.85522 0.02321
0.90215 0.025553
0.89881 0.029037
0.8995 0.027668
0.87582 0.02311
0.9074 0.02402
0.95906 0.020448
0.95864 0.022742
