348
0.06469 0.020814
0.043968 0.024043
0.11636 0.020507
0.065674 0.02483
0.030551 0.024322
0.066436 0.024858
0.14193 0.020926
0.15021 0.022689
0.17486 0.021866
0.10319 0.028024
0.099334 0.027002
0.1036 0.028189
0.19051 0.024545
0.17868 0.026753
0.19456 0.027515
0.12117 0.026806
0.11154 0.027692
0.11964 0.026802
0.20144 0.030933
0.12538 0.027474
0.20599 0.029823
0.17929 0.040364
0.12378 0.027764
0.11624 0.028898
0.2034 0.033766
0.11622 0.029382
0.22438 0.025619
0.19673 0.038043
0.1135 0.029709
0.12203 0.029309
0.23348 0.02829
0.13434 0.03037
0.24283 0.026412
0.19597 0.038908
0.13418 0.030176
0.12993 0.029997
0.24997 0.024594
0.11754 0.030277
0.26167 0.026088
0.2302 0.035495
0.11418 0.030916
0.26953 0.021674
0.095097 0.032036
0.27567 0.026762
0.24367 0.034766
0.093908 0.031062
0.27684 0.030795
0.096576 0.033514
0.28925 0.023651
0.11043 0.032616
0.1075 0.033335
0.29343 0.027408
0.25045 0.036664
0.29265 0.029542
0.26509 0.038287
0.13466 0.035183
0.30875 0.028737
0.27292 0.039118
0.31273 0.030878
0.12501 0.032195
0.13107 0.033513
0.12691 0.032323
0.32024 0.031185
0.11237 0.033103
0.33615 0.025948
0.10562 0.034971
0.11233 0.033113
0.1055 0.035017
0.32928 0.030541
0.09046 0.030321
0.33149 0.03266
0.24655 0.037808
0.096931 0.036288
0.082401 0.029551
0.35109 0.027372
0.060777 0.031346
0.35598 0.027882
0.20097 0.040113
0.065087 0.031175
0.049544 0.031813
0.35853 0.02808
0.13514 0.037755
0.35422 0.04042
0.22663 0.0393
0.041854 0.030382
0.031964 0.02774
0.31284 0.038674
0.153 0.038665
0.36144 0.039876
0.16183 0.039057
0.027975 0.028314
0.026652 0.03141
0.3055 0.037973
0.066332 0.033876
0.36781 0.030809
0.032764 0.036248
0.029426 0.03499
0.032855 0.036335
0.33617 0.038574
0.049464 0.033856
0.21136 0.040067
0.06392 0.037669
0.033105 0.036531
0.034582 0.03756
0.36746 0.041845
0.035528 0.038497
0.3664 0.044443
0.076981 0.032507
0.036734 0.039151
0.36833 0.044815
0.046375 0.034996
0.37204 0.04017
0.076234 0.033403
0.038637 0.039252
0.37201 0.04523
0.041643 0.039077
0.34766 0.039613
0.096577 0.039325
0.043948 0.03897
0.048515 0.039311
0.32609 0.039416
0.1344 0.037785
0.37871 0.028892
0.08091 0.037163
0.10993 0.038608
0.073779 0.03837
0.33365 0.038884
0.37921 0.030449
0.29028 0.039094
0.40173 0.022909
0.39956 0.028022
0.38125 0.037817
0.085977 0.039771
0.40258 0.035057
0.29459 0.038411
0.07069 0.038756
0.069418 0.039078
0.42108 0.033827
0.41584 0.036144
0.38216 0.04421
0.3979 0.039208
0.42493 0.041065
0.42456 0.041735
0.40991 0.040853
0.39697 0.041214
0.41076 0.041245
0.44068 0.043873
0.44252 0.022209
0.44997 0.024835
0.46217 0.020842
0.48191 0.021911
0.42885 0.0263
0.46621 0.023942
0.43499 0.033716
0.43552 0.035741
0.4619 0.031856
0.47682 0.022525
0.45854 0.040225
0.46123 0.041756
0.47003 0.032428
0.47404 0.024406
0.45425 0.043919
0.46278 0.043196
0.46881 0.029238
0.47256 0.029224
0.46316 0.043086
0.47145 0.042411
0.47991 0.026724
0.4767 0.033416
0.47128 0.042605
0.47669 0.027507
0.51022 0.021536
0.49814 0.021275
0.55796 0.020396
0.526 0.022858
0.54385 0.025295
0.48759 0.021749
0.51488 0.032177
0.49679 0.024222
0.49495 0.024975
0.53197 0.030818
0.53624 0.034548
0.49125 0.025106
0.50227 0.029323
0.50777 0.036755
0.52548 0.037421
0.49228 0.028221
0.50143 0.034461
0.50377 0.039509
0.52443 0.04155
0.50011 0.034377
0.48972 0.030203
0.50034 0.039398
0.47726 0.041459
0.48545 0.028926
0.50858 0.0416
0.56991 0.021443
0.57119 0.028046
0.58716 0.030913
0.65551 0.041725
0.5757 0.037698
0.62242 0.042961
0.57587 0.042747
0.54965 0.03432
0.87762 0.035317
0.55776 0.036232
0.55433 0.038683
0.96546 0.031042
0.9662 0.026426
0.547 0.040988
0.56321 0.041352
0.89648 0.036436
0.60121 0.04035
0.52995 0.039941
0.47715 0.041481
0.60674 0.044062
0.57672 0.044328
0.59641 0.033488
0.95547 0.033672
0.62754 0.041751
0.90508 0.035406
0.95437 0.023922
0.97194 0.024274
0.96169 0.025064
0.96383 0.025549
0.81946 0.037869
0.59011 0.041994
0.60248 0.032245
0.97377 0.024612
0.62291 0.040961
0.97428 0.024642
0.97423 0.024706
0.97405 0.024519
0.60076 0.028337
0.9732 0.024251
0.72664 0.041169
0.93567 0.035457
0.9731 0.024229
0.71735 0.039803
0.96504 0.023461
0.79128 0.038469
0.96316 0.023443
0.96658 0.023503
0.95875 0.023371
0.61979 0.034744
0.94558 0.034228
0.65975 0.042428
0.9468 0.023191
0.9525 0.023296
0.95011 0.023249
0.61899 0.030055
0.91571 0.035518
0.62992 0.036543
0.87004 0.035778
0.94045 0.023318
0.63482 0.040445
0.81458 0.037203
0.67284 0.044689
0.91647 0.024565
0.91417 0.023564
0.91739 0.024584
0.64205 0.040757
0.92775 0.02486
0.64048 0.03785
0.933 0.025409
0.93125 0.025055
0.93293 0.02539
0.64102 0.037495
0.93948 0.027045
0.65196 0.039602
0.77334 0.039126
0.93814 0.026769
0.94476 0.029454
0.65209 0.037527
0.7444 0.040511
0.64847 0.032182
0.92053 0.032014
0.93614 0.030622
0.92413 0.031919
0.65206 0.030674
0.68567 0.041633
0.65348 0.024106
0.68095 0.043233
0.90764 0.032794
0.90587 0.03244
0.66053 0.028179
0.90213 0.032169
0.66844 0.027709
0.68887 0.040795
0.89964 0.031915
0.89601 0.031442
0.67739 0.041993
0.70022 0.040561
0.67688 0.025622
0.75344 0.04013
0.88955 0.030501
0.89323 0.03057
0.68949 0.034251
0.89235 0.030367
0.70005 0.035465
0.72599 0.038655
0.89258 0.030416
0.89141 0.030078
0.69024 0.027042
0.75257 0.039926
0.70064 0.026479
0.72551 0.036275
0.88603 0.029687
0.71633 0.030359
0.74127 0.039427
0.70824 0.0256
0.73834 0.038658
0.85334 0.037982
0.84112 0.038573
0.72177 0.028259
0.74653 0.036529
0.7293 0.027195
0.76432 0.039543
0.83201 0.037904
0.83728 0.037989
0.73582 0.029228
0.84164 0.038227
0.75717 0.034297
0.76296 0.038879
0.84413 0.037883
0.85378 0.03612
0.75847 0.032744
0.78708 0.033299
0.76436 0.032878
0.77903 0.030632
0.85191 0.034669
0.84926 0.033838
0.76264 0.027597
0.78448 0.030818
0.77047 0.023139
0.80083 0.029152
0.84612 0.031984
0.84847 0.029797
0.78554 0.024236
0.80738 0.027135
0.7947 0.022833
0.85319 0.024774
0.84936 0.027663
0.85012 0.026517
0.82113 0.02237
0.85925 0.023544
0.93781 0.020258
0.93704 0.021582
