348
0.058052 0.021032
0.042037 0.024952
0.094073 0.020856
0.05876 0.026141
0.029784 0.024623
0.059359 0.026202
0.10768 0.021715
0.11244 0.024676
0.12751 0.022665
0.084509 0.029838
0.08094 0.029023
0.084883 0.030034
0.1403 0.024579
0.13029 0.029224
0.14547 0.026932
0.096609 0.031887
0.0911 0.031559
0.095889 0.031823
0.15345 0.030755
0.098994 0.033529
0.15767 0.030901
0.1391 0.041506
0.098153 0.033867
0.094361 0.035016
0.15801 0.035212
0.094471 0.035859
0.17007 0.028874
0.15745 0.040787
0.09284 0.035457
0.097513 0.036372
0.17628 0.032455
0.10477 0.038561
0.18215 0.031055
0.15952 0.045764
0.10464 0.038255
0.10235 0.038467
0.1861 0.028655
0.095605 0.037832
0.19215 0.031324
0.17515 0.043359
0.093975 0.03788
0.19657 0.02271
0.078745 0.03648
0.20054 0.030961
0.18307 0.045197
0.077721 0.036399
0.20081 0.037278
0.080375 0.037251
0.20911 0.026909
0.092586 0.039309
0.091115 0.039116
0.21087 0.035003
0.18733 0.052879
0.21035 0.039098
0.19334 0.054015
0.10638 0.04622
0.2186 0.033921
0.19686 0.054544
0.22144 0.036133
0.10005 0.042006
0.10421 0.044327
0.1011 0.042394
0.2271 0.036005
0.094096 0.041014
0.23691 0.02976
0.090877 0.040828
0.094079 0.041013
0.090805 0.04082
0.23311 0.037927
0.075642 0.03775
0.23426 0.041347
0.18679 0.061019
0.082125 0.039422
0.071419 0.036354
0.24632 0.029741
0.055402 0.034093
0.25027 0.029423
0.16458 0.056231
0.058658 0.033774
0.046213 0.034497
0.25271 0.029748
0.10853 0.054664
0.24444 0.046384
0.17611 0.058209
0.039843 0.032207
0.030724 0.02832
0.22155 0.04956
0.12189 0.053466
0.25238 0.043048
0.12786 0.054785
0.027111 0.028965
0.026093 0.032527
0.21625 0.052561
0.061583 0.03706
0.25984 0.033674
0.032813 0.038538
0.029296 0.03688
0.032923 0.03865
0.23624 0.053817
0.046879 0.037393
0.17053 0.058294
0.062097 0.041614
0.033219 0.038906
0.034994 0.0403
0.25788 0.047235
0.036281 0.041601
0.25434 0.05844
0.070017 0.039247
0.037821 0.042745
0.25635 0.057562
0.045 0.039
0.26182 0.044725
0.070227 0.040539
0.039781 0.043392
0.25854 0.060034
0.042451 0.04403
0.24094 0.059243
0.085288 0.043245
0.044164 0.04444
0.047683 0.045192
0.23174 0.05517
0.10835 0.056567
0.26996 0.03125
0.074517 0.051384
0.096265 0.054374
0.073744 0.056793
0.23602 0.058315
0.27068 0.033556
0.20833 0.060149
0.2832 0.024274
0.28222 0.032498
0.27469 0.044081
0.077816 0.055409
0.28594 0.040508
0.2105 0.059416
0.072733 0.0559
0.072276 0.055653
0.29921 0.033684
0.29638 0.038497
0.27858 0.054879
0.28464 0.052095
0.30257 0.038497
0.30438 0.039179
0.29993 0.043436
0.31637 0.041414
0.33132 0.041629
0.3386 0.043129
0.33125 0.021373
0.34446 0.022715
0.37 0.020276
0.48464 0.020258
0.30871 0.023918
0.38379 0.020846
0.32246 0.027628
0.32283 0.028879
0.36455 0.024614
0.44615 0.020373
0.34774 0.034225
0.35621 0.035164
0.37695 0.023669
0.4295 0.020658
0.34851 0.04052
0.36445 0.035493
0.38991 0.021727
0.40855 0.021425
0.36594 0.0344
0.36699 0.045102
0.46693 0.020921
0.3966 0.022669
0.37323 0.045802
0.44043 0.02111
0.6475 0.020881
0.62053 0.020377
0.7152 0.020429
0.67206 0.022236
0.69516 0.023442
0.53682 0.0202
0.65767 0.027655
0.61609 0.021151
0.60787 0.021022
0.67529 0.028739
0.67675 0.031594
0.57522 0.020509
0.63594 0.023774
0.65787 0.033782
0.67263 0.03684
0.58741 0.020941
0.64445 0.028611
0.64876 0.042218
0.63012 0.040785
0.63981 0.027042
0.55942 0.021018
0.64184 0.03708
0.60989 0.043626
0.5173 0.021091
0.61968 0.039391
0.72456 0.021484
0.72597 0.028186
0.73754 0.037665
0.78591 0.055972
0.72841 0.039964
0.75892 0.056299
0.72132 0.046315
0.69616 0.029345
0.93138 0.05498
0.7017 0.031941
0.69116 0.033944
0.97459 0.052045
0.97538 0.038943
0.68144 0.03736
0.68423 0.040819
0.94022 0.054101
0.74524 0.056963
0.66656 0.043042
0.60989 0.044075
0.71078 0.051185
0.68923 0.042366
0.74296 0.041587
0.96968 0.057015
0.76272 0.054989
0.94519 0.051686
0.97135 0.030399
0.97732 0.032773
0.97391 0.034237
0.97463 0.035953
0.89472 0.05269
0.73747 0.055624
0.7464 0.041892
0.97793 0.033783
0.75912 0.050929
0.9781 0.033873
0.97808 0.034063
0.97802 0.033505
0.74645 0.033998
0.97773 0.032704
0.82966 0.056003
0.96094 0.059058
0.9777 0.032638
0.82665 0.055896
0.97499 0.030106
0.87953 0.053228
0.97437 0.029827
0.97551 0.030378
0.97289 0.02925
0.75741 0.042703
0.96486 0.056676
0.78763 0.053858
0.96803 0.028043
0.9706 0.028619
0.96955 0.028365
0.75702 0.035991
0.95179 0.05254
0.76418 0.045032
0.92881 0.053549
0.96544 0.027633
0.7681 0.046752
0.89314 0.051144
0.79488 0.054571
0.95544 0.030256
0.95435 0.027687
0.95586 0.030368
0.77769 0.047889
0.95965 0.031538
0.77352 0.043063
0.9622 0.033119
0.96125 0.032364
0.96216 0.03308
0.774 0.042507
0.96507 0.036121
0.78251 0.045538
0.87146 0.053171
0.96457 0.035567
0.96641 0.042512
0.78198 0.042721
0.84758 0.054849
0.77832 0.035831
0.95684 0.046
0.96287 0.045709
0.95839 0.046056
0.78002 0.033724
0.80864 0.055958
0.78089 0.025289
0.8066 0.054935
0.94883 0.044888
0.94811 0.044072
0.78661 0.031639
0.94647 0.043222
0.79171 0.032002
0.80994 0.051819
0.94547 0.042788
0.94398 0.042206
0.80214 0.042178
0.81534 0.050159
0.79728 0.026581
0.85126 0.05215
0.9404 0.041462
0.9427 0.041046
0.80952 0.041699
0.94222 0.040794
0.81462 0.041695
0.8304 0.047011
0.94235 0.040852
0.94174 0.0404
0.8095 0.03087
0.85111 0.049755
0.81479 0.029408
0.83068 0.043716
0.93897 0.040121
0.82715 0.036796
0.84602 0.045312
0.82196 0.027088
0.84353 0.04231
0.91811 0.047731
0.91089 0.046373
0.83035 0.032818
0.84922 0.042917
0.83505 0.029936
0.86331 0.044191
0.90393 0.045697
0.90801 0.044479
0.84117 0.03098
0.91187 0.044457
0.85608 0.037163
0.86247 0.040593
0.91327 0.044494
0.9204 0.042366
0.85764 0.034745
0.87873 0.040123
0.86411 0.034533
0.87444 0.03745
0.91996 0.040288
0.91846 0.0384
0.86241 0.028237
0.87762 0.036574
0.86918 0.024255
0.88883 0.033095
0.91723 0.035814
0.91965 0.033917
0.87813 0.026439
0.89265 0.031377
0.88436 0.024199
0.92393 0.02797
0.92098 0.031531
0.92159 0.030041
0.90098 0.023854
0.92722 0.026396
0.96438 0.020592
0.96405 0.023666
