348
0.067461 0.020803
0.046539 0.023886
0.11858 0.020588
0.06845 0.024762
0.031851 0.023847
0.069217 0.024788
0.14172 0.02098
0.14957 0.022911
0.17428 0.021788
0.10707 0.028281
0.10276 0.026972
0.10748 0.028483
0.18982 0.024619
0.17832 0.026765
0.19402 0.027287
0.12295 0.027669
0.11434 0.028532
0.12147 0.027715
0.20079 0.030201
0.12631 0.028312
0.20625 0.029028
0.18111 0.038865
0.12504 0.028677
0.11862 0.030316
0.203 0.032719
0.11877 0.03087
0.22603 0.025483
0.19589 0.037442
0.11649 0.031217
0.1239 0.030457
0.23509 0.028358
0.13481 0.031586
0.24407 0.026475
0.19515 0.037619
0.13464 0.031386
0.13059 0.030937
0.25141 0.024341
0.12029 0.031753
0.2641 0.025828
0.23142 0.035667
0.11758 0.032775
0.27206 0.021614
0.098792 0.0316
0.27864 0.026083
0.24626 0.034962
0.097363 0.030523
0.2804 0.029825
0.10063 0.033194
0.29318 0.023674
0.11466 0.033845
0.11211 0.034203
0.29752 0.027792
0.25417 0.036211
0.29724 0.030041
0.26845 0.037122
0.13571 0.037214
0.31307 0.028869
0.276 0.037784
0.31735 0.031445
0.12688 0.033626
0.13224 0.034876
0.12829 0.033682
0.32388 0.032571
0.11676 0.035107
0.33889 0.025824
0.11086 0.035858
0.11672 0.035105
0.11076 0.035899
0.33127 0.031222
0.093557 0.030159
0.33328 0.033447
0.24989 0.036927
0.10138 0.036043
0.084998 0.029356
0.35345 0.027159
0.06304 0.031296
0.35773 0.027258
0.19963 0.038075
0.06744 0.031084
0.051288 0.031498
0.36033 0.027291
0.13625 0.038926
0.352 0.039259
0.22633 0.037468
0.044248 0.029866
0.033438 0.026948
0.31953 0.039672
0.15146 0.039619
0.35933 0.037675
0.15874 0.038987
0.028957 0.027402
0.027326 0.030159
0.31446 0.038572
0.068311 0.033845
0.37215 0.028898
0.032326 0.034653
0.029481 0.033366
0.032381 0.034739
0.33836 0.038936
0.050326 0.033472
0.21149 0.038471
0.065248 0.037875
0.032547 0.034938
0.033522 0.036011
0.36958 0.037184
0.034002 0.036945
0.36672 0.038548
0.079577 0.032477
0.034793 0.037531
0.37049 0.039066
0.046367 0.034675
0.3785 0.03697
0.078688 0.033399
0.036342 0.037758
0.37857 0.038949
0.038784 0.037949
0.34601 0.039557
0.10141 0.038961
0.041502 0.038097
0.046687 0.038619
0.32808 0.039558
0.13562 0.038885
0.38493 0.02685
0.083511 0.037054
0.11642 0.039749
0.075484 0.037799
0.33525 0.039619
0.38531 0.027981
0.29972 0.039025
0.39243 0.02256
0.39177 0.026758
0.38725 0.033485
0.088829 0.038504
0.39436 0.03382
0.30522 0.038432
0.072193 0.038018
0.070869 0.037969
0.40928 0.03245
0.40511 0.035358
0.38894 0.037845
0.39395 0.036161
0.41641 0.039325
0.41613 0.039415
0.40119 0.038824
0.39419 0.037216
0.40195 0.038874
0.43254 0.04059
0.43203 0.021969
0.44016 0.024422
0.4538 0.020682
0.47682 0.021927
0.41674 0.025703
0.4596 0.023123
0.42367 0.032325
0.42463 0.034289
0.45406 0.029583
0.47185 0.022472
0.45377 0.036704
0.45885 0.037288
0.46551 0.030497
0.46905 0.02415
0.44978 0.039369
0.46276 0.038676
0.46299 0.0276
0.46748 0.028273
0.4633 0.038732
0.47348 0.040871
0.4751 0.026719
0.47404 0.033146
0.47339 0.040966
0.47171 0.027341
0.50496 0.021297
0.49269 0.021277
0.56062 0.020351
0.52599 0.022408
0.54539 0.024939
0.48216 0.021748
0.51104 0.029468
0.49142 0.024257
0.48963 0.025071
0.53261 0.029601
0.53796 0.033769
0.48577 0.025343
0.49641 0.029056
0.5013 0.03534
0.52815 0.034945
0.48693 0.028537
0.49501 0.034238
0.49661 0.038729
0.52847 0.038068
0.49408 0.034297
0.48459 0.030602
0.49428 0.03916
0.47915 0.040168
0.48027 0.02886
0.50165 0.038916
0.57463 0.02111
0.57624 0.026024
0.60097 0.026538
0.68659 0.039011
0.58139 0.032363
0.6502 0.039224
0.58135 0.035678
0.55129 0.033228
0.89979 0.037673
0.56072 0.034609
0.55709 0.037506
0.96932 0.035308
0.96982 0.028886
0.54946 0.038899
0.56592 0.038308
0.91554 0.038806
0.62386 0.033219
0.5335 0.037869
0.47908 0.040193
0.63268 0.036375
0.58252 0.035799
0.61557 0.028549
0.96328 0.037986
0.65636 0.037828
0.92239 0.037906
0.96162 0.025082
0.97412 0.025858
0.96664 0.026786
0.9682 0.027539
0.86025 0.036442
0.60442 0.032923
0.62601 0.027974
0.97546 0.026321
0.65098 0.037731
0.97583 0.026363
0.97579 0.02645
0.97566 0.026194
0.62313 0.025391
0.97504 0.025826
0.77522 0.038986
0.94768 0.038819
0.97497 0.025796
0.76679 0.03944
0.96908 0.024755
0.84202 0.039569
0.96772 0.024648
0.97021 0.024851
0.96463 0.024457
0.64807 0.032555
0.95485 0.038331
0.69082 0.038705
0.95494 0.024067
0.96015 0.02423
0.95807 0.024164
0.6473 0.028503
0.93303 0.038687
0.6599 0.033735
0.89298 0.037299
0.94992 0.024109
0.66583 0.037705
0.8572 0.037698
0.71096 0.037571
0.93128 0.025449
0.92927 0.024238
0.93205 0.025483
0.67335 0.038911
0.94016 0.026251
0.67243 0.035946
0.94445 0.027075
0.94303 0.026626
0.94439 0.027052
0.67297 0.035707
0.94918 0.028753
0.68349 0.038285
0.82354 0.038642
0.94825 0.028468
0.95314 0.031981
0.68412 0.036281
0.79361 0.036888
0.68149 0.03155
0.93552 0.034871
0.94697 0.033424
0.93779 0.035154
0.68555 0.029769
0.72936 0.037218
0.68706 0.023648
0.72271 0.037331
0.92399 0.034792
0.92222 0.034381
0.69486 0.02662
0.91941 0.034165
0.70598 0.02556
0.73379 0.036843
0.91722 0.033853
0.91367 0.033324
0.71804 0.036263
0.75281 0.038417
0.71771 0.024129
0.80339 0.038703
0.90769 0.031931
0.91094 0.032347
0.73436 0.031545
0.9101 0.032038
0.74974 0.034689
0.77409 0.037578
0.91032 0.032115
0.90921 0.031598
0.73493 0.025722
0.80249 0.038252
0.74743 0.026073
0.77305 0.035435
0.90444 0.031059
0.76316 0.030745
0.78939 0.036823
0.75487 0.0257
0.78637 0.036365
0.87741 0.037563
0.86628 0.038121
0.76774 0.02779
0.79622 0.033867
0.77574 0.026606
0.81328 0.038688
0.86384 0.036923
0.86471 0.03806
0.78342 0.028169
0.86655 0.037979
0.80815 0.033661
0.81219 0.038306
0.868 0.037698
0.8768 0.037092
0.80958 0.03206
0.83807 0.035123
0.81483 0.03222
0.83093 0.030505
0.87359 0.035139
0.87068 0.033948
0.81327 0.027004
0.83567 0.031975
0.82188 0.022952
0.85005 0.031101
0.86848 0.031778
0.86963 0.029509
0.83696 0.024705
0.85527 0.028299
0.84498 0.023335
0.87281 0.024711
0.86978 0.027418
0.87017 0.026329
0.86219 0.022169
0.87999 0.023489
0.94802 0.020323
0.94746 0.021991
