348
0.076045 0.020756
0.052896 0.023293
0.12888 0.020548
0.077219 0.024479
0.035033 0.023079
0.078128 0.024498
0.15181 0.020869
0.16264 0.022111
0.18925 0.021963
0.11639 0.028175
0.11256 0.02696
0.11678 0.028368
0.20436 0.024558
0.19326 0.027323
0.20886 0.027008
0.13356 0.027444
0.12431 0.028076
0.13188 0.027387
0.21564 0.029315
0.13724 0.028313
0.22199 0.028531
0.1961 0.03915
0.13587 0.028598
0.12885 0.029625
0.21699 0.031772
0.1288 0.030167
0.2432 0.025471
0.20947 0.037295
0.1263 0.030395
0.1343 0.030261
0.25166 0.028865
0.14485 0.032002
0.26008 0.027188
0.20865 0.037537
0.14474 0.031793
0.14096 0.031117
0.26606 0.024716
0.12989 0.031166
0.27869 0.025602
0.24572 0.03615
0.12676 0.031938
0.28722 0.02156
0.10879 0.031676
0.29421 0.026135
0.26022 0.036905
0.10743 0.030534
0.29608 0.03006
0.10986 0.033395
0.30783 0.023701
0.12302 0.033326
0.11976 0.034221
0.31212 0.027771
0.2672 0.037746
0.31206 0.030058
0.28278 0.036513
0.14453 0.038229
0.32713 0.029116
0.29114 0.037479
0.33159 0.031923
0.13645 0.033744
0.14159 0.035448
0.13793 0.033829
0.3387 0.032759
0.12489 0.034332
0.35219 0.026069
0.11755 0.035966
0.12485 0.03433
0.11742 0.036003
0.34564 0.031599
0.10337 0.029934
0.3474 0.034144
0.26289 0.038475
0.10952 0.036514
0.094469 0.02903
0.36726 0.026891
0.070514 0.03052
0.3718 0.027355
0.21291 0.037194
0.076145 0.030433
0.057966 0.030346
0.37433 0.027318
0.14474 0.038915
0.36364 0.039006
0.24057 0.037588
0.049951 0.028189
0.037047 0.025587
0.33517 0.040546
0.16679 0.033375
0.37219 0.038249
0.17921 0.038347
0.031363 0.025845
0.029289 0.028008
0.33019 0.03989
0.077408 0.033027
0.38556 0.029391
0.034738 0.03177
0.031539 0.030564
0.034787 0.031843
0.35075 0.040346
0.056162 0.032013
0.22474 0.037459
0.072941 0.036775
0.034945 0.032014
0.035871 0.032926
0.38129 0.038409
0.036231 0.033706
0.37828 0.039995
0.089593 0.032357
0.036998 0.034147
0.38196 0.039913
0.050866 0.03238
0.3908 0.037359
0.088869 0.033302
0.038686 0.034379
0.39057 0.038585
0.041295 0.034651
0.35772 0.039487
0.10863 0.03963
0.044109 0.034905
0.049829 0.035463
0.34351 0.040562
0.1441 0.038841
0.39819 0.027112
0.094608 0.037047
0.12248 0.038873
0.086307 0.037667
0.34845 0.040804
0.39857 0.028289
0.31424 0.038562
0.40509 0.022553
0.40451 0.026728
0.40036 0.033996
0.098884 0.038097
0.40646 0.03409
0.32171 0.03978
0.082634 0.036921
0.08106 0.036793
0.42231 0.03208
0.41755 0.035124
0.40146 0.03853
0.40576 0.036564
0.42717 0.038732
0.42686 0.038782
0.41248 0.038734
0.40584 0.03772
0.41339 0.038734
0.44329 0.037334
0.4489 0.021554
0.45864 0.023881
0.47281 0.020742
0.49639 0.021846
0.43043 0.025355
0.47798 0.023256
0.43704 0.030461
0.43706 0.032367
0.47295 0.030448
0.49104 0.022375
0.46974 0.037279
0.47447 0.038902
0.48357 0.030038
0.48781 0.023915
0.46458 0.03768
0.47921 0.039228
0.48125 0.027529
0.48604 0.027789
0.48001 0.039223
0.49415 0.039839
0.4946 0.026365
0.4938 0.032424
0.49403 0.039852
0.49089 0.027062
0.52598 0.021255
0.5127 0.021181
0.58287 0.020348
0.54595 0.022395
0.56852 0.024822
0.50138 0.021691
0.53266 0.029561
0.51127 0.023925
0.50932 0.024699
0.55322 0.028541
0.5603 0.032364
0.50538 0.025107
0.51704 0.028335
0.52413 0.034836
0.54876 0.034578
0.50649 0.028148
0.51714 0.033278
0.52037 0.037313
0.54943 0.037052
0.51603 0.033411
0.50453 0.03013
0.51769 0.037372
0.50087 0.039341
0.49937 0.028636
0.52513 0.037471
0.59692 0.021153
0.59835 0.026316
0.62004 0.027818
0.70342 0.038628
0.60458 0.033816
0.66274 0.038359
0.60677 0.037654
0.57404 0.033622
0.90242 0.039258
0.58318 0.034725
0.57936 0.038374
0.97065 0.036016
0.97023 0.029274
0.57297 0.039174
0.58777 0.039618
0.91779 0.039465
0.63952 0.034585
0.55511 0.036101
0.50082 0.039351
0.64881 0.039872
0.6103 0.037231
0.63251 0.029951
0.96638 0.039034
0.6714 0.037596
0.92536 0.03901
0.96235 0.025442
0.97435 0.026098
0.96717 0.02713
0.96866 0.027873
0.87256 0.038795
0.62778 0.03677
0.64146 0.028614
0.97563 0.02658
0.66391 0.037569
0.97599 0.026623
0.97595 0.026714
0.97583 0.026447
0.63838 0.025717
0.97523 0.026065
0.78603 0.039272
0.95236 0.039614
0.97517 0.026033
0.77747 0.038975
0.96951 0.024958
0.85522 0.038499
0.9682 0.024863
0.97059 0.025052
0.96523 0.024718
0.66115 0.032444
0.9592 0.039535
0.70902 0.039724
0.95615 0.024464
0.96097 0.024554
0.95897 0.024519
0.66094 0.028519
0.93828 0.03955
0.67466 0.033832
0.89814 0.038987
0.95172 0.024588
0.68031 0.03829
0.87056 0.039944
0.72856 0.03947
0.93483 0.025736
0.93286 0.024416
0.93559 0.025794
0.68691 0.038331
0.94308 0.026868
0.6859 0.035656
0.94687 0.027934
0.94562 0.027381
0.94683 0.027907
0.68669 0.035385
0.95101 0.029736
0.69898 0.03725
0.83413 0.037872
0.95023 0.029431
0.95548 0.033286
0.69979 0.035432
0.80314 0.039947
0.69632 0.030631
0.93992 0.036273
0.95031 0.035069
0.94219 0.03674
0.70079 0.029306
0.74618 0.038808
0.70246 0.023515
0.7401 0.038458
0.92736 0.035568
0.92539 0.035196
0.71046 0.027425
0.92231 0.034984
0.71913 0.026743
0.75034 0.038477
0.92019 0.03464
0.91641 0.034028
0.73391 0.037492
0.76559 0.03814
0.72947 0.024472
0.81272 0.040469
0.91116 0.03252
0.91415 0.032976
0.74701 0.033602
0.91344 0.032646
0.76129 0.034686
0.78503 0.038018
0.91363 0.03273
0.91272 0.032125
0.74498 0.026699
0.81144 0.04033
0.75612 0.02587
0.78399 0.035635
0.90829 0.031789
0.77367 0.030152
0.79969 0.039842
0.76506 0.025112
0.79708 0.038799
0.88735 0.038527
0.87897 0.039746
0.77877 0.02755
0.80552 0.036215
0.78644 0.02679
0.82318 0.038821
0.87614 0.039624
0.87738 0.040021
0.79389 0.028948
0.87918 0.039683
0.81644 0.034908
0.82174 0.038927
0.88037 0.039429
0.88679 0.038278
0.81732 0.032898
0.84828 0.034958
0.82276 0.032357
0.83936 0.030066
0.88369 0.036594
0.88049 0.035609
0.82025 0.027097
0.84457 0.031564
0.82923 0.022769
0.85967 0.031005
0.87718 0.033408
0.87698 0.030782
0.8451 0.024502
0.86454 0.028708
0.8536 0.023128
0.87961 0.02524
0.87679 0.028413
0.87713 0.027161
0.8704 0.022451
0.88627 0.023718
0.95003 0.02036
0.94954 0.02223
