348
0.027673 0.024181
0.027224 0.04264
0.038178 0.022598
0.033605 0.042643
0.023204 0.04264
0.03384 0.042644
0.042542 0.024824
0.047742 0.031834
0.051587 0.024094
0.053209 0.042674
0.047309 0.042658
0.054448 0.04268
0.063443 0.023918
0.061071 0.031296
0.070652 0.024953
0.07296 0.042764
0.067236 0.042734
0.072153 0.042759
0.085374 0.02665
0.084636 0.042836
0.092236 0.026516
0.096055 0.035004
0.086748 0.042849
0.095412 0.042929
0.102 0.02875
0.10758 0.04306
0.11193 0.025046
0.11595 0.031775
0.10163 0.042996
0.11293 0.043142
0.12652 0.027082
0.1263 0.043381
0.13397 0.026132
0.13661 0.035272
0.12259 0.043314
0.13245 0.043502
0.13991 0.024668
0.1409 0.043679
0.15253 0.025849
0.15203 0.03345
0.14479 0.043762
0.1605 0.021348
0.16412 0.044637
0.16895 0.025364
0.16699 0.033288
0.16963 0.044994
0.18116 0.028173
0.18188 0.046126
0.18639 0.023516
0.18882 0.046804
0.18811 0.046728
0.19871 0.028184
0.19384 0.037457
0.20559 0.030749
0.20301 0.03815
0.19917 0.048095
0.21073 0.028902
0.21212 0.039544
0.21858 0.03115
0.21835 0.054564
0.21264 0.051975
0.21709 0.05392
0.2254 0.031815
0.22467 0.058629
0.2297 0.027063
0.22787 0.061059
0.22468 0.058641
0.22793 0.061109
0.23387 0.033469
0.23264 0.066923
0.2397 0.037135
0.24053 0.049883
0.2311 0.064499
0.23389 0.068975
0.24276 0.02688
0.2357 0.075583
0.24838 0.026622
0.24606 0.055299
0.23558 0.074425
0.23606 0.07994
0.2519 0.026835
0.24772 0.067907
0.25349 0.040579
0.25305 0.059758
0.23589 0.082387
0.23392 0.089395
0.25567 0.051793
0.25215 0.070245
0.25936 0.036664
0.25371 0.071277
0.2313 0.095291
0.22999 0.098898
0.26064 0.058343
0.24527 0.085287
0.26365 0.029771
0.2284 0.10779
0.22875 0.10373
0.22839 0.10823
0.26483 0.058
0.24184 0.095596
0.26214 0.073019
0.24697 0.093377
0.22838 0.10943
0.22771 0.11621
0.26796 0.040466
0.2261 0.12236
0.27022 0.052014
0.25219 0.094495
0.22549 0.13104
0.27093 0.050854
0.24172 0.11044
0.27167 0.038708
0.25337 0.097965
0.22731 0.13631
0.27425 0.055967
0.22959 0.13882
0.27283 0.069879
0.2574 0.098785
0.23102 0.13941
0.23387 0.13744
0.27289 0.073032
0.26292 0.093109
0.27652 0.029122
0.25326 0.10767
0.2602 0.099855
0.24672 0.12322
0.2801 0.085452
0.27843 0.031202
0.27362 0.080085
0.29052 0.024194
0.29013 0.032211
0.28625 0.043573
0.25373 0.11299
0.2942 0.041524
0.27601 0.084089
0.24619 0.12324
0.24585 0.12396
0.30587 0.032783
0.30236 0.037768
0.29089 0.06195
0.29372 0.060106
0.30856 0.036637
0.31037 0.03688
0.30467 0.043993
0.32326 0.036867
0.3378 0.03483
0.34488 0.034181
0.34962 0.020817
0.37716 0.021329
0.43014 0.020319
0.4832 0.022048
0.31731 0.023222
0.44621 0.022061
0.33601 0.025076
0.33658 0.025886
0.42409 0.023615
0.47872 0.025282
0.38269 0.027025
0.40025 0.027095
0.4352 0.025731
0.47685 0.027424
0.3751 0.029338
0.42095 0.030196
0.45213 0.028254
0.46973 0.030618
0.42406 0.031106
0.37398 0.033825
0.48114 0.031272
0.45372 0.034351
0.4182 0.033672
0.47833 0.034703
0.5643 0.020535
0.54434 0.021366
0.69615 0.020382
0.63273 0.020967
0.67375 0.022765
0.51899 0.023599
0.5979 0.023057
0.54299 0.024687
0.53974 0.025889
0.63994 0.023982
0.64315 0.025368
0.53056 0.027415
0.54952 0.028741
0.60366 0.025185
0.64024 0.027344
0.53473 0.029952
0.5551 0.031186
0.62263 0.028754
0.61434 0.029798
0.55132 0.033269
0.52687 0.034264
0.58446 0.030148
0.61783 0.03305
0.5177 0.034576
0.59146 0.032391
0.70676 0.021362
0.70841 0.027583
0.71958 0.037837
0.72468 0.075412
0.71168 0.038851
0.72112 0.065568
0.70354 0.043161
0.67492 0.027655
0.73818 0.10229
0.68148 0.030479
0.67034 0.030265
0.7552 0.12135
0.75746 0.12489
0.65715 0.029484
0.66492 0.032968
0.73836 0.1048
0.71398 0.076367
0.65186 0.033257
0.63106 0.034116
0.69574 0.052303
0.6744 0.038655
0.7232 0.044399
0.75333 0.11416
0.7255 0.059506
0.74195 0.098223
0.76331 0.12608
0.776 0.14149
0.75934 0.12655
0.75856 0.12612
0.7324 0.098426
0.71197 0.073808
0.72541 0.044148
0.77891 0.14406
0.72726 0.053382
0.78111 0.14426
0.77991 0.14451
0.78175 0.14369
0.72746 0.033398
0.78274 0.14167
0.73446 0.074937
0.75037 0.10098
0.78277 0.14149
0.73542 0.072452
0.78092 0.13126
0.73856 0.07774
0.78045 0.12949
0.78132 0.13281
0.77917 0.12537
0.7333 0.042256
0.75322 0.097771
0.73605 0.055989
0.77567 0.11414
0.77755 0.11978
0.77686 0.1173
0.73656 0.033794
0.74897 0.085297
0.73832 0.042881
0.74844 0.07867
0.77359 0.1102
0.74016 0.044303
0.74695 0.068648
0.74299 0.051363
0.76536 0.094001
0.76796 0.10145
0.76532 0.093732
0.74651 0.044337
0.76509 0.091322
0.74953 0.038494
0.76515 0.087787
0.76512 0.08944
0.76515 0.087875
0.75056 0.037752
0.76516 0.082277
0.75484 0.040313
0.75598 0.054655
0.76514 0.083083
0.76566 0.074928
0.75834 0.036956
0.7603 0.04965
0.76295 0.030875
0.76796 0.066361
0.76623 0.070699
0.76745 0.067441
0.7676 0.029236
0.76897 0.042716
0.7733 0.023482
0.7743 0.040528
0.77226 0.060182
0.77589 0.057451
0.78008 0.027178
0.77984 0.054938
0.78845 0.026666
0.78907 0.037134
0.78266 0.053566
0.78822 0.051363
0.79357 0.030982
0.79754 0.036091
0.80131 0.023202
0.80455 0.038503
0.79672 0.048807
0.80557 0.047518
0.81078 0.029785
0.80999 0.046962
0.81932 0.030027
0.81972 0.034302
0.80873 0.047119
0.81851 0.046089
0.82847 0.024943
0.83034 0.036475
0.84043 0.024544
0.83583 0.032692
0.82595 0.04542
0.85075 0.028796
0.85118 0.034729
0.85485 0.023686
0.86104 0.032578
0.84691 0.044097
0.85507 0.043781
0.86443 0.026799
0.86663 0.033201
0.87745 0.025241
0.87806 0.03437
0.86752 0.043466
0.87905 0.043262
0.88654 0.025719
0.88228 0.043216
0.89671 0.029143
0.89422 0.031446
0.88334 0.0432
0.89286 0.043066
0.90701 0.028071
0.90701 0.034403
0.91664 0.028761
0.91661 0.031927
0.90588 0.0429
0.91539 0.042815
0.92847 0.025575
0.92167 0.031964
0.9386 0.023485
0.93734 0.033367
0.9266 0.042753
0.93472 0.042717
0.94826 0.026785
0.94282 0.033897
0.95378 0.025515
0.95891 0.042654
0.94826 0.04267
0.95298 0.04266
0.96362 0.028525
0.96262 0.04265
0.97785 0.024454
0.97503 0.042642
