348
0.074602 0.020547
0.046399 0.02336
0.14959 0.020482
0.075989 0.023224
0.031027 0.024085
0.077143 0.023233
0.17972 0.020731
0.19103 0.021981
0.22705 0.021321
0.13533 0.026128
0.1296 0.024754
0.13589 0.026324
0.24544 0.024089
0.23227 0.025258
0.25018 0.026582
0.15447 0.026103
0.14476 0.02703
0.15302 0.02624
0.25881 0.029115
0.1592 0.026424
0.2641 0.028519
0.24498 0.038051
0.15736 0.026752
0.14963 0.028443
0.26342 0.031893
0.14976 0.028895
0.28219 0.025892
0.26038 0.036572
0.14703 0.029085
0.15582 0.02819
0.29136 0.028062
0.17194 0.028006
0.30081 0.02653
0.26161 0.039557
0.17165 0.027878
0.16644 0.028273
0.30802 0.024836
0.1517 0.029635
0.31882 0.026851
0.2876 0.035489
0.14846 0.030244
0.32575 0.02173
0.12451 0.027376
0.33157 0.026692
0.30061 0.034728
0.12191 0.026822
0.33245 0.030405
0.12806 0.028631
0.34763 0.023666
0.1458 0.031468
0.14374 0.031712
0.35183 0.028626
0.30755 0.038067
0.35126 0.030834
0.31871 0.040914
0.17582 0.031337
0.36245 0.031655
0.32442 0.041484
0.36539 0.033907
0.16084 0.030301
0.17084 0.030638
0.16333 0.030291
0.37161 0.032527
0.14783 0.032101
0.38673 0.026462
0.14306 0.032858
0.1478 0.032106
0.14297 0.032874
0.38039 0.031582
0.11559 0.026464
0.38212 0.033614
0.3043 0.041929
0.13121 0.030761
0.10202 0.025884
0.3995 0.027801
0.069034 0.027699
0.4043 0.027456
0.26753 0.043121
0.075533 0.027257
0.052863 0.028904
0.40734 0.02762
0.18179 0.034905
0.39731 0.040524
0.28433 0.043976
0.042506 0.028772
0.032087 0.027214
0.36365 0.045885
0.20825 0.033902
0.40664 0.037897
0.22454 0.035358
0.028014 0.027955
0.026679 0.031114
0.35925 0.045847
0.080244 0.028694
0.41694 0.030531
0.032875 0.035687
0.029525 0.034967
0.032966 0.035752
0.38445 0.04172
0.053455 0.030498
0.27616 0.043574
0.080178 0.031054
0.033219 0.035887
0.034736 0.036547
0.41381 0.040688
0.035735 0.037247
0.41097 0.046282
0.096049 0.027482
0.037003 0.037646
0.41324 0.046181
0.049608 0.032208
0.4181 0.039425
0.095924 0.027976
0.039013 0.037412
0.41568 0.048459
0.043016 0.036733
0.39278 0.044496
0.13549 0.034655
0.046407 0.036223
0.05339 0.035037
0.3739 0.044661
0.18176 0.035651
0.42972 0.02851
0.10719 0.030374
0.14965 0.038513
0.10146 0.032016
0.38247 0.04324
0.43026 0.03024
0.34945 0.041831
0.44781 0.023405
0.44572 0.029774
0.43144 0.038546
0.11953 0.033312
0.44659 0.037471
0.35356 0.04397
0.096944 0.032385
0.094857 0.032636
0.46192 0.036486
0.45816 0.040062
0.43073 0.048293
0.43756 0.04671
0.46353 0.043673
0.46259 0.045804
0.45362 0.04744
0.43534 0.054867
0.45437 0.051851
0.4798 0.054232
0.4814 0.023049
0.48756 0.025992
0.49701 0.021165
0.50956 0.022739
0.47141 0.026635
0.4998 0.025812
0.47685 0.037484
0.47706 0.039883
0.49684 0.036303
0.50643 0.023922
0.49469 0.046333
0.49703 0.049544
0.50257 0.039117
0.5048 0.02694
0.49099 0.053225
0.49806 0.053793
0.50164 0.033925
0.50401 0.034515
0.49832 0.053544
0.50361 0.055899
0.50827 0.03003
0.50651 0.040812
0.50352 0.056441
0.50637 0.031676
0.5303 0.022275
0.52304 0.021827
0.56175 0.020626
0.54169 0.024465
0.5527 0.028028
0.51422 0.022191
0.53379 0.037295
0.52211 0.02593
0.52064 0.026805
0.54511 0.037456
0.54703 0.042643
0.51742 0.02645
0.52535 0.033941
0.52738 0.044394
0.54143 0.047477
0.51833 0.03064
0.52398 0.040751
0.52442 0.048535
0.5405 0.058883
0.52304 0.040273
0.51596 0.032765
0.52146 0.047318
0.50653 0.055124
0.51244 0.031586
0.52706 0.054337
0.57028 0.021603
0.57159 0.028753
0.58475 0.034911
0.64869 0.043809
0.57875 0.041219
0.61284 0.046334
0.58153 0.049749
0.55655 0.041435
0.86806 0.036327
0.56088 0.04589
0.55879 0.049925
0.96674 0.034113
0.96937 0.028513
0.55385 0.051578
0.56307 0.055191
0.88533 0.035796
0.60032 0.045431
0.54318 0.054233
0.50648 0.055187
0.60471 0.061452
0.58243 0.056363
0.59241 0.034804
0.95457 0.036203
0.61836 0.04289
0.89605 0.033804
0.96075 0.024726
0.974 0.025743
0.96634 0.026418
0.96785 0.027173
0.80826 0.036624
0.58876 0.047058
0.59843 0.035133
0.97536 0.026197
0.61312 0.042669
0.97574 0.026237
0.9757 0.026323
0.97557 0.026072
0.59634 0.02956
0.97494 0.025712
0.71142 0.042893
0.93148 0.034552
0.97487 0.025682
0.7053 0.04348
0.96886 0.024539
0.77814 0.037875
0.96747 0.024421
0.97001 0.024666
0.96419 0.024187
0.61093 0.036864
0.94304 0.034939
0.65206 0.043199
0.95347 0.023608
0.95909 0.023916
0.95672 0.023788
0.61024 0.031946
0.90897 0.033842
0.6209 0.036113
0.86162 0.035355
0.94799 0.023367
0.62762 0.038065
0.80342 0.036495
0.66695 0.047165
0.92156 0.023894
0.91882 0.023
0.92268 0.023909
0.63946 0.041928
0.93441 0.024418
0.63478 0.037245
0.94071 0.025242
0.93858 0.024842
0.94063 0.025221
0.63533 0.036936
0.94674 0.027063
0.64521 0.039972
0.76002 0.041589
0.94572 0.026714
0.9486 0.02999
0.64479 0.037804
0.73438 0.042402
0.64056 0.032557
0.9221 0.029868
0.93996 0.030258
0.92653 0.029815
0.64287 0.030815
0.68175 0.046864
0.64399 0.024143
0.67891 0.047102
0.90422 0.03084
0.90284 0.030499
0.65115 0.028355
0.89958 0.030133
0.65888 0.028361
0.68317 0.044283
0.89756 0.029975
0.89446 0.029838
0.67251 0.040354
0.69039 0.043166
0.66655 0.0255
0.7423 0.042126
0.88667 0.030123
0.89177 0.029501
0.68101 0.036984
0.89073 0.029476
0.68813 0.036962
0.71112 0.038438
0.89102 0.029477
0.88972 0.02938
0.68016 0.028563
0.74144 0.041088
0.68723 0.02738
0.71082 0.0362
0.88347 0.029715
0.70365 0.031666
0.73105 0.038068
0.69626 0.025443
0.72775 0.036713
0.84011 0.03675
0.83026 0.036222
0.70814 0.028846
0.73555 0.035798
0.71516 0.026961
0.75306 0.042097
0.82217 0.035472
0.82723 0.035089
0.7233 0.028328
0.83159 0.035247
0.7458 0.033943
0.75209 0.03914
0.83345 0.035431
0.84493 0.032961
0.74687 0.032584
0.77517 0.031468
0.75298 0.033205
0.76667 0.03064
0.84466 0.03178
0.84254 0.030974
0.75109 0.02768
0.77284 0.029512
0.7582 0.023232
0.79164 0.027359
0.84099 0.029621
0.84538 0.028
0.77344 0.023684
0.79852 0.026048
0.78402 0.022465
0.85291 0.024121
0.84773 0.026418
0.84877 0.025507
0.81473 0.022112
0.85942 0.023081
0.94572 0.020255
0.94499 0.021561
