348
0.061971 0.020894
0.043366 0.024418
0.10999 0.020572
0.062864 0.025295
0.030475 0.024366
0.063556 0.025319
0.13162 0.021071
0.13893 0.023023
0.1641 0.021732
0.097964 0.028452
0.094022 0.027352
0.098344 0.028631
0.17995 0.024924
0.16839 0.026471
0.1837 0.027995
0.11444 0.027765
0.10551 0.028408
0.11302 0.027713
0.18971 0.031006
0.11766 0.028663
0.19472 0.029585
0.16945 0.038579
0.11642 0.028945
0.10993 0.030041
0.19166 0.033614
0.11003 0.030588
0.21295 0.026586
0.18515 0.038728
0.10755 0.030987
0.1153 0.030667
0.22013 0.03028
0.12538 0.032564
0.22767 0.027616
0.18447 0.039112
0.12526 0.032352
0.12181 0.031822
0.2342 0.025256
0.11159 0.0316
0.24415 0.027287
0.21741 0.039309
0.10853 0.03244
0.25066 0.021917
0.089882 0.032625
0.25623 0.026988
0.22899 0.037532
0.088794 0.031545
0.25736 0.031098
0.091199 0.034171
0.26994 0.023801
0.10515 0.033657
0.10224 0.034098
0.27401 0.027776
0.23613 0.039574
0.27342 0.030027
0.24651 0.041014
0.12578 0.03854
0.2894 0.02819
0.25183 0.041333
0.29356 0.030386
0.11809 0.034227
0.12314 0.036208
0.11968 0.034476
0.3012 0.030856
0.1073 0.034805
0.31852 0.025884
0.10046 0.035789
0.10726 0.034807
0.10034 0.035837
0.31034 0.029997
0.085495 0.031036
0.31234 0.032271
0.23211 0.040246
0.091355 0.037141
0.077958 0.030357
0.33189 0.027425
0.058204 0.032596
0.33637 0.02689
0.1886 0.039382
0.062237 0.032304
0.047952 0.033121
0.3392 0.026644
0.12611 0.040797
0.32966 0.040083
0.2141 0.041537
0.041378 0.03121
0.031878 0.027887
0.29269 0.037353
0.1383 0.040316
0.33815 0.036165
0.14607 0.038884
0.027917 0.028374
0.02649 0.031493
0.286 0.037151
0.063352 0.0353
0.35297 0.028443
0.031452 0.036586
0.028663 0.035108
0.031515 0.036682
0.31657 0.038636
0.047476 0.035382
0.20089 0.039245
0.061198 0.039718
0.031697 0.036905
0.03277 0.038099
0.35028 0.035857
0.03337 0.039137
0.3469 0.036692
0.073149 0.033802
0.034236 0.039822
0.35144 0.037738
0.044234 0.03657
0.35844 0.037404
0.072437 0.034825
0.035793 0.040075
0.35832 0.03955
0.038335 0.040244
0.32447 0.040249
0.090831 0.040305
0.040722 0.040387
0.045299 0.040997
0.30484 0.037751
0.12564 0.040852
0.36476 0.027361
0.076582 0.038876
0.10613 0.039814
0.070069 0.039821
0.31344 0.038444
0.36509 0.028568
0.27188 0.039527
0.37199 0.022614
0.37136 0.02691
0.36592 0.034337
0.080954 0.040752
0.37254 0.03387
0.27647 0.03904
0.067263 0.040036
0.066119 0.040198
0.38881 0.032053
0.38332 0.034973
0.36642 0.038954
0.37149 0.036264
0.39448 0.038614
0.39416 0.038785
0.37771 0.039085
0.37141 0.037281
0.37857 0.039197
0.41224 0.038454
0.41277 0.02176
0.42245 0.023831
0.43728 0.020695
0.46006 0.021769
0.39672 0.025558
0.44243 0.023289
0.40357 0.03184
0.40434 0.033592
0.43749 0.029782
0.45488 0.022319
0.43646 0.03677
0.44061 0.038015
0.44794 0.030625
0.45165 0.024021
0.43242 0.038867
0.44347 0.039219
0.44557 0.027772
0.44999 0.028182
0.44394 0.039151
0.45433 0.039513
0.45818 0.0262
0.45661 0.032191
0.45418 0.039656
0.45473 0.026895
0.49288 0.021109
0.47717 0.021094
0.55315 0.020298
0.51429 0.022338
0.53529 0.024323
0.46605 0.021644
0.49947 0.028779
0.47573 0.023685
0.47379 0.024447
0.52124 0.029143
0.52613 0.032363
0.4699 0.0248
0.48199 0.027558
0.48803 0.032642
0.51447 0.034396
0.47104 0.027616
0.4796 0.031979
0.4812 0.035592
0.51376 0.037475
0.47829 0.032112
0.4686 0.029649
0.47773 0.036217
0.46074 0.038782
0.46396 0.028323
0.48821 0.03566
0.56973 0.02099
0.57154 0.025434
0.59722 0.026621
0.68546 0.038474
0.57721 0.031504
0.64742 0.037514
0.57699 0.034573
0.54185 0.031474
0.90105 0.039289
0.55218 0.032347
0.54736 0.034574
0.97151 0.038211
0.97146 0.030577
0.53773 0.036296
0.55823 0.035564
0.91717 0.038801
0.61951 0.033514
0.51939 0.036967
0.46065 0.038793
0.62829 0.036477
0.57829 0.03479
0.61138 0.028772
0.96691 0.040291
0.65442 0.036369
0.92432 0.037594
0.96456 0.02562
0.97506 0.026972
0.96878 0.027896
0.97009 0.028911
0.86882 0.038153
0.60054 0.033175
0.6216 0.028145
0.97618 0.027524
0.64813 0.036177
0.9765 0.027573
0.97646 0.027677
0.97635 0.027372
0.61877 0.025513
0.97583 0.026935
0.7707 0.036411
0.95154 0.037902
0.97577 0.026899
0.761 0.038507
0.97083 0.025652
0.85166 0.039362
0.96968 0.025467
0.97177 0.025774
0.96708 0.02508
0.64431 0.031551
0.95949 0.038914
0.68975 0.038481
0.95834 0.024185
0.96332 0.024607
0.96152 0.024439
0.64327 0.027871
0.93558 0.037969
0.65787 0.032684
0.89522 0.03986
0.95305 0.023994
0.66462 0.036457
0.86666 0.039053
0.70893 0.038645
0.93351 0.025251
0.93144 0.024093
0.93431 0.02528
0.67242 0.038075
0.94278 0.025966
0.67109 0.035275
0.94729 0.02672
0.9458 0.026304
0.94724 0.026699
0.67161 0.035044
0.95228 0.028435
0.68225 0.037412
0.83466 0.037076
0.9513 0.028075
0.95673 0.03209
0.68278 0.035541
0.7954 0.033441
0.67982 0.031055
0.93807 0.034262
0.95024 0.032714
0.94047 0.034497
0.68397 0.029456
0.72715 0.03852
0.68554 0.023587
0.72051 0.038378
0.926 0.034475
0.92415 0.034136
0.69361 0.02671
0.92122 0.034023
0.70405 0.025924
0.73147 0.038212
0.91898 0.03379
0.91545 0.033381
0.71577 0.037251
0.7479 0.039675
0.7151 0.024384
0.80946 0.033614
0.90956 0.032219
0.91277 0.032483
0.73117 0.032461
0.91195 0.032196
0.74515 0.036075
0.76941 0.035349
0.91216 0.032268
0.91109 0.031771
0.73131 0.026173
0.80816 0.033378
0.74272 0.026658
0.76825 0.033611
0.90639 0.031618
0.75741 0.030545
0.78988 0.033281
0.74954 0.026004
0.78577 0.032973
0.88243 0.04065
0.87382 0.041082
0.76249 0.02733
0.7976 0.030756
0.77125 0.025764
0.82405 0.03509
0.87182 0.039275
0.87258 0.040769
0.78046 0.026747
0.87403 0.040915
0.81356 0.030099
0.82206 0.034487
0.87515 0.040668
0.88199 0.040064
0.8149 0.029099
0.8473 0.034415
0.82273 0.030089
0.83941 0.03051
0.87956 0.037708
0.87724 0.036256
0.81928 0.025685
0.84451 0.031539
0.82945 0.022639
0.85908 0.031196
0.87543 0.033714
0.87633 0.031048
0.84496 0.024527
0.86386 0.028772
0.85315 0.02322
0.87902 0.025504
0.87639 0.028619
0.87673 0.027361
0.8698 0.022444
0.88508 0.024115
0.95105 0.020307
0.95047 0.021887
