348
0.064576 0.020813
0.04391 0.024108
0.11499 0.020569
0.065636 0.024863
0.030558 0.024346
0.066456 0.024939
0.13816 0.02092
0.14748 0.022426
0.17288 0.021838
0.10306 0.027976
0.099268 0.026687
0.10345 0.028217
0.18957 0.024327
0.17734 0.026803
0.19423 0.026707
0.11935 0.027707
0.11098 0.02842
0.11769 0.027659
0.20124 0.029051
0.12311 0.028375
0.20786 0.028334
0.18073 0.037799
0.12172 0.028767
0.11497 0.030001
0.20285 0.031455
0.11488 0.030567
0.22732 0.026036
0.19536 0.036562
0.11271 0.030824
0.12007 0.030609
0.23541 0.029054
0.1312 0.032
0.24427 0.026978
0.19449 0.036772
0.13106 0.031779
0.12699 0.030864
0.25036 0.024621
0.11583 0.031598
0.26319 0.025472
0.22878 0.03797
0.11317 0.032427
0.27195 0.021548
0.095077 0.031333
0.27884 0.026112
0.24315 0.03644
0.093453 0.030251
0.28062 0.029932
0.096446 0.032987
0.29276 0.023628
0.10985 0.03391
0.10661 0.034762
0.2971 0.027507
0.25032 0.037444
0.29698 0.029723
0.26637 0.036205
0.13151 0.038251
0.31307 0.028449
0.27495 0.037511
0.31778 0.03102
0.12242 0.033925
0.12798 0.035079
0.12399 0.033831
0.32524 0.031499
0.11168 0.034934
0.3417 0.024733
0.10449 0.035983
0.11165 0.034933
0.10437 0.035985
0.33312 0.029688
0.089143 0.029782
0.33525 0.031598
0.24554 0.037887
0.096099 0.036055
0.080848 0.029966
0.36034 0.025844
0.059582 0.031609
0.36559 0.026307
0.19885 0.036577
0.064687 0.03123
0.04796 0.032039
0.3685 0.026234
0.13183 0.038973
0.3571 0.035827
0.22506 0.039705
0.041368 0.030425
0.031972 0.027778
0.32104 0.039271
0.15086 0.034979
0.36672 0.035621
0.16104 0.039034
0.02798 0.028333
0.026505 0.031403
0.31593 0.038278
0.065877 0.03417
0.38188 0.027762
0.029958 0.036702
0.027892 0.035064
0.029984 0.036801
0.33972 0.03606
0.046113 0.034458
0.21133 0.037578
0.061821 0.038385
0.030074 0.037027
0.030601 0.038224
0.37708 0.035391
0.030757 0.039292
0.37368 0.03682
0.076471 0.033876
0.031216 0.039823
0.37797 0.036616
0.041353 0.035762
0.38866 0.034106
0.075929 0.034952
0.032304 0.039933
0.38842 0.035094
0.033979 0.039979
0.34974 0.035646
0.094924 0.039149
0.03573 0.03998
0.039748 0.039949
0.32956 0.037769
0.13107 0.038795
0.39765 0.02601
0.080702 0.038864
0.10966 0.039692
0.074095 0.039934
0.33636 0.03688
0.39813 0.02702
0.29859 0.037749
0.40539 0.022251
0.40475 0.025907
0.40039 0.032007
0.084629 0.039094
0.40706 0.032718
0.30628 0.038564
0.070766 0.039186
0.06932 0.039063
0.42386 0.031518
0.41885 0.034365
0.40172 0.036039
0.40635 0.034831
0.42882 0.038348
0.42853 0.038338
0.41367 0.037614
0.40647 0.035904
0.41459 0.037647
0.44458 0.03818
0.45034 0.021639
0.45939 0.023924
0.47427 0.020662
0.50359 0.021552
0.43212 0.025261
0.48027 0.022788
0.43901 0.03059
0.439 0.032567
0.47422 0.029319
0.49675 0.021922
0.46904 0.035969
0.47275 0.036821
0.4872 0.028047
0.49244 0.02309
0.46394 0.037362
0.47817 0.036434
0.48435 0.026141
0.49026 0.02616
0.47933 0.036309
0.50031 0.036505
0.50136 0.025283
0.50025 0.030267
0.50012 0.0365
0.49655 0.025708
0.53426 0.021361
0.52126 0.021154
0.58683 0.020334
0.55109 0.022875
0.57218 0.024813
0.50914 0.021496
0.5405 0.03102
0.51982 0.023814
0.51765 0.024528
0.55699 0.029542
0.56336 0.032908
0.51343 0.024743
0.52552 0.028291
0.53323 0.036
0.55239 0.037129
0.51462 0.02767
0.5262 0.033234
0.52992 0.037664
0.55247 0.039796
0.52517 0.033312
0.51258 0.029312
0.52735 0.037375
0.50927 0.037062
0.50697 0.027447
0.53454 0.038984
0.60146 0.021218
0.60269 0.02676
0.62119 0.029157
0.69793 0.040649
0.60755 0.035671
0.66194 0.039521
0.60877 0.040179
0.57744 0.033418
0.89904 0.039696
0.5872 0.034066
0.58284 0.037797
0.97002 0.034398
0.96912 0.028359
0.57575 0.038916
0.59244 0.039006
0.91502 0.039317
0.63627 0.035109
0.55684 0.037951
0.50921 0.03706
0.6461 0.039019
0.61141 0.040104
0.63164 0.030917
0.96576 0.037273
0.66958 0.03941
0.92299 0.03904
0.96036 0.025034
0.97371 0.025478
0.96572 0.026487
0.96738 0.027126
0.86772 0.038223
0.62439 0.03973
0.64035 0.028661
0.97514 0.025912
0.66301 0.038948
0.97554 0.02595
0.97549 0.026032
0.97536 0.025792
0.63719 0.025932
0.97469 0.025449
0.77776 0.039366
0.95073 0.038381
0.97462 0.025421
0.77017 0.039208
0.96833 0.024475
0.84793 0.038617
0.96687 0.024409
0.96953 0.024548
0.96356 0.024321
0.66094 0.033019
0.95847 0.03799
0.70209 0.041361
0.95382 0.024217
0.95891 0.024232
0.95677 0.024229
0.66097 0.028867
0.93545 0.039331
0.67278 0.03532
0.89523 0.039305
0.94919 0.024382
0.6773 0.040226
0.86548 0.039219
0.7185 0.040002
0.93183 0.025697
0.92986 0.024359
0.9326 0.025745
0.68357 0.040331
0.94022 0.026697
0.6829 0.037343
0.94413 0.02767
0.94282 0.027156
0.94408 0.027645
0.68362 0.037022
0.94841 0.029301
0.69438 0.039111
0.82843 0.038519
0.94762 0.029021
0.95345 0.032557
0.69534 0.037112
0.79566 0.038973
0.69273 0.031741
0.93705 0.036168
0.94804 0.034393
0.93955 0.036546
0.69709 0.030325
0.7404 0.039245
0.69856 0.023906
0.7341 0.038491
0.92468 0.035504
0.92273 0.035154
0.70564 0.028331
0.91947 0.034905
0.71336 0.027248
0.7445 0.039188
0.91727 0.03452
0.91344 0.03383
0.72636 0.03684
0.75986 0.038586
0.72333 0.024412
0.80737 0.037515
0.90798 0.032426
0.91107 0.032721
0.74124 0.034326
0.91032 0.032434
0.75511 0.035118
0.77683 0.038269
0.91052 0.032495
0.90956 0.031938
0.73951 0.026902
0.80564 0.03756
0.74981 0.026084
0.77614 0.035813
0.90502 0.031922
0.76719 0.030254
0.79191 0.039455
0.75872 0.025192
0.78949 0.038671
0.88403 0.037601
0.87468 0.038723
0.77225 0.027604
0.79852 0.035168
0.77988 0.026804
0.82003 0.037873
0.8716 0.038642
0.87295 0.038926
0.78739 0.028754
0.87491 0.038675
0.81212 0.033202
0.81897 0.037757
0.87619 0.038467
0.88343 0.037408
0.81305 0.031543
0.84137 0.035552
0.81924 0.031857
0.83456 0.030471
0.87996 0.035805
0.87646 0.03484
0.81653 0.026593
0.83889 0.032004
0.82527 0.022836
0.85434 0.030635
0.87301 0.032721
0.87297 0.030224
0.84027 0.024655
0.85993 0.028334
0.8487 0.023135
0.87574 0.024976
0.87282 0.027978
0.87317 0.026793
0.86618 0.022349
0.88298 0.023541
0.94743 0.020344
0.94691 0.022136
