348
0.065106 0.020814
0.044238 0.024001
0.11667 0.020508
0.066087 0.02483
0.030672 0.024272
0.066847 0.02486
0.14231 0.020914
0.15076 0.02263
0.17658 0.021802
0.10353 0.028039
0.099679 0.027016
0.10393 0.028205
0.19214 0.024685
0.18063 0.02664
0.19607 0.027728
0.12147 0.026807
0.11186 0.027706
0.11995 0.026805
0.20276 0.031202
0.12569 0.02747
0.20722 0.03004
0.18233 0.040166
0.12409 0.027762
0.11655 0.028907
0.20466 0.03409
0.11653 0.029391
0.22512 0.025842
0.19825 0.038533
0.11381 0.029723
0.12234 0.029309
0.23382 0.028829
0.13466 0.03031
0.24251 0.027123
0.19756 0.03943
0.13451 0.030119
0.13025 0.029984
0.24872 0.025265
0.11785 0.030285
0.25889 0.026969
0.2307 0.036257
0.11449 0.03093
0.26579 0.02191
0.09545 0.032057
0.27117 0.027479
0.24329 0.036467
0.094263 0.031082
0.27207 0.031832
0.096926 0.033539
0.2842 0.023586
0.11075 0.03264
0.10783 0.033361
0.28858 0.027072
0.24919 0.039136
0.28777 0.029139
0.26168 0.040918
0.13499 0.035091
0.30477 0.02821
0.26802 0.041706
0.30906 0.030272
0.12532 0.032189
0.13139 0.033479
0.12722 0.032314
0.31719 0.031196
0.11269 0.033125
0.33182 0.026389
0.10596 0.035
0.11265 0.033134
0.10584 0.035046
0.3256 0.031268
0.090821 0.030339
0.32776 0.033715
0.24582 0.040112
0.097281 0.036319
0.082776 0.02957
0.34615 0.027489
0.061202 0.03131
0.35099 0.027864
0.20226 0.040632
0.065502 0.03117
0.049869 0.031697
0.35351 0.027986
0.13547 0.037638
0.34893 0.040534
0.22728 0.040126
0.042103 0.030274
0.032102 0.027653
0.3098 0.037676
0.15385 0.038148
0.35598 0.039453
0.16316 0.038196
0.028067 0.028219
0.026729 0.03128
0.30148 0.036939
0.066744 0.03388
0.36307 0.030319
0.032912 0.036066
0.029535 0.034819
0.033003 0.036153
0.33217 0.039936
0.049789 0.033719
0.21243 0.040523
0.064338 0.037647
0.033256 0.036346
0.03475 0.037367
0.36219 0.040907
0.035707 0.038294
0.36093 0.043516
0.077367 0.032534
0.036927 0.038942
0.36299 0.043681
0.046669 0.034845
0.36717 0.038999
0.076622 0.033432
0.038852 0.039045
0.36692 0.043747
0.04189 0.038877
0.34259 0.040193
0.096927 0.03936
0.044218 0.038774
0.04883 0.039118
0.32358 0.040361
0.13473 0.037682
0.3747 0.0284
0.081288 0.037198
0.11026 0.038646
0.074172 0.038411
0.33003 0.040457
0.37523 0.029876
0.28445 0.038643
0.39882 0.02282
0.39657 0.027755
0.37711 0.03687
0.086346 0.039808
0.3998 0.034615
0.28932 0.03754
0.071091 0.0388
0.069822 0.03912
0.41858 0.033596
0.41329 0.035864
0.37784 0.042822
0.39494 0.038527
0.42257 0.040734
0.4222 0.0414
0.40735 0.040444
0.39395 0.040404
0.40822 0.040854
0.43844 0.043744
0.44033 0.022165
0.44795 0.024722
0.46066 0.020757
0.48341 0.021827
0.42642 0.026201
0.46542 0.023439
0.43268 0.033482
0.43322 0.035469
0.46013 0.030702
0.47796 0.022295
0.45534 0.038802
0.45774 0.040105
0.46995 0.030527
0.47467 0.02389
0.45084 0.043681
0.4594 0.041604
0.4685 0.027899
0.47293 0.028019
0.45996 0.041401
0.47206 0.039697
0.48147 0.026309
0.47823 0.032201
0.47182 0.0399
0.4778 0.026813
0.51257 0.021389
0.49924 0.021232
0.5592 0.020411
0.52888 0.022964
0.54576 0.025574
0.48896 0.021765
0.51797 0.031495
0.49793 0.024117
0.49613 0.024911
0.53458 0.031448
0.53869 0.035365
0.49252 0.02517
0.50367 0.028748
0.5097 0.035114
0.5292 0.038053
0.49353 0.028265
0.50216 0.033679
0.50445 0.038164
0.52873 0.042537
0.50059 0.033735
0.49103 0.030432
0.50001 0.038552
0.48032 0.040015
0.48687 0.028825
0.51067 0.039564
0.57083 0.021477
0.57209 0.028225
0.5878 0.031017
0.6563 0.041468
0.5764 0.038029
0.62292 0.042931
0.57651 0.043164
0.55128 0.03503
0.87955 0.035473
0.55894 0.036866
0.55568 0.039495
0.96573 0.031268
0.96646 0.026557
0.54878 0.042122
0.56415 0.042046
0.89819 0.03669
0.60168 0.040411
0.53338 0.041194
0.48018 0.040015
0.60719 0.044073
0.57732 0.044754
0.59695 0.033554
0.95596 0.033977
0.62805 0.041717
0.90664 0.035701
0.95488 0.024011
0.9721 0.024358
0.96204 0.025171
0.96414 0.025664
0.8223 0.038057
0.59062 0.042148
0.60301 0.032277
0.97389 0.024703
0.62342 0.040936
0.97439 0.024733
0.97434 0.024798
0.97416 0.024608
0.60131 0.028364
0.97333 0.024335
0.72868 0.040732
0.9366 0.035792
0.97324 0.024312
0.71911 0.039304
0.96533 0.023532
0.79274 0.037193
0.96349 0.023515
0.96684 0.023573
0.95916 0.023444
0.62032 0.034731
0.94629 0.034553
0.66061 0.042173
0.94748 0.023265
0.95306 0.023371
0.95072 0.023324
0.61955 0.030046
0.91705 0.035843
0.63046 0.036515
0.87204 0.035918
0.94128 0.023391
0.63536 0.040356
0.81734 0.037258
0.67387 0.044469
0.91779 0.024661
0.91554 0.023639
0.91869 0.02468
0.64263 0.040583
0.92884 0.024962
0.64105 0.037718
0.93399 0.025524
0.93227 0.025162
0.93392 0.025505
0.6416 0.037361
0.94034 0.027201
0.65269 0.039367
0.77388 0.039418
0.93902 0.026918
0.94549 0.029669
0.65283 0.037317
0.7466 0.040577
0.64917 0.03204
0.92177 0.032266
0.93706 0.030852
0.9253 0.032168
0.6528 0.030546
0.68675 0.041538
0.65424 0.024057
0.68206 0.043101
0.90914 0.033053
0.90741 0.032683
0.66137 0.028091
0.90375 0.032387
0.66936 0.027636
0.68995 0.040718
0.90131 0.032115
0.89773 0.031616
0.67846 0.041837
0.70131 0.040194
0.67788 0.025581
0.75544 0.040449
0.89135 0.030632
0.89498 0.030718
0.69056 0.034192
0.89411 0.030509
0.70115 0.035194
0.72797 0.038272
0.89434 0.030559
0.89319 0.030211
0.6913 0.027008
0.75459 0.040209
0.70177 0.026361
0.72744 0.035936
0.88787 0.0298
0.71795 0.030093
0.74352 0.039395
0.70961 0.025442
0.7406 0.03855
0.85552 0.038227
0.84348 0.038918
0.72353 0.02807
0.74863 0.036623
0.7312 0.027062
0.76569 0.040124
0.83456 0.038313
0.83971 0.038356
0.73784 0.029141
0.844 0.038562
0.75909 0.034585
0.76448 0.039406
0.84645 0.03819
0.85595 0.036337
0.76037 0.033024
0.78859 0.032445
0.76596 0.033263
0.78016 0.03043
0.85411 0.034875
0.8515 0.034045
0.76441 0.027807
0.78602 0.030274
0.77197 0.023231
0.8036 0.028845
0.8484 0.032179
0.85072 0.029946
0.78723 0.023997
0.81019 0.027063
0.79714 0.022675
0.85537 0.024839
0.8516 0.027777
0.85235 0.026612
0.82394 0.022401
0.86135 0.023585
0.9387 0.020263
0.93794 0.021617
