348
0.044578 0.021289
0.032171 0.027351
0.089182 0.020566
0.045203 0.027603
0.025288 0.028598
0.045687 0.027614
0.1121 0.0209
0.12197 0.022629
0.14475 0.021908
0.077082 0.028361
0.073546 0.027105
0.07746 0.028556
0.16035 0.024818
0.14868 0.026829
0.16406 0.027979
0.093553 0.027531
0.084647 0.028415
0.092306 0.027525
0.17038 0.03126
0.097085 0.028397
0.17502 0.029998
0.14963 0.040948
0.095739 0.028677
0.089129 0.029917
0.17223 0.034076
0.089137 0.030449
0.19221 0.026146
0.16572 0.039023
0.086572 0.030697
0.0944 0.030331
0.20077 0.029137
0.10537 0.030869
0.20906 0.027904
0.16502 0.040041
0.10526 0.030694
0.10154 0.031239
0.21442 0.026001
0.090536 0.03145
0.22322 0.027633
0.19788 0.037034
0.087383 0.032043
0.22982 0.021942
0.069212 0.031776
0.23547 0.027713
0.2095 0.038293
0.067806 0.03094
0.2365 0.03216
0.071038 0.033359
0.24782 0.02421
0.08413 0.033702
0.081822 0.0343
0.25129 0.028806
0.21411 0.042319
0.25079 0.031272
0.22385 0.042901
0.10522 0.035832
0.26327 0.030666
0.23091 0.042589
0.26651 0.0328
0.09697 0.033678
0.10258 0.034934
0.098537 0.033873
0.27318 0.032127
0.085992 0.034324
0.28798 0.026668
0.080412 0.035883
0.085956 0.034332
0.080301 0.035919
0.28204 0.031528
0.063933 0.030581
0.28396 0.033919
0.21202 0.044814
0.071757 0.036167
0.055932 0.031735
0.3014 0.027098
0.042154 0.038272
0.30673 0.026641
0.16951 0.041078
0.044682 0.037586
0.03554 0.040359
0.30987 0.026347
0.105 0.040127
0.30045 0.039045
0.19369 0.041921
0.031165 0.039222
0.026 0.035325
0.26645 0.042273
0.1274 0.039511
0.30949 0.035123
0.13607 0.042377
0.02401 0.03659
0.023407 0.042816
0.26131 0.042603
0.045544 0.041735
0.32301 0.027611
0.026779 0.051899
0.024961 0.049866
0.026832 0.052049
0.28753 0.041924
0.035771 0.044047
0.18023 0.041004
0.044394 0.048984
0.026977 0.05238
0.027832 0.054045
0.31895 0.035244
0.028406 0.055556
0.315 0.039274
0.051848 0.037111
0.029103 0.056462
0.31868 0.038903
0.034146 0.04679
0.32724 0.034364
0.051325 0.038556
0.030136 0.05623
0.3256 0.039438
0.031896 0.055236
0.29534 0.041305
0.07169 0.039887
0.033249 0.054506
0.035989 0.053993
0.27894 0.042591
0.1044 0.040609
0.33851 0.026957
0.054005 0.04204
0.084725 0.041097
0.049548 0.047881
0.28568 0.04223
0.33911 0.028256
0.25048 0.042743
0.36442 0.022676
0.362 0.027295
0.3419 0.034313
0.058206 0.042851
0.36499 0.033835
0.25362 0.042473
0.047865 0.049973
0.04722 0.051052
0.38545 0.031451
0.37881 0.033931
0.34348 0.039917
0.35935 0.03738
0.38791 0.036755
0.38716 0.037811
0.37275 0.038749
0.35818 0.039497
0.37345 0.039355
0.41141 0.035741
0.41517 0.021435
0.42754 0.023042
0.44534 0.020652
0.46877 0.021662
0.39597 0.024767
0.45002 0.023231
0.40403 0.029834
0.40439 0.031155
0.44489 0.029127
0.46282 0.022159
0.44232 0.034931
0.4462 0.036915
0.45476 0.030249
0.45942 0.023717
0.43635 0.037787
0.44811 0.039394
0.45315 0.027653
0.45766 0.027713
0.44844 0.039257
0.45778 0.039002
0.46661 0.025811
0.46308 0.031457
0.45762 0.039258
0.46265 0.026415
0.49962 0.021157
0.48651 0.021195
0.56364 0.020272
0.52413 0.022136
0.5452 0.024245
0.47503 0.021579
0.50709 0.028134
0.48527 0.023979
0.48332 0.024713
0.53134 0.028775
0.53573 0.032198
0.47912 0.024816
0.49036 0.028447
0.4937 0.033775
0.52558 0.033304
0.48029 0.027778
0.48728 0.033208
0.48713 0.037719
0.52519 0.038188
0.48603 0.033261
0.4773 0.029536
0.48356 0.038376
0.4649 0.038727
0.47266 0.027851
0.49242 0.03852
0.58387 0.020728
0.58649 0.023986
0.61871 0.025666
0.70431 0.04065
0.59802 0.02866
0.66626 0.040673
0.60049 0.031053
0.55173 0.031013
0.92501 0.041896
0.56157 0.031309
0.55634 0.033857
0.97386 0.044576
0.97386 0.034344
0.54651 0.036642
0.56761 0.033545
0.9373 0.04768
0.64453 0.034762
0.5299 0.036736
0.46478 0.038742
0.65182 0.039666
0.60367 0.032004
0.63541 0.028385
0.96987 0.048517
0.67261 0.040008
0.94176 0.047992
0.96853 0.028102
0.97641 0.029588
0.97184 0.030962
0.97279 0.032206
0.87408 0.04152
0.62851 0.032307
0.64431 0.029215
0.97722 0.030346
0.66701 0.038633
0.97745 0.030413
0.97743 0.030556
0.97735 0.030137
0.64183 0.026038
0.97697 0.029536
0.78834 0.040463
0.95926 0.047762
0.97693 0.029486
0.78008 0.039793
0.97333 0.02768
0.85016 0.040779
0.97249 0.027534
0.97402 0.027829
0.97053 0.027153
0.66478 0.032995
0.96475 0.047722
0.70764 0.039943
0.96459 0.026266
0.96763 0.026727
0.9664 0.02653
0.66424 0.02888
0.94717 0.048498
0.67593 0.034555
0.91866 0.039726
0.96119 0.026136
0.6821 0.038373
0.87055 0.041365
0.73185 0.03773
0.94754 0.028251
0.94622 0.026499
0.94807 0.028243
0.69133 0.039974
0.95414 0.028447
0.68907 0.036524
0.95725 0.029601
0.95623 0.028913
0.95721 0.029565
0.68962 0.036244
0.96069 0.032916
0.70103 0.039156
0.83524 0.042673
0.95999 0.032288
0.96372 0.038243
0.70086 0.037117
0.80832 0.041807
0.69654 0.032269
0.95003 0.04113
0.95918 0.039065
0.95216 0.040515
0.69985 0.030451
0.75154 0.038254
0.70127 0.023948
0.74666 0.038265
0.94309 0.043344
0.94219 0.042509
0.70854 0.027193
0.94023 0.041343
0.7186 0.025804
0.75371 0.037846
0.93888 0.040289
0.93679 0.0387
0.73877 0.034057
0.76262 0.038793
0.73076 0.023756
0.81666 0.042224
0.93263 0.036535
0.93506 0.037007
0.75122 0.03195
0.93449 0.036604
0.76096 0.034244
0.78783 0.037809
0.93464 0.036702
0.93385 0.03606
0.75038 0.025895
0.81596 0.042006
0.76055 0.026041
0.78747 0.035562
0.93001 0.034745
0.77848 0.030111
0.80496 0.039081
0.76975 0.024941
0.80227 0.037706
0.90195 0.040003
0.89208 0.040067
0.78418 0.028092
0.81012 0.037605
0.79117 0.026922
0.82756 0.042109
0.8844 0.039998
0.88892 0.039227
0.79883 0.028835
0.89251 0.039437
0.81926 0.035297
0.82578 0.040924
0.89453 0.039473
0.90258 0.037429
0.82027 0.033779
0.8454 0.034793
0.82637 0.034481
0.83838 0.033076
0.90125 0.03594
0.89906 0.035103
0.82412 0.02846
0.8432 0.032492
0.83125 0.023586
0.85765 0.030211
0.89648 0.033067
0.89875 0.03073
0.84368 0.024842
0.86264 0.028337
0.85167 0.023254
0.90311 0.025188
0.89958 0.028392
0.9003 0.027129
0.87427 0.022805
0.90868 0.023793
0.95982 0.020467
0.95942 0.022854
