348
0.062352 0.020871
0.042955 0.02427
0.11274 0.020589
0.063323 0.025154
0.030121 0.024509
0.064074 0.025175
0.13637 0.020837
0.14611 0.022636
0.17204 0.021651
0.10047 0.028076
0.096019 0.027014
0.10088 0.028252
0.18772 0.024719
0.17656 0.026549
0.19188 0.027398
0.11664 0.027771
0.10825 0.02847
0.1154 0.02778
0.19848 0.029477
0.11968 0.028465
0.20489 0.028476
0.17937 0.038387
0.11849 0.028848
0.11287 0.030329
0.20017 0.031778
0.11306 0.030886
0.22521 0.025456
0.19286 0.037459
0.11068 0.031203
0.11749 0.030627
0.23449 0.028043
0.12811 0.030548
0.24416 0.026583
0.19203 0.037874
0.12798 0.030395
0.12388 0.030776
0.25079 0.024567
0.11453 0.031806
0.26278 0.025968
0.22777 0.0355
0.11188 0.032784
0.27061 0.021654
0.092525 0.031912
0.27722 0.026325
0.24469 0.035398
0.091058 0.030865
0.27894 0.030322
0.093991 0.033512
0.29043 0.023876
0.10868 0.033796
0.10578 0.033782
0.29448 0.028087
0.252 0.03715
0.29422 0.030455
0.26648 0.037535
0.12808 0.035702
0.31045 0.028356
0.27455 0.038637
0.31498 0.030743
0.11993 0.033874
0.12501 0.034434
0.12126 0.033796
0.32263 0.031516
0.11107 0.035119
0.3382 0.025952
0.10435 0.035275
0.11103 0.035117
0.10424 0.035311
0.33066 0.030551
0.087244 0.030567
0.33309 0.033054
0.24783 0.037548
0.094398 0.036503
0.078951 0.029668
0.35202 0.027214
0.057685 0.032252
0.35628 0.027279
0.19616 0.037088
0.062122 0.032026
0.047056 0.032645
0.35882 0.027303
0.12831 0.036789
0.34961 0.040006
0.22238 0.037625
0.040633 0.03093
0.031477 0.028083
0.31752 0.038334
0.1468 0.038041
0.35636 0.038217
0.15335 0.03862
0.02765 0.028671
0.02619 0.031895
0.31131 0.037465
0.062723 0.035021
0.37047 0.029159
0.029941 0.037177
0.027751 0.03567
0.029977 0.037275
0.3385 0.039171
0.045753 0.03487
0.20862 0.037545
0.059065 0.039469
0.03009 0.037497
0.030757 0.038684
0.36541 0.037827
0.031032 0.039742
0.36266 0.039366
0.073235 0.033096
0.031587 0.040352
0.36567 0.039569
0.041666 0.036212
0.3747 0.036987
0.072349 0.03406
0.032773 0.040471
0.37425 0.038227
0.034629 0.040477
0.34481 0.039982
0.094137 0.039644
0.036665 0.040417
0.041116 0.040497
0.3284 0.038343
0.12769 0.036957
0.38341 0.026538
0.076862 0.037758
0.11083 0.039672
0.069023 0.038708
0.33564 0.039175
0.38382 0.027613
0.29523 0.039537
0.39146 0.022341
0.39081 0.026159
0.3852 0.032744
0.082325 0.038966
0.39278 0.032964
0.30073 0.038386
0.066006 0.039311
0.064793 0.03937
0.40866 0.033011
0.40393 0.035647
0.38611 0.036719
0.39182 0.035185
0.41333 0.039655
0.41302 0.039783
0.39929 0.038453
0.39185 0.036243
0.40007 0.03861
0.43096 0.037676
0.43336 0.021638
0.44309 0.023863
0.45751 0.020667
0.48599 0.021476
0.41598 0.025636
0.46301 0.022888
0.42295 0.031149
0.42347 0.032998
0.45772 0.029361
0.47883 0.021901
0.45475 0.03623
0.45853 0.036671
0.47011 0.02838
0.47474 0.023137
0.45008 0.03758
0.46246 0.0369
0.46709 0.026492
0.47263 0.026327
0.46325 0.036782
0.47983 0.036094
0.48361 0.025121
0.48194 0.030054
0.47964 0.036131
0.47864 0.02565
0.51885 0.021166
0.50504 0.021095
0.57584 0.020326
0.54121 0.022432
0.56093 0.024998
0.49215 0.021398
0.52617 0.028681
0.50347 0.023604
0.50127 0.024233
0.54759 0.029496
0.55317 0.033705
0.49665 0.02442
0.50956 0.027847
0.51641 0.033717
0.54399 0.035137
0.49801 0.027134
0.5089 0.032417
0.5118 0.036382
0.54461 0.038026
0.50771 0.032456
0.49546 0.028684
0.5088 0.036508
0.48909 0.035889
0.48969 0.026989
0.5174 0.036618
0.59137 0.021036
0.59291 0.025689
0.61409 0.029245
0.69512 0.038114
0.60027 0.033597
0.6562 0.036983
0.60316 0.037607
0.56612 0.033341
0.90041 0.038944
0.57573 0.033738
0.57114 0.037663
0.97035 0.037172
0.97092 0.029975
0.56388 0.039117
0.58088 0.03801
0.91802 0.037791
0.63015 0.034846
0.54884 0.037788
0.48902 0.035894
0.63845 0.037509
0.60528 0.037772
0.62391 0.031026
0.96504 0.039826
0.66618 0.036225
0.92617 0.036702
0.96362 0.025533
0.97476 0.026572
0.96809 0.027507
0.96948 0.028381
0.86794 0.037903
0.61889 0.038731
0.63315 0.028318
0.97595 0.027092
0.65765 0.035965
0.97628 0.027138
0.97624 0.027236
0.97613 0.026949
0.63023 0.025982
0.97558 0.026537
0.78188 0.038652
0.95092 0.038794
0.97552 0.026503
0.7717 0.038035
0.97027 0.025316
0.85147 0.038264
0.96905 0.025159
0.97127 0.025444
0.9663 0.024898
0.65484 0.031496
0.957 0.039293
0.70059 0.038051
0.95722 0.024328
0.96232 0.024584
0.96028 0.024478
0.65477 0.027874
0.93894 0.038427
0.67004 0.033101
0.89475 0.038949
0.95249 0.024302
0.67589 0.038597
0.86574 0.038859
0.72206 0.039204
0.93464 0.0253
0.93245 0.024062
0.93549 0.025364
0.68183 0.039812
0.94328 0.026466
0.68104 0.036927
0.94732 0.027535
0.94599 0.02699
0.94727 0.027508
0.68162 0.03659
0.95175 0.029134
0.6913 0.037928
0.8307 0.037998
0.95091 0.028885
0.95549 0.032704
0.69236 0.035838
0.80088 0.037953
0.68968 0.031323
0.94034 0.035143
0.94997 0.034264
0.94213 0.035647
0.69449 0.029332
0.73999 0.038616
0.69615 0.02343
0.73438 0.038148
0.92749 0.033689
0.92538 0.033459
0.70482 0.026608
0.92211 0.033464
0.71497 0.026228
0.74338 0.039074
0.91946 0.033305
0.9152 0.033029
0.72784 0.037229
0.75751 0.038663
0.7254 0.024355
0.8116 0.039718
0.90926 0.032165
0.91252 0.032223
0.74217 0.03317
0.91169 0.031965
0.75522 0.03512
0.78094 0.037371
0.91191 0.032029
0.91083 0.031577
0.74167 0.026494
0.81037 0.039264
0.75291 0.026259
0.77997 0.035277
0.90612 0.031476
0.76917 0.029937
0.79667 0.038123
0.7606 0.025428
0.79367 0.037295
0.88169 0.039505
0.87303 0.039941
0.77442 0.027184
0.80322 0.034713
0.78283 0.02652
0.82057 0.039255
0.87096 0.039043
0.8718 0.039933
0.79012 0.028565
0.87323 0.039891
0.81494 0.034679
0.81956 0.039206
0.87435 0.039765
0.88116 0.039179
0.81582 0.032844
0.84534 0.034626
0.82053 0.032681
0.83649 0.029907
0.87855 0.037033
0.876 0.035705
0.81856 0.027296
0.84177 0.031343
0.82674 0.022957
0.85679 0.030997
0.874 0.033232
0.87476 0.030658
0.84257 0.024456
0.86181 0.028553
0.85124 0.023174
0.87756 0.025266
0.87486 0.028307
0.8752 0.027086
0.86815 0.022353
0.884 0.023881
0.9507 0.020339
0.95017 0.022108
