348
0.077836 0.020626
0.051659 0.02317
0.14229 0.020564
0.079121 0.0237
0.033967 0.023249
0.080117 0.02371
0.16572 0.020928
0.17417 0.022782
0.19833 0.021918
0.12966 0.027241
0.12474 0.025832
0.13012 0.027452
0.21254 0.025094
0.20217 0.027351
0.21633 0.028055
0.14665 0.027562
0.13783 0.027949
0.14519 0.027539
0.22244 0.031313
0.15 0.028324
0.22742 0.030284
0.20433 0.040658
0.14874 0.028664
0.14233 0.0299
0.22408 0.034128
0.14247 0.030442
0.24443 0.026301
0.21754 0.039301
0.14014 0.030612
0.14759 0.030369
0.2525 0.029371
0.15825 0.031312
0.26036 0.027151
0.21678 0.039482
0.15812 0.031122
0.15419 0.030838
0.26728 0.02457
0.14393 0.0314
0.27963 0.026031
0.24674 0.037964
0.14117 0.032175
0.28727 0.021651
0.12011 0.029302
0.29369 0.026241
0.26021 0.036647
0.11826 0.028302
0.29553 0.03007
0.12228 0.030792
0.30797 0.023643
0.13806 0.032927
0.13523 0.033012
0.31224 0.027771
0.26797 0.036958
0.31197 0.030015
0.28322 0.037525
0.15835 0.036792
0.32777 0.029318
0.29035 0.038197
0.33169 0.032063
0.15025 0.033645
0.15534 0.034681
0.15162 0.033662
0.33794 0.032945
0.14023 0.034315
0.35307 0.026004
0.13379 0.03439
0.14019 0.03431
0.13368 0.034416
0.34537 0.0312
0.11313 0.027665
0.3475 0.033601
0.26327 0.03831
0.12311 0.033226
0.1012 0.026772
0.36724 0.026991
0.072094 0.02891
0.37161 0.027028
0.22064 0.040032
0.077809 0.028642
0.057522 0.029327
0.37422 0.027143
0.15865 0.038437
0.36449 0.039563
0.24151 0.040226
0.04883 0.02809
0.035838 0.025846
0.33353 0.040558
0.17552 0.038913
0.37172 0.037505
0.18303 0.039076
0.030557 0.02628
0.028634 0.02862
0.329 0.039701
0.078941 0.030762
0.38586 0.029775
0.034527 0.03236
0.031175 0.031338
0.034593 0.032432
0.35251 0.039443
0.056334 0.030952
0.2301 0.041346
0.074961 0.034026
0.034788 0.032594
0.035937 0.033468
0.38171 0.038239
0.036502 0.034237
0.3785 0.039403
0.0935 0.029214
0.037435 0.034702
0.38217 0.040304
0.051446 0.031975
0.39024 0.038558
0.092337 0.029932
0.03926 0.034838
0.38995 0.040206
0.042147 0.034912
0.3592 0.039743
0.12312 0.035636
0.045441 0.034938
0.051841 0.035184
0.34223 0.039794
0.15803 0.038444
0.39727 0.027284
0.099084 0.0324
0.13967 0.038666
0.088196 0.033392
0.34942 0.039803
0.39763 0.028464
0.31415 0.038993
0.40457 0.022497
0.40395 0.026592
0.39906 0.034056
0.10659 0.033333
0.40602 0.033699
0.32019 0.038718
0.083958 0.033776
0.082251 0.033828
0.42141 0.032606
0.41697 0.035592
0.40005 0.038328
0.40517 0.036117
0.42712 0.038465
0.42677 0.038643
0.4126 0.039078
0.40523 0.03723
0.41337 0.039161
0.44652 0.03788
0.44767 0.021698
0.45644 0.024371
0.46883 0.020786
0.49285 0.021755
0.42926 0.025238
0.47346 0.02341
0.43702 0.030436
0.43786 0.032225
0.46896 0.031038
0.48684 0.022253
0.46593 0.038991
0.46894 0.039641
0.47946 0.029928
0.48342 0.023717
0.46229 0.040694
0.47203 0.040251
0.4769 0.027692
0.48161 0.027495
0.47269 0.040055
0.4866 0.039117
0.49086 0.02607
0.48924 0.031913
0.48643 0.039169
0.48668 0.026694
0.5212 0.021343
0.50912 0.021263
0.57402 0.020348
0.5403 0.022686
0.55981 0.025091
0.49803 0.021644
0.52762 0.030097
0.50775 0.024167
0.50583 0.02491
0.54629 0.029921
0.55147 0.033762
0.50182 0.025162
0.51307 0.028976
0.51932 0.035747
0.54211 0.036362
0.50299 0.028314
0.5125 0.034228
0.51519 0.038691
0.54231 0.039406
0.51144 0.034302
0.50078 0.030161
0.51242 0.038944
0.49469 0.038776
0.49597 0.028246
0.52039 0.039102
0.58824 0.021144
0.58965 0.026268
0.60921 0.029796
0.68498 0.040023
0.59589 0.034647
0.64863 0.039615
0.59783 0.038994
0.56446 0.033758
0.89997 0.039115
0.57352 0.034646
0.56887 0.038533
0.97014 0.036794
0.97071 0.029755
0.56205 0.039557
0.57789 0.039262
0.91735 0.037962
0.62514 0.035887
0.54643 0.038443
0.49463 0.038786
0.63354 0.039511
0.5997 0.039261
0.6185 0.031707
0.9647 0.039417
0.65643 0.036368
0.92544 0.036794
0.96325 0.025421
0.97464 0.026427
0.96783 0.027346
0.96925 0.028198
0.86741 0.037596
0.61306 0.039382
0.62716 0.029061
0.97586 0.026935
0.64956 0.037801
0.9762 0.026981
0.97616 0.027076
0.97604 0.026796
0.62456 0.026464
0.97548 0.026393
0.77909 0.039886
0.95032 0.038481
0.97541 0.026359
0.76887 0.037988
0.97005 0.025198
0.85046 0.03757
0.9688 0.025047
0.97108 0.025324
0.96599 0.024795
0.6468 0.033149
0.9565 0.038939
0.68943 0.039557
0.95673 0.024248
0.96192 0.024492
0.95984 0.024392
0.64631 0.029022
0.93817 0.038333
0.66069 0.032672
0.89433 0.039072
0.95191 0.024229
0.66738 0.037708
0.86517 0.038483
0.71277 0.035647
0.93388 0.025296
0.9317 0.024068
0.93473 0.025355
0.6738 0.040183
0.94255 0.026404
0.67295 0.03711
0.94666 0.027433
0.9453 0.026905
0.94661 0.027407
0.67344 0.03686
0.95116 0.028979
0.68189 0.039844
0.82816 0.036453
0.9503 0.028737
0.95497 0.032476
0.68278 0.037534
0.79502 0.038362
0.68051 0.032398
0.93956 0.035044
0.94935 0.034034
0.94138 0.035517
0.68476 0.030338
0.7351 0.036518
0.68625 0.023797
0.72854 0.035735
0.92676 0.033755
0.92465 0.033539
0.69395 0.026749
0.92139 0.033566
0.70502 0.025319
0.73851 0.037166
0.91876 0.033424
0.91456 0.033173
0.72087 0.034239
0.7531 0.036948
0.71798 0.023597
0.80633 0.03825
0.9087 0.032323
0.91191 0.032375
0.73758 0.031789
0.91109 0.032118
0.75102 0.033759
0.77811 0.038477
0.91131 0.032182
0.91025 0.031731
0.7371 0.025801
0.80495 0.038038
0.74912 0.025826
0.77709 0.036212
0.9056 0.031609
0.76648 0.029807
0.79136 0.039213
0.75741 0.025096
0.78885 0.03907
0.88133 0.039434
0.87257 0.039711
0.77159 0.027492
0.79755 0.034738
0.77975 0.026994
0.81671 0.037471
0.87047 0.038787
0.87132 0.03968
0.78621 0.029413
0.87278 0.039666
0.81064 0.033276
0.81555 0.037413
0.87391 0.039561
0.88081 0.0391
0.81177 0.031624
0.84409 0.033858
0.81702 0.031514
0.83462 0.029185
0.87817 0.036922
0.87559 0.035566
0.81495 0.026617
0.84036 0.030655
0.82401 0.022696
0.856 0.030654
0.87356 0.033091
0.87433 0.030552
0.84122 0.024194
0.86119 0.02834
0.85023 0.023052
0.87716 0.025227
0.87443 0.028225
0.87477 0.027018
0.86762 0.022313
0.88363 0.023875
0.95009 0.020334
0.94955 0.022073
