348
0.065883 0.020759
0.044977 0.024055
0.11907 0.020579
0.067022 0.024462
0.031141 0.02411
0.067903 0.024457
0.14166 0.020906
0.15126 0.022434
0.17855 0.021773
0.10713 0.028301
0.10314 0.027054
0.10753 0.0285
0.19287 0.025031
0.18274 0.027171
0.19678 0.027836
0.12336 0.027782
0.1147 0.028391
0.12181 0.027754
0.20329 0.030153
0.12697 0.028594
0.20899 0.029117
0.18733 0.039771
0.12566 0.028931
0.11911 0.030176
0.20499 0.032721
0.11918 0.030748
0.22887 0.025713
0.19842 0.039023
0.11686 0.030927
0.12427 0.030703
0.23713 0.029095
0.135 0.031952
0.24547 0.027252
0.19774 0.039349
0.13483 0.031727
0.13091 0.031196
0.25134 0.02474
0.12042 0.031773
0.264 0.025676
0.23193 0.036668
0.11771 0.032585
0.27232 0.021618
0.099717 0.031791
0.27891 0.02646
0.24632 0.036881
0.098146 0.030657
0.28079 0.030438
0.10118 0.033507
0.29224 0.023593
0.11445 0.033753
0.1116 0.034503
0.29695 0.02719
0.25329 0.037586
0.29673 0.029324
0.26923 0.03699
0.13653 0.038148
0.31403 0.02825
0.27738 0.038838
0.31883 0.031092
0.1273 0.034191
0.13265 0.035311
0.12865 0.034182
0.32602 0.03219
0.11651 0.034864
0.34034 0.025861
0.10995 0.036125
0.11648 0.034858
0.10984 0.036155
0.33343 0.031119
0.094078 0.030014
0.33529 0.033485
0.24891 0.038578
0.10155 0.036597
0.085261 0.028753
0.35592 0.026382
0.060518 0.03103
0.36092 0.026742
0.20166 0.038703
0.06598 0.030467
0.0491 0.032125
0.36379 0.026762
0.13705 0.039044
0.35359 0.037677
0.22725 0.038701
0.042582 0.030311
0.032634 0.0274
0.32195 0.03952
0.1559 0.035366
0.36276 0.036736
0.16565 0.037401
0.028421 0.027877
0.026884 0.030806
0.31642 0.037881
0.067277 0.032959
0.37559 0.029161
0.030922 0.035729
0.028552 0.034236
0.030959 0.035824
0.33901 0.039468
0.047635 0.034345
0.2129 0.039013
0.063029 0.037222
0.031076 0.036042
0.031762 0.0372
0.37226 0.037518
0.032029 0.038213
0.36951 0.038785
0.080186 0.031707
0.032597 0.038744
0.37306 0.039176
0.043328 0.035489
0.38157 0.037027
0.079512 0.032564
0.033848 0.038929
0.38146 0.038247
0.0358 0.039095
0.34739 0.038522
0.10134 0.039688
0.037923 0.039215
0.042486 0.039484
0.3309 0.039826
0.13629 0.0388
0.38849 0.026816
0.086589 0.03651
0.11543 0.039329
0.077169 0.036652
0.33647 0.039775
0.3889 0.027933
0.29902 0.036941
0.39574 0.022398
0.3951 0.026328
0.39081 0.033307
0.091254 0.037865
0.39722 0.033194
0.306 0.037243
0.073005 0.036309
0.071268 0.03634
0.41427 0.031339
0.40893 0.034136
0.39219 0.037544
0.39652 0.035541
0.42124 0.037544
0.42083 0.0376
0.40346 0.037444
0.39663 0.036626
0.4044 0.037439
0.44004 0.03949
0.44028 0.021828
0.44836 0.024435
0.46163 0.020757
0.4854 0.021709
0.42275 0.025032
0.46656 0.023368
0.43047 0.030758
0.43145 0.032748
0.46188 0.030638
0.47946 0.022264
0.46025 0.038218
0.46389 0.039201
0.4722 0.030088
0.47606 0.023816
0.45605 0.039415
0.46737 0.039854
0.46972 0.027706
0.4743 0.027691
0.46797 0.039782
0.48076 0.039086
0.48341 0.025983
0.48207 0.031825
0.48061 0.039143
0.4793 0.026734
0.51615 0.021171
0.50259 0.021161
0.57321 0.020344
0.53891 0.022395
0.55874 0.025072
0.49093 0.021577
0.52352 0.028563
0.50113 0.023849
0.49913 0.024565
0.54534 0.029398
0.55098 0.03366
0.49497 0.024863
0.50703 0.028149
0.51375 0.033845
0.5417 0.034941
0.49621 0.027803
0.50638 0.032934
0.50923 0.036832
0.54232 0.037801
0.50522 0.033046
0.49391 0.029609
0.50629 0.037203
0.4884 0.038154
0.48871 0.027967
0.51473 0.036734
0.58753 0.021153
0.58895 0.026366
0.60823 0.029195
0.68795 0.038292
0.59462 0.035116
0.64884 0.038332
0.59626 0.039551
0.56375 0.033699
0.90231 0.039587
0.573 0.034506
0.5685 0.038413
0.97015 0.035685
0.97001 0.029082
0.56155 0.03953
0.57752 0.039295
0.91605 0.039175
0.62464 0.034504
0.5466 0.037621
0.48834 0.038165
0.63292 0.038352
0.59791 0.03968
0.6184 0.030736
0.96542 0.038802
0.65808 0.037735
0.92339 0.037296
0.96198 0.02529
0.97423 0.025972
0.9669 0.026963
0.96843 0.027701
0.86542 0.035439
0.61141 0.038422
0.62803 0.028389
0.97554 0.026444
0.65023 0.037258
0.97591 0.026486
0.97587 0.026575
0.97574 0.026314
0.6251 0.025859
0.97513 0.02594
0.77176 0.038923
0.9507 0.039334
0.97506 0.025909
0.76186 0.038327
0.96929 0.024856
0.84465 0.036062
0.96795 0.024754
0.9704 0.024947
0.96492 0.024599
0.64814 0.032403
0.95776 0.03938
0.69296 0.039174
0.95557 0.024314
0.96057 0.024421
0.95854 0.024379
0.64836 0.028497
0.93629 0.038252
0.66194 0.034204
0.89695 0.03866
0.95095 0.024416
0.66656 0.039378
0.86266 0.036296
0.71186 0.039952
0.93304 0.025195
0.9308 0.023965
0.9339 0.025266
0.67248 0.039762
0.94197 0.026442
0.67191 0.036977
0.94591 0.027563
0.94461 0.026998
0.94586 0.027535
0.67262 0.036559
0.95023 0.029364
0.68362 0.03744
0.82251 0.036893
0.94941 0.029058
0.95454 0.032843
0.68483 0.035555
0.7899 0.037125
0.68195 0.030831
0.93824 0.035038
0.94906 0.034488
0.94056 0.035613
0.68705 0.029318
0.72948 0.039351
0.6888 0.023476
0.72412 0.038788
0.9252 0.034031
0.92305 0.03396
0.69679 0.027212
0.91967 0.034228
0.70589 0.026635
0.73299 0.039845
0.91755 0.034228
0.91399 0.034224
0.71776 0.037588
0.74778 0.039066
0.71613 0.024453
0.80199 0.037879
0.90888 0.033327
0.9117 0.033528
0.73207 0.033702
0.91098 0.033298
0.74516 0.03549
0.77077 0.037711
0.91117 0.033357
0.91022 0.032862
0.73178 0.026756
0.80058 0.037319
0.74267 0.026421
0.76972 0.035574
0.90612 0.032208
0.7588 0.030038
0.78571 0.037801
0.75021 0.025502
0.78289 0.037248
0.883 0.037676
0.87219 0.037674
0.76397 0.027304
0.79267 0.033702
0.77215 0.02664
0.81207 0.037797
0.86937 0.036777
0.87058 0.037623
0.7793 0.028624
0.87245 0.037641
0.80591 0.033387
0.81101 0.037759
0.87389 0.037589
0.88235 0.037364
0.80695 0.031712
0.838 0.033379
0.81218 0.03168
0.82929 0.029181
0.87887 0.035291
0.87521 0.033985
0.81006 0.026671
0.83446 0.030423
0.81867 0.022749
0.85166 0.029425
0.87232 0.031684
0.87281 0.029407
0.83553 0.024076
0.85774 0.027331
0.84537 0.022765
0.87591 0.024682
0.87281 0.027332
0.87319 0.02626
0.86513 0.022018
0.88314 0.023511
0.9492 0.020346
0.94869 0.022137
