348
0.072836 0.020826
0.051373 0.023491
0.12456 0.020537
0.073913 0.024899
0.034403 0.023223
0.074746 0.024923
0.14785 0.020833
0.15918 0.021998
0.18744 0.021868
0.11145 0.027657
0.10736 0.026584
0.11187 0.02785
0.20321 0.024409
0.19165 0.026999
0.20783 0.026812
0.12922 0.027429
0.12001 0.027791
0.12756 0.027324
0.21479 0.029101
0.13289 0.028256
0.22129 0.028371
0.19462 0.038359
0.13153 0.028568
0.12453 0.029437
0.21618 0.031512
0.12448 0.029966
0.24264 0.025565
0.20846 0.036822
0.12201 0.0301
0.12997 0.030263
0.25083 0.029204
0.14063 0.031701
0.25897 0.027661
0.20761 0.037042
0.14051 0.031501
0.13664 0.030943
0.26442 0.025119
0.12566 0.03099
0.2759 0.026308
0.24508 0.036522
0.12263 0.031624
0.28332 0.021796
0.1032 0.031404
0.28932 0.027105
0.25908 0.038025
0.10183 0.030405
0.29082 0.031518
0.10428 0.032967
0.30144 0.023908
0.1189 0.032803
0.11529 0.033495
0.30574 0.027862
0.26532 0.039323
0.30561 0.030191
0.27911 0.038793
0.14048 0.037785
0.32147 0.028636
0.28583 0.04033
0.32601 0.031286
0.13232 0.033674
0.13744 0.03518
0.13378 0.03371
0.3333 0.031844
0.12101 0.033871
0.34905 0.025013
0.11288 0.035027
0.12097 0.033867
0.11274 0.035055
0.34099 0.030119
0.097693 0.030152
0.34301 0.032157
0.26148 0.039858
0.1037 0.036041
0.089592 0.029894
0.36669 0.026114
0.067743 0.031458
0.37174 0.026572
0.21199 0.036767
0.072897 0.031404
0.05617 0.031056
0.37455 0.026488
0.14072 0.038444
0.36358 0.036618
0.2401 0.037783
0.048585 0.028648
0.036333 0.025855
0.32905 0.039763
0.16361 0.032597
0.37283 0.036273
0.17688 0.037304
0.030886 0.026105
0.0289 0.028359
0.32402 0.038704
0.073981 0.03425
0.38742 0.028036
0.03412 0.032319
0.031056 0.031035
0.034167 0.032395
0.34719 0.036955
0.054461 0.032801
0.22408 0.037164
0.069836 0.038298
0.034318 0.032575
0.035205 0.033537
0.38278 0.035963
0.03555 0.034357
0.37954 0.037469
0.084991 0.033621
0.036285 0.034826
0.38364 0.037227
0.049448 0.033086
0.394 0.034679
0.084289 0.034655
0.037903 0.035084
0.39377 0.0357
0.040391 0.035394
0.35664 0.036556
0.10242 0.039231
0.043054 0.035686
0.048464 0.036329
0.33749 0.038452
0.14005 0.038401
0.40262 0.026373
0.089111 0.038674
0.11882 0.03812
0.081804 0.039432
0.34404 0.037725
0.40307 0.027452
0.30641 0.038444
0.40978 0.022418
0.40919 0.026343
0.40517 0.032806
0.092796 0.039209
0.41135 0.033616
0.31427 0.038889
0.078596 0.038569
0.077179 0.038411
0.42729 0.032049
0.42272 0.035068
0.40646 0.037157
0.41075 0.035899
0.43304 0.038906
0.43272 0.038917
0.41778 0.03864
0.41088 0.037045
0.41872 0.038644
0.44838 0.03844
0.4528 0.021647
0.46203 0.023838
0.47736 0.020671
0.50436 0.021732
0.43524 0.025459
0.483 0.022889
0.44192 0.030896
0.44222 0.032894
0.47751 0.029447
0.49822 0.022118
0.47367 0.035845
0.47845 0.037048
0.48955 0.028714
0.49447 0.02338
0.4683 0.036739
0.48351 0.037044
0.48685 0.026595
0.49242 0.026711
0.48455 0.03698
0.50261 0.038297
0.50234 0.02587
0.50159 0.031382
0.50246 0.038287
0.49805 0.026288
0.5329 0.021326
0.52034 0.021234
0.58824 0.020336
0.55206 0.022462
0.57381 0.024966
0.50936 0.021659
0.53925 0.03001
0.51895 0.024096
0.51706 0.024894
0.55917 0.028823
0.56583 0.032882
0.51324 0.025192
0.52445 0.028748
0.53125 0.035681
0.55469 0.03498
0.51432 0.028366
0.52467 0.033941
0.52778 0.038238
0.55528 0.037531
0.52366 0.034066
0.51244 0.030219
0.52531 0.038254
0.50977 0.038983
0.5074 0.028322
0.53224 0.038477
0.60262 0.021217
0.60388 0.026746
0.62285 0.029272
0.70024 0.040552
0.60967 0.035501
0.66232 0.038648
0.6117 0.040015
0.57869 0.033701
0.90489 0.039162
0.58851 0.034181
0.58405 0.038035
0.97178 0.037426
0.97102 0.03009
0.57713 0.039406
0.59384 0.03922
0.92055 0.040028
0.6376 0.035763
0.56078 0.036668
0.50972 0.038985
0.64702 0.039492
0.61459 0.039764
0.63296 0.031501
0.96824 0.040365
0.67071 0.038003
0.92728 0.040028
0.96378 0.025678
0.97481 0.026635
0.96821 0.027654
0.96958 0.028527
0.87164 0.03534
0.62793 0.040332
0.64106 0.029011
0.97599 0.027159
0.66349 0.037965
0.97632 0.027206
0.97628 0.027305
0.97617 0.027015
0.63799 0.026202
0.97562 0.026599
0.78337 0.038662
0.95444 0.039279
0.97556 0.026565
0.77533 0.038894
0.97036 0.025393
0.85099 0.040317
0.96915 0.025253
0.97136 0.025496
0.96643 0.025007
0.66106 0.032592
0.96204 0.040059
0.70474 0.041364
0.95775 0.024485
0.96251 0.024713
0.96066 0.024621
0.66101 0.028606
0.93847 0.039822
0.67408 0.034386
0.90079 0.038697
0.95313 0.024483
0.67926 0.039371
0.86869 0.036033
0.72278 0.038833
0.93594 0.025909
0.93409 0.024593
0.93666 0.025947
0.68559 0.040055
0.94414 0.026787
0.68477 0.03706
0.94809 0.02769
0.94678 0.0272
0.94804 0.027665
0.68549 0.036819
0.95239 0.029471
0.6965 0.039052
0.83406 0.039294
0.95158 0.029129
0.95738 0.033306
0.69728 0.037044
0.80178 0.038135
0.69427 0.031746
0.94036 0.036358
0.95188 0.034605
0.94287 0.036625
0.69838 0.030265
0.74437 0.038308
0.69988 0.023876
0.73752 0.037552
0.92896 0.036484
0.9272 0.035991
0.70716 0.028183
0.92443 0.035617
0.71504 0.027023
0.74874 0.03836
0.92249 0.035155
0.91874 0.034335
0.7298 0.036129
0.76439 0.038179
0.72552 0.02425
0.81324 0.038653
0.91334 0.032562
0.91639 0.033154
0.74461 0.033359
0.91564 0.032787
0.75945 0.034653
0.7823 0.037508
0.91584 0.03288
0.91488 0.032229
0.74217 0.026508
0.81168 0.038314
0.7533 0.025827
0.7812 0.035243
0.91041 0.03186
0.77095 0.030226
0.79775 0.038151
0.76239 0.025099
0.79502 0.037269
0.88954 0.037335
0.88082 0.037216
0.77598 0.027489
0.80457 0.034643
0.78374 0.02656
0.82448 0.038865
0.87682 0.036632
0.87867 0.037182
0.79167 0.028244
0.88106 0.037197
0.81711 0.034061
0.82322 0.038755
0.88233 0.037158
0.88894 0.037055
0.8179 0.032254
0.84597 0.0373
0.82346 0.032305
0.83897 0.031154
0.88559 0.035066
0.88219 0.033774
0.82088 0.026914
0.8433 0.033144
0.82939 0.022906
0.85622 0.030942
0.87802 0.031445
0.87765 0.029171
0.84393 0.025131
0.8619 0.027793
0.85122 0.023459
0.88087 0.02457
0.87738 0.02714
0.8778 0.026098
0.86931 0.021958
0.88785 0.023441
0.95138 0.020348
0.95086 0.022149
