348
0.076291 0.020641
0.050805 0.02326
0.14089 0.020529
0.077543 0.023788
0.033598 0.023338
0.078513 0.023796
0.16588 0.020912
0.17434 0.022711
0.20028 0.021758
0.12778 0.027068
0.12273 0.025736
0.12825 0.027264
0.21586 0.024645
0.20435 0.026708
0.22002 0.027343
0.14565 0.026994
0.13615 0.027563
0.14405 0.027006
0.22671 0.030306
0.1493 0.027648
0.23214 0.029156
0.20716 0.038794
0.14793 0.027959
0.14093 0.029285
0.22892 0.032866
0.1411 0.029789
0.25149 0.025616
0.22186 0.037587
0.13857 0.030023
0.14668 0.029562
0.26034 0.028677
0.1585 0.03077
0.26887 0.026828
0.22113 0.037761
0.15832 0.030583
0.15394 0.03014
0.2758 0.024662
0.14276 0.030636
0.28739 0.026468
0.25676 0.036156
0.13978 0.031459
0.29451 0.0218
0.11799 0.029217
0.30049 0.026826
0.27094 0.035837
0.11615 0.028249
0.30204 0.03104
0.12021 0.030656
0.31329 0.023971
0.13651 0.032287
0.1336 0.032479
0.3172 0.028222
0.2784 0.037547
0.31685 0.030617
0.29112 0.039038
0.15947 0.036006
0.33281 0.028948
0.2978 0.039916
0.33689 0.031581
0.14992 0.032555
0.15573 0.033809
0.15145 0.032645
0.34329 0.032764
0.13887 0.033512
0.35828 0.026041
0.13216 0.033862
0.13883 0.033509
0.13205 0.033892
0.3507 0.031384
0.11105 0.027677
0.3526 0.03371
0.27436 0.038098
0.1211 0.033042
0.099193 0.026856
0.37264 0.026958
0.070696 0.02914
0.37709 0.026839
0.22556 0.038251
0.076264 0.028849
0.056505 0.029587
0.37973 0.026848
0.16004 0.037601
0.36981 0.039397
0.25178 0.037896
0.048056 0.028321
0.03542 0.026007
0.33852 0.039991
0.17637 0.038296
0.37759 0.036851
0.18417 0.037915
0.030278 0.026451
0.028406 0.028853
0.33356 0.038769
0.077367 0.031017
0.39238 0.02868
0.034143 0.0327
0.030879 0.031647
0.034207 0.032773
0.3571 0.039583
0.05535 0.031259
0.2373 0.038819
0.07349 0.034376
0.034397 0.032941
0.035516 0.033839
0.38875 0.036472
0.036066 0.034631
0.38535 0.037795
0.091632 0.029378
0.036974 0.035109
0.38948 0.038317
0.050599 0.032317
0.39777 0.037559
0.090492 0.030117
0.038751 0.035251
0.39757 0.039516
0.041559 0.03533
0.36413 0.039759
0.12113 0.035418
0.044761 0.035361
0.050982 0.035617
0.34701 0.039829
0.15937 0.03756
0.40472 0.027409
0.097106 0.032572
0.13849 0.037642
0.086432 0.033669
0.35404 0.040095
0.40506 0.028644
0.31788 0.040036
0.41133 0.022715
0.41077 0.027183
0.40607 0.034596
0.10455 0.033448
0.41228 0.034634
0.32387 0.038749
0.082277 0.03408
0.080604 0.03414
0.42748 0.032449
0.42275 0.035715
0.40672 0.039278
0.41138 0.037177
0.43333 0.038031
0.43296 0.03819
0.418 0.039614
0.41138 0.038306
0.41874 0.039612
0.45245 0.039095
0.45361 0.021808
0.46189 0.024235
0.47607 0.020681
0.50012 0.021811
0.43553 0.025137
0.48151 0.023149
0.44363 0.030562
0.44446 0.032413
0.4763 0.029582
0.49453 0.022334
0.47343 0.036448
0.47756 0.037164
0.48769 0.029966
0.49137 0.023861
0.46857 0.038573
0.48179 0.038544
0.4851 0.027454
0.4897 0.027734
0.48248 0.038531
0.49441 0.040009
0.49823 0.026315
0.49663 0.032435
0.49427 0.040066
0.49438 0.026933
0.52909 0.02129
0.51654 0.021233
0.58511 0.020355
0.54893 0.022536
0.57007 0.024653
0.50547 0.021659
0.53579 0.029817
0.51516 0.024113
0.51323 0.024886
0.55542 0.029211
0.56127 0.032688
0.50921 0.025129
0.5205 0.028708
0.52608 0.03505
0.55176 0.03531
0.51037 0.028243
0.51916 0.033723
0.52104 0.037921
0.55236 0.038162
0.51807 0.033808
0.50802 0.030139
0.51825 0.038358
0.50126 0.039421
0.50347 0.02839
0.52677 0.038391
0.59815 0.021232
0.59943 0.026717
0.61876 0.029653
0.69319 0.039415
0.604 0.035166
0.65644 0.039605
0.60462 0.039533
0.57541 0.032953
0.90353 0.038857
0.58502 0.034894
0.58091 0.037999
0.96822 0.034863
0.96945 0.028588
0.57312 0.038009
0.58923 0.040425
0.91867 0.03967
0.63445 0.036243
0.55646 0.037017
0.5012 0.039442
0.6426 0.039804
0.60626 0.039691
0.6282 0.031819
0.96117 0.038176
0.66434 0.036536
0.92542 0.038401
0.96097 0.025139
0.97391 0.025657
0.96617 0.026649
0.96778 0.027315
0.86537 0.036609
0.62147 0.039162
0.63656 0.029415
0.97529 0.026104
0.65753 0.037865
0.97568 0.026144
0.97564 0.026228
0.9755 0.025981
0.63405 0.026642
0.97486 0.025626
0.78072 0.039752
0.94718 0.03982
0.97479 0.025597
0.77183 0.040131
0.96869 0.024601
0.84902 0.03956
0.96728 0.024523
0.96986 0.024685
0.96408 0.024422
0.65557 0.03313
0.95273 0.039175
0.69814 0.039122
0.95444 0.024284
0.95946 0.024316
0.95736 0.024305
0.65546 0.029019
0.93651 0.039839
0.66899 0.032663
0.89696 0.037816
0.94991 0.024458
0.67468 0.03775
0.86267 0.037889
0.72154 0.036898
0.93315 0.02576
0.93115 0.024435
0.93392 0.025818
0.68088 0.039794
0.94112 0.026896
0.68065 0.036791
0.94498 0.027966
0.9437 0.027411
0.94493 0.027938
0.6812 0.036544
0.94921 0.029554
0.68977 0.039405
0.82982 0.03822
0.9484 0.029324
0.95235 0.032794
0.69108 0.037147
0.79982 0.038027
0.68937 0.032166
0.93794 0.036257
0.9469 0.035013
0.9395 0.036737
0.69405 0.030009
0.74186 0.038263
0.69558 0.023667
0.73589 0.03756
0.92662 0.035091
0.92473 0.034843
0.70354 0.026747
0.92183 0.034858
0.71423 0.025589
0.74514 0.03888
0.91969 0.034708
0.91588 0.034429
0.72899 0.035776
0.759 0.038983
0.72636 0.023949
0.81001 0.039617
0.91051 0.033188
0.91344 0.033551
0.74401 0.032987
0.91268 0.033268
0.7567 0.035327
0.77961 0.038596
0.91288 0.033339
0.91187 0.032842
0.74345 0.026396
0.80878 0.039349
0.75447 0.026456
0.77866 0.036536
0.90757 0.03202
0.76981 0.031289
0.79554 0.038206
0.76192 0.025753
0.7925 0.037634
0.88145 0.037461
0.87123 0.037911
0.77425 0.028135
0.80188 0.034781
0.78196 0.026896
0.81944 0.038873
0.86884 0.037172
0.86979 0.037912
0.7891 0.028547
0.87147 0.037865
0.81364 0.034319
0.81828 0.038799
0.87279 0.037744
0.88082 0.037173
0.8146 0.032569
0.84376 0.035455
0.81947 0.032518
0.83542 0.030232
0.87773 0.035268
0.87482 0.034092
0.81747 0.027194
0.84059 0.031882
0.8258 0.022963
0.85439 0.031359
0.87262 0.031883
0.87353 0.029569
0.84134 0.024677
0.85919 0.028436
0.84935 0.023408
0.87663 0.024723
0.87363 0.027458
0.87401 0.026361
0.86616 0.022179
0.88383 0.023473
0.9482 0.020356
0.9477 0.022214
