348
0.076878 0.020663
0.051455 0.023212
0.1362 0.020598
0.078114 0.023927
0.033915 0.023266
0.079072 0.023947
0.15619 0.021026
0.16434 0.022925
0.18975 0.021674
0.12313 0.027378
0.11811 0.026264
0.1236 0.027555
0.20507 0.025112
0.19423 0.026665
0.20871 0.028199
0.14014 0.028357
0.13159 0.028048
0.1389 0.028219
0.21452 0.030596
0.14293 0.029491
0.22019 0.028899
0.19786 0.03906
0.14188 0.029764
0.13636 0.030508
0.21597 0.032954
0.13658 0.031105
0.24167 0.025244
0.2099 0.039481
0.13412 0.031016
0.14106 0.031569
0.251 0.028292
0.14977 0.033145
0.25995 0.027025
0.20924 0.039856
0.14967 0.032934
0.14648 0.032753
0.26624 0.024873
0.13812 0.032309
0.27745 0.026581
0.24499 0.035211
0.13538 0.032791
0.28447 0.021783
0.1141 0.030459
0.2905 0.026627
0.26022 0.036438
0.11259 0.029501
0.29216 0.030684
0.11552 0.031918
0.30399 0.023841
0.13197 0.033144
0.12883 0.032868
0.30806 0.028051
0.26675 0.038316
0.30781 0.030406
0.27946 0.039103
0.14969 0.039546
0.32394 0.028712
0.28624 0.039599
0.32821 0.031428
0.14342 0.035604
0.14742 0.037314
0.14449 0.035786
0.33505 0.032308
0.13454 0.034915
0.35079 0.025524
0.12713 0.034161
0.1345 0.034904
0.12701 0.034187
0.34249 0.030523
0.10832 0.029167
0.34491 0.032731
0.26286 0.038759
0.11564 0.034544
0.098366 0.02776
0.36585 0.026747
0.071349 0.029297
0.37033 0.026873
0.21257 0.039383
0.076851 0.029143
0.057254 0.029526
0.373 0.027061
0.14985 0.040996
0.36339 0.038611
0.23908 0.036627
0.048658 0.028177
0.035779 0.02588
0.33055 0.03974
0.16408 0.039911
0.37085 0.037215
0.17097 0.039068
0.030517 0.026305
0.028602 0.028652
0.3253 0.038269
0.077935 0.031418
0.38451 0.030135
0.034473 0.032427
0.031133 0.031385
0.034538 0.032499
0.35058 0.037772
0.056079 0.031168
0.22317 0.037754
0.074092 0.034737
0.034732 0.032664
0.035877 0.033548
0.38091 0.038711
0.03644 0.034325
0.37801 0.039664
0.09135 0.030189
0.03737 0.034798
0.38137 0.040671
0.051245 0.032131
0.38843 0.039683
0.090259 0.030924
0.039188 0.034945
0.38815 0.041095
0.042049 0.035035
0.3578 0.038401
0.11505 0.037264
0.045306 0.035079
0.051635 0.03539
0.33956 0.038684
0.1494 0.041054
0.39531 0.027527
0.096189 0.034066
0.13427 0.039269
0.086341 0.034521
0.34727 0.038271
0.39565 0.028734
0.30891 0.03945
0.40238 0.022506
0.40173 0.026634
0.39663 0.034444
0.10229 0.035633
0.40355 0.033697
0.31463 0.038449
0.082522 0.034789
0.080988 0.034786
0.42003 0.032877
0.41536 0.035495
0.39715 0.038799
0.40246 0.036191
0.42558 0.039468
0.42528 0.039592
0.41054 0.038371
0.40243 0.037314
0.41139 0.038502
0.44275 0.03883
0.44428 0.021775
0.45278 0.024414
0.46535 0.020764
0.48978 0.021749
0.42711 0.025596
0.47013 0.023321
0.43424 0.031222
0.43498 0.033125
0.46549 0.030725
0.48374 0.022234
0.46243 0.038635
0.46573 0.039093
0.47632 0.029748
0.4803 0.023669
0.45821 0.040386
0.46916 0.039649
0.47368 0.027525
0.4785 0.027381
0.46988 0.039498
0.48422 0.038955
0.48778 0.02605
0.48628 0.031853
0.48406 0.039002
0.48358 0.026638
0.51811 0.02136
0.50606 0.021265
0.57083 0.020321
0.5368 0.022761
0.55568 0.025025
0.49499 0.021641
0.52439 0.030287
0.50469 0.024173
0.50278 0.024914
0.54258 0.03023
0.5476 0.034178
0.49878 0.025159
0.51001 0.029011
0.51625 0.03591
0.53854 0.036836
0.49994 0.028313
0.50947 0.034276
0.51216 0.038805
0.53873 0.03997
0.5084 0.034341
0.49775 0.030152
0.50941 0.039008
0.49201 0.038723
0.49291 0.028226
0.51731 0.03932
0.58635 0.021043
0.5879 0.025706
0.60862 0.0296
0.69032 0.039044
0.59461 0.033641
0.65065 0.037166
0.59654 0.037822
0.56051 0.033235
0.9 0.038873
0.57029 0.033516
0.56527 0.037395
0.97027 0.037021
0.97084 0.029887
0.55794 0.039068
0.575 0.037712
0.91763 0.037761
0.62408 0.034582
0.54272 0.039018
0.49195 0.038732
0.63244 0.037464
0.59853 0.038206
0.61782 0.031031
0.96491 0.039658
0.66086 0.035541
0.9258 0.036657
0.96348 0.025486
0.97471 0.026514
0.96799 0.027442
0.96939 0.028308
0.86715 0.037474
0.61124 0.038871
0.62769 0.028162
0.97591 0.027029
0.6521 0.036013
0.97625 0.027075
0.97621 0.027172
0.97609 0.026888
0.62477 0.025898
0.97554 0.026479
0.77911 0.039319
0.95068 0.038652
0.97548 0.026445
0.76698 0.03713
0.97018 0.025269
0.85 0.037298
0.96895 0.025114
0.97119 0.025396
0.96618 0.024856
0.64929 0.03169
0.9568 0.03914
0.69519 0.038726
0.95703 0.024293
0.96217 0.024545
0.9601 0.024442
0.64923 0.028008
0.93861 0.038334
0.66494 0.032296
0.8943 0.038844
0.95225 0.024269
0.67196 0.0378
0.8649 0.038334
0.71627 0.038442
0.9343 0.025278
0.9321 0.024047
0.93515 0.025341
0.6785 0.039801
0.94298 0.026427
0.67747 0.036826
0.94705 0.027483
0.9457 0.026943
0.947 0.027457
0.67795 0.036558
0.95151 0.029064
0.68689 0.03904
0.82727 0.036102
0.95066 0.028818
0.95528 0.032604
0.68771 0.036785
0.79438 0.038682
0.68491 0.031948
0.94001 0.035061
0.94971 0.034158
0.94182 0.035556
0.68931 0.029851
0.7351 0.038515
0.69088 0.023604
0.72948 0.037885
0.92713 0.03365
0.925 0.033424
0.69905 0.026778
0.92172 0.033434
0.7093 0.026061
0.738 0.039109
0.91906 0.03328
0.9148 0.033011
0.72284 0.036479
0.75099 0.038161
0.72021 0.024192
0.80532 0.038232
0.90886 0.032153
0.91212 0.03221
0.73735 0.033149
0.91129 0.031953
0.74937 0.03493
0.77782 0.037856
0.91151 0.032018
0.91043 0.031568
0.737 0.026477
0.80395 0.038061
0.74795 0.026346
0.77646 0.035581
0.90571 0.031453
0.76468 0.029506
0.79099 0.039661
0.75558 0.025285
0.78861 0.039363
0.88115 0.039262
0.87234 0.039587
0.77015 0.027007
0.79661 0.034936
0.77888 0.026799
0.81566 0.037249
0.87022 0.03868
0.87108 0.039563
0.78531 0.029425
0.87255 0.03954
0.80953 0.033171
0.8145 0.037206
0.87369 0.039429
0.88062 0.038934
0.81064 0.031519
0.84353 0.033611
0.81592 0.031364
0.83387 0.028988
0.87797 0.036788
0.87537 0.035455
0.81383 0.026541
0.83975 0.030449
0.82301 0.022647
0.85564 0.030519
0.87333 0.033005
0.8741 0.03048
0.84062 0.024114
0.8609 0.028256
0.84977 0.023004
0.87696 0.025187
0.87421 0.028168
0.87455 0.026969
0.86736 0.022297
0.88348 0.023838
0.95045 0.020337
0.94992 0.022092
