348
0.07386 0.020668
0.049467 0.023416
0.13638 0.020541
0.07506 0.023947
0.033022 0.023488
0.07599 0.023955
0.16085 0.020935
0.16908 0.022787
0.19432 0.021797
0.12357 0.027249
0.11864 0.025896
0.12403 0.027448
0.20968 0.024696
0.19831 0.026833
0.21379 0.027415
0.14104 0.027142
0.13175 0.027736
0.13947 0.027156
0.22042 0.030386
0.14462 0.027804
0.22582 0.029211
0.20108 0.039104
0.14327 0.028123
0.13642 0.029489
0.22262 0.032958
0.13658 0.030004
0.24512 0.025608
0.21561 0.03775
0.13411 0.030248
0.14205 0.029761
0.25399 0.028631
0.15364 0.03101
0.26259 0.026769
0.21489 0.03793
0.15346 0.030818
0.14917 0.030348
0.2696 0.024603
0.13821 0.030866
0.28138 0.026337
0.25041 0.036095
0.1353 0.031713
0.28867 0.021754
0.11404 0.029494
0.29478 0.026607
0.26469 0.035684
0.11226 0.028504
0.29639 0.030668
0.11619 0.030966
0.30814 0.023785
0.1321 0.032567
0.12925 0.032771
0.31222 0.027775
0.27221 0.037296
0.31186 0.030046
0.2852 0.038606
0.15459 0.036368
0.32904 0.028184
0.29203 0.039334
0.33348 0.030475
0.14523 0.032809
0.15092 0.034101
0.14672 0.0329
0.34062 0.031341
0.13441 0.033814
0.35778 0.025128
0.12785 0.034191
0.13437 0.033811
0.12774 0.034222
0.34911 0.029909
0.10732 0.027932
0.35135 0.031857
0.26814 0.037886
0.11705 0.033415
0.095861 0.027115
0.37521 0.025938
0.068494 0.029532
0.38062 0.026054
0.21927 0.038399
0.073834 0.029222
0.054906 0.030032
0.38345 0.026189
0.15515 0.038003
0.37274 0.036204
0.24542 0.037867
0.046843 0.028716
0.034767 0.026278
0.33527 0.038001
0.17106 0.038806
0.38215 0.035014
0.17864 0.038414
0.029843 0.026736
0.02805 0.029245
0.32986 0.037131
0.074891 0.03148
0.3966 0.028259
0.033545 0.03327
0.030419 0.032163
0.033606 0.033347
0.35673 0.036676
0.053804 0.031785
0.23095 0.038897
0.071173 0.034986
0.033788 0.033522
0.034859 0.034464
0.3934 0.035742
0.035386 0.035292
0.39012 0.036856
0.088594 0.029756
0.036256 0.035795
0.39428 0.037467
0.04927 0.032906
0.40276 0.036453
0.087498 0.030527
0.037958 0.035949
0.40269 0.038272
0.040643 0.036039
0.36551 0.036415
0.11709 0.035859
0.043698 0.03608
0.049636 0.036363
0.345 0.037433
0.1545 0.037957
0.40975 0.026881
0.093855 0.033055
0.13403 0.038038
0.083596 0.03423
0.35319 0.037289
0.41012 0.028023
0.31293 0.03892
0.4169 0.022618
0.41629 0.026902
0.41166 0.033598
0.10103 0.033928
0.41849 0.034207
0.31931 0.037486
0.079603 0.034664
0.077996 0.034729
0.43263 0.032673
0.42835 0.036232
0.41287 0.038057
0.4178 0.036587
0.43755 0.038169
0.43721 0.038334
0.42432 0.039727
0.41794 0.03768
0.42499 0.039817
0.45733 0.039033
0.45859 0.021802
0.46709 0.024174
0.48149 0.020661
0.50689 0.021728
0.44065 0.025192
0.48705 0.023005
0.44874 0.030607
0.44941 0.03244
0.48173 0.029288
0.50107 0.022206
0.47957 0.036068
0.48403 0.036548
0.49369 0.029403
0.49762 0.023631
0.47475 0.038377
0.48838 0.037633
0.4909 0.027021
0.49583 0.027253
0.48909 0.037583
0.50186 0.038929
0.50493 0.026005
0.50349 0.031791
0.50173 0.038996
0.5009 0.026552
0.53816 0.021219
0.5243 0.021128
0.59574 0.020291
0.55842 0.022554
0.57819 0.024649
0.51243 0.021583
0.54527 0.029485
0.5227 0.023782
0.5205 0.02452
0.56496 0.029629
0.57068 0.033645
0.51629 0.024803
0.52874 0.027871
0.53515 0.033827
0.56234 0.035649
0.5175 0.027691
0.5275 0.032452
0.52987 0.036155
0.56333 0.038617
0.52631 0.032569
0.51508 0.029535
0.52687 0.036692
0.50867 0.038535
0.51036 0.028034
0.53616 0.036979
0.61058 0.021181
0.61192 0.026527
0.63184 0.029236
0.70786 0.039367
0.6177 0.034595
0.67081 0.039859
0.61912 0.038811
0.58344 0.031867
0.90449 0.039147
0.59598 0.032113
0.5908 0.034887
0.96962 0.03636
0.97046 0.029491
0.58138 0.037179
0.603 0.037186
0.92323 0.039693
0.64822 0.035957
0.56699 0.037862
0.50861 0.038553
0.65611 0.039436
0.62067 0.039136
0.64169 0.031514
0.96354 0.039482
0.67861 0.037033
0.92913 0.039267
0.96279 0.025517
0.97449 0.026256
0.96749 0.027276
0.96895 0.028052
0.87248 0.039978
0.63548 0.038888
0.6502 0.029335
0.97574 0.026751
0.67173 0.038148
0.9761 0.026795
0.97605 0.026888
0.97593 0.026615
0.64762 0.026566
0.97535 0.026222
0.79372 0.038339
0.95003 0.040518
0.97529 0.02619
0.78409 0.038871
0.96978 0.025077
0.86001 0.041314
0.9685 0.02497
0.97083 0.025181
0.96561 0.024802
0.6693 0.033315
0.95565 0.040062
0.71251 0.039126
0.95662 0.024488
0.96141 0.024608
0.95945 0.02456
0.66884 0.029163
0.93895 0.040583
0.68251 0.032919
0.89779 0.039511
0.95218 0.024589
0.68892 0.038148
0.87049 0.04138
0.73225 0.039904
0.93567 0.02599
0.9338 0.024634
0.9364 0.026041
0.69572 0.040018
0.94356 0.027033
0.6949 0.037066
0.94735 0.028049
0.9461 0.027511
0.9473 0.028023
0.69535 0.036778
0.95151 0.029798
0.70415 0.039468
0.84185 0.039874
0.9507 0.029523
0.95479 0.033284
0.70505 0.037115
0.81173 0.038147
0.70237 0.032243
0.94043 0.036672
0.94949 0.03521
0.94213 0.037083
0.70687 0.029997
0.74885 0.037434
0.70841 0.023652
0.74208 0.038493
0.92996 0.0359
0.92825 0.035468
0.7162 0.026905
0.92563 0.035185
0.7264 0.026203
0.75369 0.036957
0.9236 0.034811
0.91982 0.034143
0.73747 0.038279
0.77187 0.03878
0.73667 0.024624
0.82171 0.039813
0.91351 0.032569
0.91688 0.033037
0.75301 0.031638
0.91598 0.032692
0.76882 0.034971
0.79238 0.037079
0.91621 0.032778
0.91504 0.032218
0.75293 0.025748
0.82049 0.039561
0.7657 0.02619
0.79106 0.035099
0.91022 0.031655
0.78063 0.03079
0.80785 0.03821
0.77267 0.025882
0.80504 0.037584
0.88479 0.040497
0.87648 0.041806
0.78521 0.027582
0.81374 0.034907
0.79394 0.026382
0.83166 0.039959
0.8749 0.040693
0.87547 0.041857
0.80146 0.028417
0.87665 0.04168
0.8255 0.034645
0.83048 0.039662
0.8776 0.041366
0.88432 0.040164
0.82648 0.032917
0.8545 0.036507
0.83147 0.03317
0.84612 0.031036
0.88193 0.038052
0.87976 0.036761
0.82942 0.027497
0.85104 0.032717
0.83721 0.023177
0.86393 0.032801
0.87837 0.034187
0.87948 0.031383
0.85149 0.025012
0.86794 0.029874
0.85913 0.02369
0.88228 0.025573
0.87966 0.028866
0.87999 0.027555
0.87359 0.022626
0.88857 0.024027
0.9505 0.020364
0.95001 0.022254
