348
0.068337 0.020779
0.04699 0.023867
0.11862 0.020579
0.069452 0.02465
0.03216 0.023792
0.070315 0.024717
0.14133 0.021004
0.14942 0.022785
0.17356 0.021801
0.10698 0.028272
0.10336 0.02692
0.10736 0.028523
0.18975 0.024679
0.1782 0.026851
0.19404 0.027276
0.12297 0.027836
0.11471 0.028552
0.12127 0.027786
0.20049 0.029794
0.12673 0.028519
0.20663 0.028997
0.18243 0.038375
0.12538 0.028916
0.1186 0.030164
0.20195 0.032389
0.11858 0.030738
0.2254 0.025872
0.19524 0.037961
0.11649 0.030996
0.12382 0.030787
0.23396 0.028731
0.1349 0.032599
0.24303 0.02705
0.19447 0.038195
0.13473 0.032352
0.13062 0.031057
0.24884 0.024815
0.11961 0.031789
0.26109 0.025669
0.22666 0.037325
0.11712 0.032626
0.26963 0.021588
0.099859 0.03172
0.27635 0.026245
0.24264 0.036546
0.097991 0.030581
0.27808 0.03014
0.10156 0.033457
0.29003 0.02368
0.11413 0.03419
0.11118 0.03534
0.29431 0.02761
0.2494 0.038203
0.2942 0.029857
0.26437 0.036729
0.13606 0.039331
0.31009 0.028546
0.27266 0.037931
0.31474 0.031145
0.12648 0.03416
0.13211 0.035384
0.12801 0.034065
0.32212 0.031625
0.11599 0.03517
0.3384 0.024795
0.10938 0.03664
0.11596 0.035168
0.10926 0.036641
0.32991 0.029795
0.093634 0.030024
0.33202 0.031732
0.24501 0.038226
0.10194 0.036674
0.08541 0.029795
0.35676 0.025937
0.063081 0.03118
0.36192 0.026411
0.19832 0.037954
0.068462 0.03075
0.05118 0.031584
0.36479 0.026337
0.13649 0.040143
0.35357 0.036075
0.22219 0.039504
0.044407 0.029679
0.033789 0.026842
0.31797 0.039487
0.15236 0.03713
0.36304 0.035879
0.1606 0.039964
0.029191 0.027234
0.027524 0.0299
0.31291 0.038486
0.06973 0.033545
0.37795 0.027895
0.031661 0.034538
0.029207 0.033079
0.031694 0.034627
0.33645 0.036262
0.049327 0.033779
0.20936 0.038945
0.065063 0.037663
0.031805 0.034832
0.032457 0.035927
0.37323 0.035652
0.032672 0.03688
0.36988 0.037104
0.081445 0.033478
0.033229 0.037393
0.37411 0.036898
0.044606 0.034652
0.38461 0.034351
0.08095 0.034504
0.034515 0.037603
0.38438 0.035355
0.036491 0.037817
0.34633 0.035878
0.10161 0.039926
0.038555 0.038
0.043213 0.038294
0.32639 0.037962
0.1357 0.039866
0.39345 0.02611
0.086986 0.038579
0.11468 0.040075
0.079353 0.039214
0.33312 0.03708
0.39392 0.027138
0.29579 0.03799
0.40107 0.022288
0.40044 0.026003
0.39614 0.032206
0.091095 0.039039
0.40271 0.032923
0.30337 0.038794
0.075407 0.038347
0.073728 0.038209
0.41926 0.031703
0.41431 0.034591
0.39745 0.036304
0.40201 0.035071
0.42413 0.038647
0.42385 0.038637
0.40922 0.037889
0.40213 0.036162
0.41012 0.037921
0.43964 0.038621
0.44521 0.021686
0.45398 0.024096
0.468 0.020714
0.49336 0.021879
0.42738 0.025347
0.47357 0.0231
0.43415 0.030803
0.43414 0.032819
0.46795 0.03005
0.48772 0.022336
0.46304 0.03699
0.46641 0.038051
0.47975 0.02927
0.48412 0.023656
0.45834 0.03829
0.47134 0.038064
0.4773 0.026973
0.4823 0.027205
0.4724 0.038035
0.48918 0.040214
0.49156 0.02642
0.49034 0.032517
0.48904 0.04021
0.48755 0.026929
0.52061 0.021327
0.50823 0.021277
0.57379 0.020344
0.53896 0.022697
0.55949 0.02501
0.49768 0.021795
0.52692 0.030127
0.50697 0.0243
0.50506 0.025257
0.54492 0.029658
0.55129 0.033348
0.50135 0.025654
0.51184 0.028866
0.51739 0.036129
0.54066 0.036281
0.5024 0.029118
0.51087 0.034196
0.51273 0.03859
0.54086 0.03883
0.50994 0.034383
0.50037 0.031122
0.51024 0.03864
0.4953 0.040622
0.49599 0.028964
0.51807 0.038721
0.58784 0.021226
0.5891 0.026762
0.60956 0.028299
0.69507 0.037094
0.59315 0.034957
0.65237 0.037523
0.59375 0.039046
0.56484 0.033737
0.90168 0.03914
0.57445 0.03453
0.57057 0.038252
0.97107 0.03609
0.97026 0.029335
0.56347 0.039397
0.57964 0.039724
0.92068 0.038882
0.62513 0.034817
0.54546 0.038253
0.49526 0.040622
0.63503 0.038254
0.59677 0.038447
0.62048 0.030674
0.96726 0.039241
0.6611 0.036776
0.92826 0.039398
0.96242 0.025586
0.97438 0.026122
0.96722 0.027226
0.96871 0.027948
0.87144 0.037362
0.61278 0.03809
0.62926 0.028381
0.97565 0.026606
0.6537 0.036951
0.97601 0.026649
0.97597 0.026741
0.97584 0.026473
0.62607 0.02584
0.97525 0.026089
0.77949 0.038439
0.95381 0.040253
0.97518 0.026058
0.77185 0.03836
0.96955 0.024994
0.8495 0.03781
0.96825 0.024915
0.97063 0.025081
0.96529 0.024806
0.65109 0.031767
0.96073 0.039935
0.70037 0.037411
0.95649 0.024657
0.96112 0.024691
0.95917 0.02468
0.65115 0.028009
0.93997 0.040303
0.66474 0.033146
0.8979 0.039201
0.95228 0.024819
0.66986 0.036977
0.86897 0.038337
0.72317 0.038506
0.93605 0.025908
0.93414 0.02449
0.93679 0.025975
0.67687 0.036967
0.94415 0.027153
0.67623 0.034478
0.94769 0.028301
0.9465 0.027709
0.94765 0.028272
0.67711 0.034201
0.95158 0.030205
0.69061 0.035996
0.83018 0.039385
0.95086 0.029873
0.95619 0.033864
0.69179 0.034282
0.80032 0.038971
0.68862 0.02975
0.94135 0.037077
0.95133 0.035773
0.94375 0.037631
0.69389 0.028574
0.74206 0.039397
0.69565 0.023231
0.73665 0.039274
0.92955 0.035908
0.92767 0.03539
0.70425 0.026761
0.92455 0.03488
0.71392 0.025997
0.74612 0.038891
0.92251 0.034336
0.91829 0.033352
0.72965 0.037189
0.76152 0.037814
0.72541 0.024252
0.81103 0.038258
0.91211 0.031554
0.91556 0.032108
0.74255 0.034381
0.9147 0.031783
0.75681 0.034447
0.77861 0.037402
0.91493 0.031854
0.91384 0.031252
0.74061 0.027001
0.80944 0.038238
0.75128 0.025815
0.77817 0.035058
0.90883 0.031122
0.76943 0.029876
0.796 0.039131
0.76062 0.024973
0.79315 0.038139
0.88799 0.038192
0.8792 0.038457
0.77467 0.027247
0.80267 0.035323
0.78282 0.026452
0.82268 0.038647
0.87577 0.03805
0.87729 0.038472
0.79068 0.028311
0.87945 0.038433
0.81528 0.03371
0.82173 0.038515
0.88084 0.038361
0.88746 0.037939
0.81613 0.031994
0.84268 0.035328
0.82203 0.032364
0.83659 0.030587
0.88427 0.036002
0.88084 0.034748
0.81943 0.026864
0.84058 0.031923
0.8278 0.022967
0.85711 0.030153
0.87697 0.032393
0.87676 0.029949
0.84243 0.02458
0.86296 0.027948
0.85126 0.022989
0.87968 0.024913
0.87659 0.027756
0.87696 0.026616
0.86957 0.022237
0.88674 0.023628
0.95069 0.020377
0.95022 0.022333
