348
0.027722 0.024155
0.027265 0.0425
0.038293 0.02258
0.033682 0.0425
0.023222 0.0425
0.033918 0.0425
0.042687 0.024791
0.047921 0.031751
0.051796 0.024063
0.053414 0.0425
0.047473 0.0425
0.054662 0.0425
0.063752 0.02388
0.061351 0.031191
0.071041 0.024898
0.073343 0.0425
0.067561 0.0425
0.072528 0.0425
0.085956 0.02655
0.085161 0.0425
0.092931 0.026403
0.096792 0.034715
0.087306 0.0425
0.096103 0.0425
0.10288 0.028558
0.10853 0.0425
0.11307 0.024908
0.11718 0.031416
0.10243 0.0425
0.11401 0.0425
0.12816 0.026809
0.1278 0.0425
0.13592 0.025859
0.13861 0.034561
0.12395 0.0425
0.13419 0.0425
0.14213 0.024438
0.14299 0.0425
0.15551 0.025474
0.15493 0.032601
0.14712 0.0425
0.16405 0.02124
0.16786 0.0425
0.17337 0.024833
0.17118 0.032048
0.17392 0.0425
0.18719 0.027015
0.18764 0.0425
0.19342 0.022955
0.19564 0.0425
0.19482 0.0425
0.20832 0.026574
0.20197 0.034285
0.21707 0.028265
0.21349 0.034287
0.20797 0.0425
0.22374 0.026437
0.22548 0.033885
0.23525 0.027213
0.23466 0.0425
0.22599 0.0425
0.23266 0.0425
0.24645 0.026823
0.24581 0.0425
0.25418 0.023826
0.25252 0.0425
0.24584 0.0425
0.25266 0.0425
0.26219 0.026818
0.26673 0.0425
0.27446 0.02779
0.27592 0.033166
0.26125 0.0425
0.27171 0.0425
0.28113 0.022922
0.28593 0.0425
0.29545 0.022418
0.29175 0.033042
0.28358 0.0425
0.29569 0.0425
0.30555 0.022247
0.30872 0.034996
0.31213 0.026331
0.31673 0.031564
0.30114 0.0425
0.31687 0.0425
0.32129 0.028799
0.32695 0.033087
0.33281 0.023942
0.33455 0.032292
0.32891 0.0425
0.3368 0.0425
0.34531 0.027836
0.34222 0.034853
0.35259 0.021758
0.35725 0.0425
0.3474 0.0425
0.35827 0.0425
0.3663 0.026194
0.36609 0.034916
0.37679 0.028346
0.37478 0.03331
0.36105 0.0425
0.37457 0.0425
0.3811 0.022789
0.38345 0.0425
0.39629 0.024016
0.39693 0.031602
0.39799 0.0425
0.40139 0.023715
0.40805 0.034442
0.41126 0.022061
0.41443 0.031256
0.41111 0.0425
0.42722 0.024242
0.4215 0.0425
0.43595 0.026751
0.43896 0.032423
0.42749 0.0425
0.43878 0.0425
0.44393 0.028526
0.44805 0.033729
0.45352 0.021812
0.45653 0.0425
0.4583 0.0425
0.45764 0.29029
0.46014 0.30851
0.4611 0.023786
0.46273 0.0425
0.47572 0.028102
0.47595 0.0425
0.47195 0.0425
0.46358 0.27185
0.47528 0.25919
0.46763 0.26622
0.45951 0.28084
0.4587 0.28372
0.47528 0.2783
0.47291 0.28829
0.46543 0.29895
0.46292 0.31451
0.47183 0.3023
0.47122 0.30739
0.46638 0.31976
0.47017 0.32403
0.47282 0.32643
0.47402 0.32739
0.48574 0.027803
0.48878 0.033315
0.49365 0.023506
0.49852 0.0425
0.48184 0.0425
0.49498 0.0425
0.48144 0.25552
0.48104 0.26484
0.49131 0.25215
0.4968 0.27096
0.48511 0.2826
0.48699 0.28686
0.49181 0.27565
0.49653 0.28879
0.48263 0.29957
0.48795 0.31127
0.4932 0.29587
0.49521 0.31261
0.48799 0.31714
0.47876 0.33057
0.4969 0.31519
0.49189 0.33547
0.48592 0.33385
0.4961 0.33608
0.50601 0.026634
0.50422 0.033888
0.51875 0.021484
0.51108 0.031084
0.51571 0.0425
0.50146 0.25128
0.51074 0.25263
0.50474 0.26121
0.50446 0.26972
0.5155 0.25418
0.51685 0.2687
0.5034 0.28118
0.50675 0.29124
0.5127 0.27678
0.51781 0.28485
0.50455 0.29651
0.50843 0.31078
0.51677 0.30182
0.51659 0.31212
0.50831 0.3209
0.5041 0.3274
0.51304 0.31827
0.51947 0.33153
0.50284 0.33616
0.51556 0.3333
0.52264 0.02261
0.52341 0.032733
0.53573 0.027853
0.53547 0.0425
0.52566 0.0425
0.53327 0.0425
0.52503 0.25941
0.52104 0.27209
0.53477 0.26932
0.52339 0.27974
0.52321 0.29206
0.53819 0.27511
0.54238 0.29056
0.52147 0.29535
0.5252 0.31059
0.54197 0.30047
0.53984 0.30856
0.5236 0.31709
0.52154 0.33039
0.53556 0.31702
0.52969 0.32417
0.54752 0.0245
0.54311 0.0425
0.55428 0.025852
0.5565 0.032105
0.54603 0.0425
0.55763 0.0425
0.54052 0.28095
0.54224 0.28904
0.54164 0.30228
0.53951 0.30941
0.56417 0.022769
0.56473 0.0425
0.57458 0.023763
0.57367 0.0425
0.5682 0.0425
0.57719 0.0425
0.58801 0.021526
0.58524 0.0425
0.59422 0.027084
0.59615 0.031713
0.58576 0.0425
0.60516 0.027112
0.60841 0.0425
0.61266 0.02838
0.61193 0.0425
0.60536 0.0425
0.61896 0.0425
0.62762 0.023552
0.62163 0.033126
0.63522 0.026341
0.63894 0.0425
0.62847 0.0425
0.6331 0.0425
0.64892 0.022889
0.64445 0.033461
0.65381 0.02505
0.65688 0.033584
0.64594 0.0425
0.66134 0.025789
0.66813 0.031927
0.67139 0.027952
0.67709 0.0425
0.66145 0.0425
0.6777 0.0425
0.68684 0.02704
0.68329 0.0425
0.69804 0.026084
0.69181 0.0425
0.68791 0.0425
0.69162 0.0425
0.70126 0.026082
0.70295 0.0425
0.71316 0.028008
0.71518 0.033567
0.70141 0.0425
0.71691 0.0425
0.72173 0.027372
0.72704 0.033412
0.73191 0.025234
0.73431 0.0425
0.72478 0.0425
0.73195 0.0425
0.7411 0.024885
0.74439 0.032354
0.75136 0.022015
0.75367 0.032075
0.74855 0.0425
0.75616 0.0425
0.7625 0.024587
0.76314 0.0425
0.77499 0.024756
0.77611 0.032333
0.76765 0.0425
0.77564 0.0425
0.78177 0.028311
0.78711 0.032604
0.7917 0.022555
0.79612 0.034985
0.78671 0.0425
0.79778 0.0425
0.80325 0.028134
0.80292 0.0425
0.81339 0.028636
0.81394 0.032338
0.80147 0.0425
0.81277 0.0425
0.82378 0.024411
0.82595 0.034811
0.83699 0.024184
0.83194 0.031577
0.82122 0.0425
0.84801 0.028271
0.84854 0.03386
0.85236 0.023484
0.85896 0.031968
0.84417 0.0425
0.85281 0.0425
0.86245 0.026493
0.86478 0.032636
0.87599 0.025061
0.87668 0.033882
0.86583 0.0425
0.87779 0.0425
0.88537 0.025555
0.88111 0.0425
0.89583 0.028934
0.89327 0.031169
0.8822 0.0425
0.89194 0.0425
0.90632 0.027933
0.90634 0.034157
0.9161 0.028641
0.91608 0.031764
0.90523 0.0425
0.91488 0.0425
0.92808 0.025515
0.92121 0.031815
0.93831 0.023453
0.93704 0.033242
0.92621 0.0425
0.93442 0.0425
0.94805 0.026734
0.94257 0.033779
0.9536 0.025475
0.95878 0.0425
0.94807 0.0425
0.95282 0.0425
0.96352 0.028468
0.96252 0.0425
0.97783 0.024425
0.975 0.0425
