348
0.064221 0.020819
0.043694 0.024139
0.11429 0.020571
0.065273 0.024898
0.030457 0.024387
0.066087 0.024974
0.13749 0.020916
0.14687 0.022407
0.17249 0.021824
0.1024 0.028021
0.09863 0.02673
0.10279 0.028262
0.18927 0.024314
0.17699 0.026759
0.19394 0.026692
0.11864 0.027713
0.1103 0.028449
0.11698 0.027669
0.20097 0.029038
0.1224 0.028372
0.2076 0.028329
0.1804 0.037702
0.121 0.028768
0.11427 0.030023
0.20259 0.031441
0.11418 0.03059
0.22704 0.026046
0.19508 0.036526
0.11201 0.030856
0.11935 0.030615
0.23512 0.029073
0.13051 0.031965
0.24395 0.026995
0.1942 0.036733
0.13037 0.031745
0.12628 0.030847
0.25003 0.024633
0.11513 0.031621
0.26283 0.025485
0.2285 0.038002
0.11247 0.032461
0.27157 0.021551
0.094477 0.03142
0.27845 0.026122
0.24284 0.036479
0.092867 0.030334
0.28022 0.029949
0.095833 0.033081
0.29234 0.023632
0.10917 0.033963
0.10594 0.03483
0.29668 0.027515
0.24999 0.037488
0.29657 0.029733
0.266 0.036242
0.13082 0.038197
0.31264 0.028456
0.27456 0.037545
0.31735 0.031029
0.1217 0.033923
0.12728 0.03505
0.12328 0.033822
0.3248 0.031509
0.11099 0.034983
0.34124 0.024741
0.10383 0.036066
0.11096 0.034981
0.10371 0.036068
0.33267 0.029698
0.088595 0.029868
0.3348 0.031613
0.24522 0.03793
0.095489 0.036174
0.080374 0.030048
0.35984 0.025858
0.059263 0.03169
0.36507 0.026324
0.19858 0.036548
0.064331 0.031311
0.047718 0.032122
0.36798 0.026251
0.13115 0.038914
0.35661 0.035864
0.22478 0.039732
0.041168 0.030508
0.031858 0.027851
0.3206 0.039288
0.15028 0.034851
0.3662 0.035663
0.16055 0.038873
0.027904 0.028413
0.026443 0.031513
0.31549 0.038293
0.065513 0.034272
0.38132 0.027786
0.029863 0.036862
0.027817 0.035209
0.029889 0.036963
0.33927 0.036083
0.045882 0.034562
0.21107 0.037575
0.061486 0.038514
0.029978 0.037191
0.0305 0.038398
0.37654 0.035436
0.030654 0.039476
0.37314 0.036868
0.076029 0.033985
0.031109 0.04001
0.37743 0.036664
0.041154 0.035886
0.38808 0.03415
0.075491 0.035068
0.032187 0.040118
0.38784 0.035141
0.033846 0.040159
0.34927 0.035677
0.094325 0.039296
0.03558 0.040155
0.03956 0.040112
0.32911 0.037786
0.13038 0.038741
0.39704 0.026026
0.080229 0.039018
0.10898 0.039767
0.073671 0.040086
0.33591 0.036902
0.39752 0.027039
0.29817 0.037767
0.40477 0.022257
0.40413 0.02592
0.39977 0.032038
0.08412 0.039256
0.40643 0.032746
0.30586 0.03858
0.070365 0.039328
0.068931 0.039203
0.4232 0.031528
0.4182 0.034383
0.4011 0.036079
0.40572 0.034864
0.42816 0.038355
0.42787 0.038346
0.41303 0.037645
0.40584 0.03594
0.41394 0.037676
0.44393 0.038145
0.4497 0.021635
0.45878 0.023911
0.47372 0.02066
0.50308 0.021555
0.43146 0.025261
0.47974 0.022781
0.43835 0.030579
0.43834 0.032554
0.47367 0.029288
0.49625 0.021923
0.46847 0.035907
0.4722 0.036761
0.48668 0.028035
0.49193 0.023088
0.46335 0.0373
0.47764 0.036388
0.48383 0.026129
0.48975 0.026153
0.4788 0.036266
0.49981 0.036522
0.50085 0.02529
0.49974 0.030278
0.49961 0.036517
0.49604 0.025709
0.53354 0.021377
0.52068 0.021163
0.58556 0.020338
0.55015 0.022915
0.57105 0.024841
0.5086 0.021501
0.5397 0.03116
0.51925 0.023841
0.51709 0.024555
0.55597 0.029647
0.56225 0.033014
0.51289 0.024764
0.52489 0.028369
0.53251 0.036189
0.55143 0.037354
0.51407 0.027707
0.52557 0.033363
0.52924 0.037863
0.5515 0.040055
0.52455 0.033436
0.51203 0.02935
0.5267 0.037553
0.50874 0.037112
0.50644 0.027466
0.53381 0.039211
0.6 0.021194
0.60129 0.026597
0.6207 0.029051
0.69645 0.040025
0.60616 0.035043
0.65771 0.040151
0.60739 0.039285
0.57618 0.033537
0.89943 0.039535
0.58565 0.034269
0.58129 0.03801
0.97026 0.034749
0.96938 0.02856
0.57437 0.039065
0.59028 0.039232
0.91532 0.039284
0.63558 0.035795
0.55581 0.03815
0.50867 0.037109
0.6443 0.040586
0.61051 0.039161
0.63098 0.031211
0.9661 0.037665
0.66606 0.038973
0.92334 0.038751
0.96082 0.025137
0.97386 0.025612
0.96606 0.026634
0.96768 0.027293
0.86799 0.038671
0.62468 0.03976
0.63945 0.029194
0.97526 0.026056
0.65885 0.039411
0.97565 0.026096
0.9756 0.026179
0.97547 0.025934
0.63636 0.026222
0.97482 0.025582
0.77842 0.039124
0.95135 0.038686
0.97475 0.025553
0.77056 0.038577
0.9686 0.024582
0.8487 0.039039
0.96718 0.024511
0.96978 0.024658
0.96395 0.024415
0.65767 0.033489
0.95897 0.038345
0.70087 0.040692
0.9544 0.024292
0.95941 0.024316
0.9573 0.024309
0.65817 0.029171
0.93614 0.039053
0.66994 0.034763
0.89554 0.039043
0.94984 0.024448
0.67456 0.03951
0.8658 0.039694
0.71856 0.039773
0.93242 0.025571
0.9304 0.024244
0.93321 0.025628
0.68137 0.039643
0.94102 0.02667
0.68071 0.036757
0.94486 0.027703
0.94357 0.027166
0.94481 0.027676
0.68147 0.036451
0.94908 0.029425
0.69272 0.038528
0.82925 0.038255
0.9483 0.029126
0.95403 0.032778
0.69371 0.036595
0.79607 0.039137
0.69099 0.031377
0.93778 0.035991
0.94871 0.034575
0.94035 0.036454
0.69549 0.030019
0.73955 0.038765
0.69701 0.023793
0.7335 0.038395
0.92507 0.035224
0.92307 0.034931
0.70428 0.028108
0.91974 0.034768
0.71221 0.027098
0.74382 0.038456
0.91756 0.03444
0.91375 0.033843
0.72595 0.036855
0.75989 0.037746
0.72234 0.024392
0.80784 0.037281
0.90833 0.032482
0.9114 0.032784
0.74029 0.033933
0.91065 0.032512
0.75489 0.034352
0.77745 0.037995
0.91085 0.032569
0.90989 0.032018
0.7384 0.026752
0.80608 0.037383
0.74924 0.02575
0.77675 0.035547
0.90539 0.031925
0.76748 0.029876
0.7924 0.039761
0.75868 0.02495
0.79002 0.039029
0.88409 0.037464
0.87479 0.038974
0.77272 0.027397
0.79888 0.035218
0.78061 0.026759
0.82073 0.03759
0.87178 0.039023
0.8731 0.039255
0.78797 0.028872
0.87501 0.038916
0.81267 0.032973
0.81965 0.037473
0.87626 0.038652
0.88349 0.037296
0.81363 0.031345
0.8423 0.0357
0.81992 0.031667
0.83547 0.030428
0.87994 0.035829
0.87653 0.034979
0.81717 0.026484
0.83986 0.032059
0.82604 0.022794
0.85494 0.030909
0.87316 0.03294
0.87311 0.030401
0.84122 0.024689
0.86039 0.028545
0.84944 0.023211
0.87582 0.025031
0.87297 0.028119
0.87331 0.026907
0.86649 0.022407
0.88302 0.023522
0.94811 0.020348
0.9476 0.022158
