348
0.077752 0.020626
0.051599 0.023175
0.14319 0.020534
0.079036 0.023697
0.033939 0.023255
0.080031 0.023707
0.16741 0.020965
0.17537 0.022951
0.19823 0.021913
0.1301 0.027046
0.12504 0.025699
0.13057 0.027245
0.21341 0.024678
0.20216 0.027141
0.21754 0.027367
0.14787 0.027096
0.13849 0.027603
0.14629 0.027098
0.22426 0.030278
0.15145 0.027803
0.22976 0.029293
0.20309 0.039885
0.15011 0.028094
0.14323 0.029378
0.22623 0.032812
0.14339 0.029888
0.24767 0.026406
0.21871 0.037631
0.14091 0.030099
0.14888 0.029711
0.25537 0.029935
0.16047 0.031217
0.26279 0.027771
0.21782 0.037812
0.16031 0.031018
0.15602 0.030453
0.26898 0.025072
0.14503 0.030761
0.28004 0.026387
0.25082 0.038633
0.1421 0.03156
0.28765 0.021678
0.12027 0.029128
0.29405 0.026367
0.26276 0.038085
0.1184 0.028159
0.2959 0.03036
0.12251 0.03057
0.30759 0.023959
0.13885 0.032356
0.13593 0.032513
0.31148 0.028414
0.26932 0.038853
0.31122 0.030866
0.28296 0.038234
0.16135 0.036704
0.32664 0.029
0.2908 0.038289
0.33065 0.031417
0.15207 0.032827
0.15777 0.034293
0.15356 0.032964
0.33725 0.032287
0.1412 0.033619
0.35327 0.025703
0.13449 0.033879
0.14116 0.033615
0.13438 0.033908
0.34519 0.030668
0.11322 0.027568
0.34741 0.032967
0.26535 0.040074
0.1234 0.032943
0.10117 0.026727
0.36836 0.026493
0.072012 0.028912
0.37309 0.026595
0.22238 0.038235
0.077724 0.028637
0.057452 0.029339
0.3759 0.026808
0.16187 0.038391
0.36614 0.038239
0.24643 0.04029
0.048776 0.028105
0.035807 0.025857
0.33195 0.039506
0.17688 0.040052
0.37406 0.036476
0.18347 0.040174
0.030536 0.026293
0.028617 0.028636
0.32703 0.038913
0.078855 0.030754
0.38766 0.029974
0.034498 0.032384
0.031153 0.03136
0.034564 0.032455
0.35285 0.038482
0.056266 0.030967
0.23397 0.039666
0.074878 0.034024
0.034759 0.032618
0.035905 0.033494
0.38459 0.038226
0.03647 0.034264
0.38186 0.039056
0.093447 0.02918
0.037401 0.03473
0.38521 0.040438
0.051387 0.031995
0.39202 0.039252
0.092281 0.0299
0.039222 0.034866
0.39181 0.041129
0.042104 0.034939
0.36019 0.038566
0.12343 0.035302
0.045392 0.034965
0.051781 0.035209
0.34158 0.038825
0.16125 0.038322
0.39863 0.027459
0.099044 0.032328
0.14082 0.037775
0.08813 0.033364
0.34947 0.038898
0.39898 0.028662
0.31279 0.040332
0.40586 0.022522
0.40523 0.026666
0.4 0.034351
0.10662 0.033217
0.40704 0.033801
0.31772 0.03923
0.083881 0.033756
0.08217 0.033811
0.42263 0.032638
0.41807 0.035622
0.40056 0.038685
0.406 0.036266
0.42825 0.038528
0.42789 0.038706
0.41346 0.039102
0.40598 0.037389
0.41425 0.039187
0.44788 0.037819
0.4489 0.021691
0.45771 0.02426
0.47075 0.020739
0.49443 0.021867
0.43049 0.025257
0.47568 0.0233
0.43822 0.030442
0.43906 0.032228
0.47095 0.030373
0.48884 0.022389
0.46832 0.037961
0.47169 0.038492
0.48197 0.030023
0.48566 0.023852
0.4644 0.039844
0.4752 0.039471
0.47935 0.027626
0.48398 0.027676
0.47591 0.039366
0.48904 0.040277
0.49257 0.026497
0.49112 0.032793
0.48889 0.040311
0.48869 0.027091
0.52206 0.02137
0.51013 0.021277
0.5748 0.020364
0.5407 0.022653
0.56112 0.025077
0.49924 0.021721
0.52832 0.030351
0.50878 0.024232
0.50687 0.025017
0.54698 0.029579
0.5528 0.033242
0.50291 0.025341
0.51404 0.029093
0.52012 0.036034
0.54298 0.036039
0.50406 0.028573
0.5133 0.034406
0.51585 0.038966
0.54339 0.039002
0.51223 0.034469
0.50185 0.030549
0.51302 0.039179
0.49582 0.039872
0.49732 0.028689
0.52113 0.039467
0.58827 0.021219
0.58959 0.026688
0.60808 0.030261
0.68495 0.039461
0.59538 0.035547
0.64559 0.038483
0.59713 0.040123
0.56603 0.034003
0.90003 0.03922
0.57458 0.035298
0.57057 0.039223
0.97008 0.036695
0.97066 0.029698
0.56449 0.03974
0.57876 0.04024
0.91723 0.038103
0.62298 0.036596
0.54783 0.037775
0.49577 0.039885
0.63036 0.040139
0.59887 0.04037
0.61691 0.032237
0.96461 0.039307
0.65467 0.035305
0.92527 0.036884
0.96315 0.02539
0.97461 0.026389
0.96775 0.027303
0.96918 0.02815
0.86745 0.037564
0.61153 0.04027
0.62525 0.029463
0.97583 0.026895
0.64687 0.036664
0.97618 0.02694
0.97614 0.027035
0.97602 0.026756
0.62276 0.026752
0.97545 0.026355
0.77965 0.0399
0.95015 0.038386
0.97539 0.026322
0.76942 0.037981
0.96999 0.025168
0.85053 0.037659
0.96874 0.025017
0.97102 0.025292
0.96591 0.024768
0.64437 0.032505
0.95637 0.038837
0.68951 0.039087
0.95659 0.024225
0.96182 0.024467
0.95972 0.024368
0.64421 0.028597
0.93795 0.038338
0.65959 0.031943
0.89439 0.039126
0.95175 0.024207
0.66643 0.036883
0.86521 0.038466
0.71323 0.035534
0.93369 0.025308
0.93151 0.024081
0.93453 0.025365
0.67321 0.03941
0.94234 0.026394
0.67236 0.036441
0.94648 0.027407
0.94511 0.026884
0.94642 0.027381
0.67289 0.036208
0.951 0.028933
0.68178 0.03923
0.82843 0.036647
0.95014 0.028693
0.95483 0.03241
0.68271 0.037006
0.79555 0.038426
0.68039 0.031999
0.93934 0.035039
0.94917 0.033967
0.94117 0.035498
0.68475 0.030045
0.73565 0.036498
0.68627 0.023695
0.72908 0.035701
0.92659 0.033824
0.92449 0.033614
0.69417 0.026611
0.92124 0.033655
0.70542 0.025256
0.73906 0.03715
0.91863 0.033523
0.91447 0.033288
0.72139 0.034173
0.75365 0.03695
0.71848 0.023577
0.80679 0.038375
0.90867 0.03244
0.91185 0.032493
0.73813 0.031777
0.91104 0.032237
0.75158 0.033761
0.77867 0.038487
0.91125 0.0323
0.9102 0.031849
0.73765 0.025795
0.80543 0.038153
0.74967 0.025827
0.77765 0.03622
0.9056 0.031703
0.76703 0.029804
0.7919 0.039259
0.75796 0.025096
0.78939 0.039104
0.88141 0.03942
0.87263 0.039664
0.77214 0.027491
0.79807 0.0348
0.78031 0.026999
0.8171 0.037634
0.87052 0.038735
0.87137 0.039629
0.78675 0.029427
0.87283 0.039619
0.81107 0.033383
0.81595 0.037571
0.87397 0.039519
0.88088 0.039084
0.8122 0.03172
0.84419 0.033959
0.8174 0.031621
0.83481 0.029281
0.87824 0.036899
0.87565 0.035538
0.81536 0.026676
0.84048 0.030745
0.82432 0.022726
0.85604 0.030684
0.87362 0.033063
0.87439 0.03053
0.84134 0.024228
0.86122 0.028346
0.8503 0.023068
0.87723 0.025219
0.87449 0.028208
0.87483 0.027004
0.86766 0.022309
0.8837 0.023874
0.94992 0.020332
0.94938 0.022063
