348
0.057996 0.021064
0.041121 0.024694
0.10417 0.020482
0.058773 0.026342
0.029181 0.024952
0.059374 0.0264
0.13102 0.02095
0.1395 0.022641
0.16623 0.021743
0.091116 0.028251
0.087283 0.027199
0.091525 0.028408
0.18098 0.025133
0.17031 0.026661
0.18458 0.028257
0.10975 0.026173
0.099087 0.027453
0.10814 0.026244
0.19104 0.030466
0.11429 0.026837
0.19611 0.02882
0.17208 0.041524
0.11257 0.027032
0.10421 0.028448
0.19322 0.032812
0.10429 0.028894
0.21739 0.024819
0.1863 0.039514
0.10125 0.029301
0.1111 0.028393
0.22839 0.026786
0.12473 0.030106
0.23966 0.02567
0.18553 0.041216
0.12454 0.029914
0.12037 0.029711
0.24773 0.024463
0.1062 0.029616
0.25907 0.026426
0.22381 0.032792
0.10221 0.030392
0.26649 0.021689
0.083008 0.032217
0.27269 0.026872
0.23923 0.032861
0.081864 0.031399
0.2735 0.030766
0.084391 0.033758
0.28705 0.023663
0.098581 0.032173
0.096108 0.033052
0.29119 0.028015
0.24664 0.036539
0.29038 0.030184
0.25909 0.03944
0.12655 0.034941
0.30399 0.029206
0.26648 0.04076
0.30755 0.030718
0.11535 0.031174
0.12325 0.033326
0.11753 0.031538
0.3162 0.029723
0.10053 0.032502
0.33411 0.025681
0.094449 0.034826
0.10049 0.032513
0.094321 0.034892
0.32718 0.029746
0.078437 0.031122
0.32931 0.031733
0.24287 0.03862
0.084663 0.036597
0.070719 0.031478
0.34899 0.026899
0.054007 0.034057
0.35423 0.026543
0.19046 0.041339
0.057393 0.034322
0.045127 0.033723
0.3575 0.026418
0.12814 0.040245
0.34782 0.038366
0.21949 0.038404
0.03833 0.031839
0.030063 0.028826
0.30374 0.039715
0.14398 0.038069
0.35716 0.035278
0.15588 0.038717
0.026672 0.029554
0.025471 0.03335
0.29748 0.04081
0.058164 0.037839
0.37026 0.0285
0.030143 0.039311
0.027567 0.037996
0.030209 0.039408
0.3329 0.038989
0.044999 0.036315
0.2048 0.038524
0.055867 0.042667
0.030395 0.039622
0.031508 0.040715
0.36719 0.036475
0.032206 0.041718
0.36369 0.040487
0.066266 0.035549
0.033131 0.042389
0.36735 0.040512
0.042237 0.037695
0.3739 0.036129
0.065633 0.036695
0.034652 0.042487
0.37295 0.041901
0.037365 0.042376
0.34257 0.040501
0.084214 0.040377
0.039492 0.04233
0.04359 0.042866
0.32105 0.039146
0.12782 0.040966
0.38396 0.027497
0.068393 0.040611
0.098926 0.038519
0.063064 0.044006
0.33079 0.039435
0.38453 0.028893
0.28682 0.040918
0.40623 0.023053
0.40398 0.028553
0.38676 0.035573
0.072501 0.043064
0.4058 0.035703
0.29037 0.041112
0.060623 0.044986
0.059498 0.045469
0.4233 0.032634
0.41821 0.035914
0.38702 0.042353
0.39884 0.040602
0.42467 0.038137
0.42336 0.039483
0.41226 0.041734
0.3968 0.043065
0.41283 0.04325
0.44576 0.039892
0.45134 0.021746
0.46235 0.023277
0.47975 0.020655
0.50048 0.021982
0.43536 0.024803
0.48474 0.023356
0.44249 0.031358
0.44244 0.032918
0.47923 0.029152
0.4958 0.022611
0.47517 0.03462
0.47931 0.036639
0.48927 0.031402
0.49318 0.024416
0.46859 0.038001
0.48118 0.03925
0.4878 0.028216
0.49174 0.029012
0.48165 0.039146
0.49147 0.041425
0.49865 0.027016
0.49606 0.03383
0.49131 0.04166
0.49567 0.027756
0.52688 0.021557
0.51654 0.021404
0.5771 0.0204
0.54428 0.022776
0.56265 0.024926
0.50606 0.02176
0.53232 0.031337
0.51546 0.024619
0.51375 0.025413
0.55022 0.030608
0.55368 0.03382
0.5099 0.025377
0.51963 0.030328
0.52225 0.037434
0.54469 0.037191
0.511 0.028752
0.51741 0.035696
0.51757 0.041102
0.54364 0.044193
0.51635 0.035547
0.50819 0.030575
0.51446 0.041111
0.49684 0.042406
0.50393 0.028966
0.52133 0.04362
0.58956 0.021249
0.59108 0.026993
0.60754 0.031389
0.67713 0.040893
0.59918 0.036729
0.64445 0.040185
0.60177 0.04235
0.56886 0.033228
0.90083 0.038547
0.57634 0.036306
0.57289 0.038427
0.96811 0.035757
0.97018 0.029307
0.56502 0.039363
0.5815 0.042741
0.91781 0.039821
0.62452 0.040267
0.54793 0.041135
0.49675 0.042416
0.62943 0.046279
0.60356 0.045658
0.61728 0.031967
0.95865 0.039882
0.65221 0.04117
0.92501 0.040304
0.96232 0.025549
0.97446 0.02622
0.96739 0.027197
0.96878 0.027941
0.85039 0.040042
0.61283 0.040691
0.62403 0.032624
0.97572 0.026712
0.64473 0.037885
0.97607 0.026756
0.97603 0.026849
0.97591 0.026577
0.62205 0.028129
0.97533 0.026187
0.75834 0.040249
0.9454 0.042702
0.97526 0.026155
0.75022 0.040317
0.96972 0.024983
0.82752 0.040587
0.96843 0.024911
0.97078 0.025079
0.9654 0.024781
0.64093 0.032788
0.95097 0.041169
0.68149 0.039561
0.9565 0.0245
0.96094 0.024658
0.95905 0.02459
0.63997 0.029005
0.93408 0.042531
0.65365 0.035677
0.89465 0.038132
0.95218 0.024573
0.65903 0.039973
0.84645 0.040232
0.70153 0.039897
0.93471 0.026204
0.93312 0.02485
0.93534 0.026216
0.6665 0.042211
0.94303 0.02664
0.66419 0.038382
0.94707 0.02745
0.94575 0.026965
0.94702 0.027424
0.66463 0.037976
0.9512 0.02971
0.67363 0.038993
0.80995 0.04088
0.95042 0.0293
0.95305 0.033458
0.67367 0.03699
0.77708 0.040598
0.67011 0.032565
0.93705 0.036009
0.94751 0.034712
0.93941 0.035788
0.67322 0.030431
0.7242 0.040374
0.67474 0.023918
0.71974 0.039774
0.92755 0.036896
0.92619 0.036042
0.68277 0.027115
0.92326 0.034657
0.69211 0.026619
0.72615 0.039197
0.92136 0.033815
0.91841 0.032812
0.70988 0.034889
0.73412 0.040378
0.70228 0.024104
0.78818 0.039467
0.912 0.031878
0.91591 0.031816
0.72237 0.033113
0.91502 0.031606
0.73154 0.034783
0.75742 0.037156
0.91525 0.031655
0.91407 0.031314
0.72091 0.026519
0.78695 0.039021
0.73005 0.026324
0.75677 0.035019
0.90855 0.031057
0.74741 0.030596
0.77386 0.038313
0.73941 0.025142
0.77149 0.037233
0.87812 0.040236
0.86822 0.040503
0.75275 0.028039
0.77932 0.03529
0.76034 0.026784
0.80215 0.040068
0.86159 0.03982
0.86564 0.039378
0.76797 0.028656
0.86865 0.039796
0.79155 0.032989
0.80028 0.038541
0.87035 0.040059
0.87905 0.037286
0.79257 0.031788
0.82106 0.033561
0.79973 0.032889
0.81295 0.031523
0.87769 0.035951
0.87526 0.035325
0.79667 0.027447
0.81829 0.03085
0.80411 0.023201
0.83301 0.029928
0.87284 0.033431
0.87538 0.030928
0.81847 0.024225
0.8378 0.028001
0.82726 0.023165
0.88026 0.025154
0.87648 0.028507
0.87726 0.027198
0.85095 0.022518
0.88565 0.023686
0.95041 0.020353
0.94989 0.02217
