348
0.06728 0.020814
0.046993 0.024006
0.11705 0.020583
0.06826 0.024818
0.032303 0.023737
0.069019 0.024838
0.13994 0.02099
0.14775 0.022929
0.17274 0.021746
0.10529 0.028244
0.10088 0.0271
0.1057 0.028427
0.18858 0.02455
0.17689 0.026622
0.19284 0.027205
0.12144 0.027669
0.11272 0.028394
0.11999 0.027694
0.1997 0.030149
0.12475 0.028365
0.20515 0.029027
0.17974 0.038495
0.12351 0.028712
0.11708 0.030232
0.20191 0.03268
0.11722 0.030784
0.22469 0.025636
0.19474 0.037275
0.11487 0.03108
0.12237 0.030476
0.23343 0.028632
0.13311 0.031741
0.24214 0.026651
0.19399 0.037439
0.13295 0.031538
0.12896 0.031094
0.24932 0.024439
0.11875 0.031694
0.26183 0.025824
0.22989 0.036217
0.11591 0.032645
0.26989 0.021599
0.096843 0.032065
0.27657 0.02629
0.24433 0.035348
0.095629 0.031021
0.27837 0.030278
0.098357 0.033603
0.28985 0.024089
0.11284 0.033625
0.11017 0.033908
0.29371 0.028401
0.25214 0.036495
0.29343 0.030848
0.26665 0.03697
0.13396 0.037436
0.30915 0.028512
0.27462 0.038107
0.31354 0.03096
0.12524 0.033726
0.13053 0.035093
0.12664 0.033819
0.32039 0.032021
0.11496 0.034927
0.33615 0.02554
0.10875 0.035513
0.11492 0.034924
0.10865 0.035555
0.32818 0.030714
0.092161 0.030845
0.33033 0.03283
0.24793 0.037324
0.098781 0.036487
0.084293 0.029975
0.35153 0.026855
0.06295 0.031534
0.35605 0.027046
0.19853 0.037964
0.067318 0.031233
0.051565 0.031975
0.35877 0.027138
0.13448 0.039166
0.35114 0.038359
0.22497 0.037964
0.044798 0.030079
0.033951 0.026794
0.31546 0.038827
0.14962 0.03971
0.35916 0.037252
0.15687 0.038863
0.029299 0.02713
0.027606 0.029786
0.31005 0.037794
0.068353 0.034006
0.37048 0.02901
0.032798 0.034262
0.029844 0.032875
0.032856 0.03435
0.3359 0.038017
0.05067 0.034054
0.21036 0.038567
0.065471 0.038175
0.033028 0.034553
0.034041 0.035661
0.36889 0.037307
0.034539 0.036607
0.36636 0.038516
0.079568 0.033054
0.035361 0.037238
0.36999 0.039234
0.046871 0.035119
0.37736 0.037819
0.078774 0.033973
0.03697 0.037572
0.37757 0.039908
0.039507 0.037941
0.34444 0.038531
0.098505 0.039498
0.042191 0.038289
0.047217 0.039209
0.32479 0.038683
0.13386 0.03913
0.3828 0.027443
0.083405 0.038097
0.11437 0.039494
0.075948 0.038354
0.33255 0.038698
0.38314 0.028689
0.29499 0.040226
0.38942 0.022899
0.38885 0.02763
0.38508 0.034834
0.087938 0.039999
0.39126 0.035653
0.30005 0.038782
0.072588 0.038354
0.071225 0.038215
0.40421 0.03398
0.40048 0.037288
0.38674 0.039805
0.39096 0.038308
0.41004 0.04093
0.40979 0.041099
0.39714 0.041305
0.39119 0.039501
0.39776 0.041361
0.42682 0.039355
0.42637 0.021845
0.43518 0.024273
0.44865 0.020687
0.47284 0.021796
0.41102 0.02614
0.45433 0.023055
0.41721 0.032446
0.41802 0.034293
0.4489 0.02964
0.46744 0.022276
0.44822 0.03684
0.45283 0.037002
0.46051 0.029953
0.4644 0.023861
0.4445 0.039635
0.45646 0.038012
0.4578 0.027302
0.4627 0.027761
0.45705 0.038012
0.46839 0.03933
0.47098 0.026234
0.46961 0.032156
0.46828 0.039433
0.46729 0.02676
0.50194 0.021299
0.48946 0.021243
0.55565 0.020339
0.5225 0.022504
0.54086 0.025167
0.47861 0.021655
0.50791 0.029611
0.48815 0.024134
0.48631 0.024902
0.5288 0.030134
0.53428 0.034479
0.48234 0.02511
0.49329 0.028894
0.49832 0.035236
0.52484 0.035601
0.48353 0.028191
0.49179 0.033937
0.49341 0.038399
0.52533 0.038877
0.49083 0.033963
0.48111 0.030106
0.49096 0.03872
0.47486 0.038916
0.4766 0.028343
0.49867 0.038803
0.57121 0.020994
0.57302 0.025412
0.59993 0.026167
0.68706 0.03912
0.57869 0.031224
0.65263 0.037889
0.5785 0.03423
0.54656 0.033719
0.89975 0.037451
0.55522 0.03412
0.55166 0.037362
0.96935 0.035343
0.96984 0.028907
0.54493 0.039694
0.56048 0.037038
0.9156 0.038733
0.62385 0.032616
0.53028 0.03885
0.47477 0.038936
0.63326 0.035519
0.57978 0.034374
0.61516 0.028185
0.96332 0.038025
0.65941 0.037346
0.92246 0.037866
0.96167 0.025093
0.97413 0.025871
0.96667 0.026801
0.96823 0.027556
0.85891 0.035791
0.60352 0.032265
0.62609 0.027605
0.97547 0.026336
0.65336 0.036586
0.97584 0.026377
0.9758 0.026464
0.97567 0.026208
0.62306 0.025146
0.97505 0.02584
0.77501 0.039085
0.94775 0.038849
0.97498 0.025809
0.76664 0.039622
0.96911 0.024766
0.83895 0.040171
0.96774 0.024658
0.97023 0.024862
0.96466 0.024466
0.64971 0.031603
0.9549 0.038368
0.69151 0.038602
0.95499 0.024075
0.9602 0.024239
0.95812 0.024173
0.6487 0.027869
0.93311 0.038685
0.66265 0.03368
0.8928 0.036995
0.94998 0.024117
0.66819 0.038344
0.85557 0.036958
0.71189 0.038034
0.93135 0.025447
0.92935 0.024236
0.93213 0.025482
0.67461 0.039844
0.94024 0.026256
0.6739 0.03678
0.94452 0.027084
0.94311 0.026634
0.94447 0.027061
0.67438 0.0365
0.94925 0.028769
0.68389 0.038578
0.82407 0.040013
0.94832 0.028483
0.9532 0.032004
0.68474 0.036505
0.79353 0.03678
0.68252 0.031806
0.9356 0.034874
0.94704 0.033445
0.93788 0.035161
0.68678 0.029851
0.72989 0.037716
0.6883 0.02366
0.72343 0.037816
0.92407 0.034764
0.9223 0.034348
0.69615 0.026631
0.91949 0.034123
0.70713 0.025671
0.7342 0.037291
0.91728 0.033804
0.91372 0.033266
0.71887 0.036708
0.75283 0.038711
0.71857 0.024242
0.80366 0.038363
0.9077 0.031849
0.91097 0.032285
0.73475 0.031849
0.91012 0.031975
0.74982 0.034944
0.77389 0.03768
0.91034 0.032053
0.90923 0.031531
0.73531 0.025871
0.80268 0.037941
0.74754 0.026187
0.77285 0.035532
0.90443 0.030957
0.76303 0.030864
0.78926 0.03679
0.75486 0.025786
0.78619 0.036359
0.87684 0.037076
0.86519 0.037481
0.76758 0.02786
0.79609 0.033735
0.77551 0.026638
0.81417 0.03868
0.86267 0.036296
0.86355 0.037401
0.78316 0.028178
0.86547 0.037347
0.80837 0.033338
0.81297 0.038153
0.86699 0.037093
0.87621 0.036612
0.80975 0.031755
0.83596 0.036044
0.81522 0.032334
0.83002 0.031756
0.87288 0.034683
0.86987 0.033502
0.8134 0.026988
0.83412 0.032927
0.82197 0.023129
0.84839 0.03067
0.86764 0.03138
0.86885 0.029196
0.8354 0.025027
0.85393 0.027942
0.84315 0.023343
0.87214 0.024567
0.86901 0.027174
0.86941 0.026123
0.86117 0.022086
0.87955 0.023398
0.94809 0.020323
0.94753 0.021994
