348
0.063171 0.02089
0.04459 0.024294
0.11381 0.020579
0.064136 0.025256
0.031086 0.024133
0.064883 0.025268
0.13779 0.020828
0.14761 0.022619
0.1736 0.021652
0.10132 0.027978
0.096836 0.026947
0.10174 0.02815
0.18925 0.024731
0.17811 0.026558
0.1934 0.027419
0.11778 0.027646
0.10924 0.02833
0.11652 0.027653
0.19998 0.029508
0.12087 0.028333
0.20636 0.028508
0.18092 0.038417
0.11966 0.028708
0.11394 0.030156
0.20167 0.031818
0.11414 0.030704
0.22659 0.025485
0.19438 0.037509
0.11171 0.031011
0.11864 0.030458
0.23583 0.028091
0.12942 0.030398
0.24544 0.026627
0.19355 0.037924
0.12928 0.030247
0.12513 0.030616
0.25202 0.024599
0.11563 0.031612
0.26392 0.026007
0.22914 0.035584
0.11293 0.032568
0.27171 0.021664
0.093306 0.03182
0.27828 0.026355
0.24596 0.035501
0.091836 0.030791
0.27998 0.030367
0.094773 0.033397
0.29144 0.023884
0.10967 0.033565
0.10673 0.033573
0.29549 0.028099
0.25322 0.03727
0.29523 0.030471
0.2676 0.037648
0.12939 0.035479
0.31145 0.028352
0.27562 0.038736
0.31599 0.030735
0.12113 0.033658
0.12627 0.034221
0.12247 0.033584
0.32364 0.031501
0.11211 0.034862
0.33924 0.02594
0.10527 0.035055
0.11207 0.03486
0.10516 0.035092
0.33168 0.030533
0.088 0.030518
0.33412 0.03303
0.24908 0.03767
0.095166 0.036358
0.079672 0.029671
0.35308 0.027199
0.058443 0.032648
0.35735 0.027265
0.19767 0.037141
0.062763 0.032297
0.04862 0.033085
0.3599 0.02729
0.12963 0.036551
0.35067 0.039965
0.22379 0.037713
0.042479 0.030822
0.032571 0.027485
0.31852 0.038317
0.1483 0.037935
0.35743 0.038183
0.15488 0.038553
0.028379 0.027916
0.026843 0.03086
0.31231 0.037456
0.063117 0.035344
0.37157 0.029145
0.031371 0.035754
0.028779 0.034306
0.03142 0.035848
0.33954 0.039135
0.047544 0.03526
0.21008 0.037615
0.059143 0.040053
0.031567 0.036066
0.032428 0.037248
0.3665 0.037798
0.032836 0.038269
0.36374 0.039333
0.073854 0.033146
0.03354 0.038925
0.36676 0.039537
0.043979 0.036197
0.37581 0.036966
0.072918 0.034122
0.034947 0.03922
0.37536 0.038204
0.037135 0.039505
0.34586 0.039942
0.094882 0.039475
0.039532 0.039754
0.043918 0.040556
0.32942 0.038312
0.12899 0.036716
0.38452 0.026532
0.077356 0.037788
0.11187 0.039337
0.069284 0.038853
0.33667 0.039139
0.38494 0.027608
0.29623 0.039565
0.39258 0.022341
0.39193 0.026157
0.38632 0.032735
0.082898 0.038935
0.3939 0.032962
0.30172 0.0384
0.06614 0.039592
0.064887 0.039704
0.40977 0.033025
0.40504 0.035658
0.38722 0.036709
0.39294 0.035181
0.41444 0.039692
0.41412 0.039819
0.40041 0.038459
0.39297 0.036239
0.40119 0.038618
0.432 0.037772
0.43439 0.021649
0.44405 0.023903
0.45829 0.020675
0.48644 0.021492
0.41708 0.02565
0.46372 0.022922
0.42404 0.031189
0.42455 0.033047
0.45849 0.029476
0.47936 0.021922
0.45556 0.036433
0.45929 0.036875
0.47074 0.028476
0.47532 0.023173
0.45095 0.037804
0.46317 0.037102
0.46775 0.026567
0.47323 0.026399
0.46396 0.036981
0.48035 0.036274
0.48409 0.025177
0.48244 0.030165
0.48016 0.03631
0.47917 0.025713
0.51895 0.021179
0.50529 0.021107
0.57556 0.020328
0.54108 0.022449
0.56071 0.02502
0.49254 0.021413
0.52619 0.028773
0.50373 0.023644
0.50155 0.02428
0.54744 0.029546
0.55299 0.033767
0.49699 0.024468
0.50976 0.027932
0.51653 0.033865
0.54385 0.035234
0.49834 0.027211
0.5091 0.032552
0.51197 0.03656
0.54447 0.038138
0.50793 0.032592
0.49581 0.028779
0.50901 0.036688
0.48951 0.036061
0.4901 0.027065
0.51752 0.036796
0.5909 0.021053
0.59241 0.025782
0.61322 0.029387
0.6948 0.038042
0.59966 0.033835
0.65547 0.036734
0.60249 0.037923
0.56589 0.033397
0.90035 0.038894
0.57546 0.03384
0.57088 0.037746
0.97035 0.037164
0.97091 0.02997
0.56365 0.039198
0.58057 0.038199
0.91798 0.03777
0.62917 0.034839
0.54868 0.037876
0.48944 0.036067
0.63747 0.037395
0.60458 0.038097
0.62292 0.031089
0.96503 0.039816
0.6656 0.035998
0.92613 0.036685
0.96361 0.02553
0.97476 0.026569
0.96809 0.027503
0.96948 0.028378
0.86774 0.037823
0.61793 0.038931
0.63217 0.028295
0.97595 0.027089
0.65694 0.035732
0.97628 0.027135
0.97624 0.027233
0.97613 0.026946
0.62925 0.025978
0.97558 0.026534
0.78139 0.038698
0.95091 0.038783
0.97551 0.0265
0.77123 0.038092
0.97026 0.025313
0.85118 0.038153
0.96905 0.025157
0.97127 0.025441
0.96629 0.024896
0.65408 0.031326
0.95699 0.039283
0.7003 0.038005
0.95721 0.024325
0.96231 0.024581
0.96027 0.024476
0.65401 0.027758
0.93892 0.038413
0.6695 0.032921
0.89466 0.038885
0.95248 0.0243
0.67543 0.038387
0.86553 0.038771
0.72177 0.039242
0.93462 0.025296
0.93242 0.024059
0.93547 0.02536
0.68144 0.039638
0.94326 0.026461
0.68065 0.036772
0.94731 0.02753
0.94597 0.026985
0.94726 0.027504
0.68124 0.036442
0.95173 0.029129
0.69096 0.03784
0.83028 0.037889
0.95089 0.02888
0.95548 0.032697
0.69203 0.035764
0.80035 0.037945
0.68934 0.031262
0.94032 0.035131
0.94995 0.034256
0.94211 0.035635
0.69417 0.029294
0.73964 0.038682
0.69584 0.023418
0.73405 0.038211
0.92746 0.033676
0.92534 0.033445
0.70453 0.026599
0.92207 0.033449
0.71468 0.026233
0.74301 0.039142
0.91942 0.03329
0.91515 0.033013
0.72753 0.03728
0.75709 0.038729
0.7251 0.024366
0.81109 0.039662
0.9092 0.032147
0.91247 0.032207
0.74181 0.033217
0.91164 0.031949
0.75481 0.035173
0.78044 0.037415
0.91186 0.032013
0.91078 0.031562
0.74131 0.026517
0.80987 0.039213
0.75251 0.026281
0.77948 0.035317
0.90606 0.031454
0.76872 0.02997
0.79614 0.038131
0.76017 0.025446
0.79315 0.037315
0.88155 0.039424
0.87285 0.039857
0.77394 0.027206
0.8027 0.034698
0.78233 0.026536
0.82009 0.039171
0.87077 0.038962
0.87162 0.039848
0.78961 0.028581
0.87306 0.039807
0.81444 0.034629
0.81908 0.039124
0.87418 0.039682
0.88102 0.0391
0.81533 0.032798
0.84501 0.034536
0.82005 0.032625
0.83611 0.029846
0.87839 0.036962
0.87584 0.035639
0.81808 0.027266
0.84142 0.031273
0.8263 0.02294
0.85654 0.030936
0.87383 0.033177
0.87459 0.030613
0.84223 0.024429
0.86158 0.02851
0.85095 0.023155
0.8774 0.025244
0.87469 0.028272
0.87503 0.027056
0.86795 0.022342
0.88387 0.023865
0.95068 0.020339
0.95015 0.022107
