348
0.063293 0.020872
0.042732 0.024097
0.11465 0.020579
0.064222 0.025192
0.029895 0.02461
0.064941 0.025236
0.13617 0.020968
0.14468 0.022985
0.16851 0.02172
0.10177 0.027684
0.0971 0.026664
0.1022 0.027852
0.18373 0.024801
0.17285 0.026771
0.18785 0.027481
0.11874 0.02796
0.10994 0.028079
0.11744 0.027868
0.19437 0.029531
0.12184 0.028946
0.20076 0.028483
0.17556 0.038934
0.12067 0.029238
0.11483 0.030178
0.19606 0.03183
0.1151 0.030753
0.22119 0.02541
0.18881 0.037634
0.11261 0.030798
0.11976 0.030991
0.23057 0.027956
0.12923 0.032079
0.24035 0.026506
0.18799 0.038072
0.1291 0.031887
0.12565 0.031865
0.24707 0.02451
0.11678 0.031852
0.25919 0.025913
0.22378 0.035357
0.11405 0.032491
0.26708 0.021643
0.093518 0.031304
0.27374 0.026316
0.24089 0.035216
0.091919 0.030305
0.27546 0.030323
0.095132 0.03283
0.28687 0.023917
0.11072 0.033173
0.10761 0.033138
0.29087 0.028207
0.24829 0.036939
0.29062 0.030609
0.26292 0.037394
0.12979 0.038051
0.30647 0.028623
0.27105 0.038565
0.31084 0.0311
0.12269 0.034765
0.12707 0.036113
0.12383 0.034867
0.31818 0.031835
0.11343 0.034673
0.33352 0.025717
0.10616 0.034556
0.11339 0.034665
0.10604 0.034589
0.32606 0.030772
0.087889 0.030139
0.32825 0.033127
0.24407 0.037336
0.095694 0.035673
0.079182 0.029661
0.34906 0.026217
0.058837 0.031943
0.35406 0.026548
0.19209 0.037213
0.063301 0.032038
0.047033 0.031885
0.35704 0.026743
0.1301 0.039359
0.34613 0.037295
0.21834 0.03749
0.040131 0.030616
0.031221 0.02821
0.31309 0.038914
0.14565 0.040393
0.35477 0.036465
0.15137 0.040707
0.027479 0.028869
0.025968 0.032166
0.30717 0.03804
0.064209 0.035105
0.36864 0.029425
0.029196 0.037575
0.027255 0.036028
0.029222 0.037675
0.33291 0.03847
0.04541 0.034081
0.2045 0.037512
0.061205 0.039196
0.02931 0.037902
0.029834 0.039089
0.36443 0.037607
0.030003 0.040149
0.36197 0.038669
0.074031 0.033427
0.030458 0.040668
0.36483 0.039393
0.040519 0.035702
0.37313 0.037496
0.073282 0.034471
0.031522 0.040664
0.37277 0.038776
0.0332 0.040506
0.33987 0.038144
0.095569 0.038647
0.035051 0.04028
0.039239 0.039941
0.32337 0.038783
0.1296 0.039445
0.38122 0.026721
0.077897 0.037879
0.11365 0.039103
0.070603 0.039482
0.33019 0.038928
0.38162 0.027827
0.2916 0.039844
0.38905 0.022404
0.38842 0.026324
0.38303 0.033097
0.083394 0.038604
0.39037 0.0333
0.29703 0.038782
0.067802 0.039777
0.066657 0.03971
0.40593 0.033148
0.40124 0.035883
0.384 0.03718
0.38948 0.03559
0.41057 0.039779
0.41026 0.039913
0.3967 0.038814
0.38952 0.036675
0.39744 0.038961
0.42823 0.037489
0.43066 0.021617
0.44054 0.023777
0.4554 0.020648
0.48467 0.021438
0.41319 0.025658
0.46106 0.022807
0.42014 0.031116
0.42066 0.032954
0.45562 0.029091
0.47732 0.021851
0.45256 0.035754
0.45645 0.036192
0.46836 0.028154
0.47312 0.023054
0.44774 0.037072
0.46049 0.036424
0.46525 0.026313
0.47095 0.026157
0.46131 0.036311
0.47835 0.03567
0.48223 0.024987
0.48051 0.02979
0.47815 0.035705
0.47712 0.025501
0.51841 0.021134
0.50422 0.021066
0.57679 0.020317
0.54143 0.022373
0.56155 0.024893
0.49099 0.021362
0.52595 0.028431
0.50261 0.02351
0.50035 0.024123
0.54794 0.029296
0.55363 0.033426
0.49561 0.024305
0.50887 0.02764
0.5159 0.033343
0.54427 0.034793
0.49701 0.026948
0.50819 0.03209
0.51116 0.035946
0.54489 0.037622
0.50697 0.032128
0.49439 0.02846
0.50809 0.036074
0.48785 0.035478
0.48847 0.026809
0.51692 0.036162
0.59282 0.021001
0.59441 0.025498
0.61631 0.029019
0.69739 0.037482
0.60203 0.033146
0.65775 0.03774
0.60501 0.037025
0.56686 0.033054
0.90183 0.039582
0.57668 0.033388
0.57199 0.037263
0.97039 0.037242
0.97095 0.030016
0.56457 0.03871
0.58196 0.037496
0.91864 0.038237
0.63253 0.034886
0.54921 0.037424
0.48778 0.035484
0.64081 0.037814
0.60721 0.037186
0.6263 0.030937
0.9651 0.03992
0.66704 0.037128
0.9266 0.03701
0.96369 0.02556
0.97478 0.026599
0.96814 0.027539
0.96953 0.028416
0.8682 0.036152
0.62127 0.038424
0.63554 0.028384
0.97597 0.027121
0.65917 0.036703
0.9763 0.027167
0.97626 0.027265
0.97615 0.026977
0.63262 0.025999
0.9756 0.026563
0.78325 0.038646
0.95107 0.038921
0.97553 0.026529
0.77305 0.037978
0.97031 0.025337
0.85063 0.038881
0.9691 0.025181
0.97131 0.025466
0.96635 0.024921
0.65661 0.031991
0.9571 0.039407
0.70326 0.037924
0.95732 0.024353
0.96239 0.024607
0.96036 0.024502
0.65659 0.028213
0.93917 0.038641
0.67082 0.03379
0.89654 0.039603
0.95262 0.024331
0.67576 0.038925
0.86545 0.037358
0.7236 0.039461
0.93494 0.025371
0.93278 0.02412
0.93578 0.025434
0.68166 0.039424
0.94348 0.026529
0.68102 0.036672
0.94749 0.027595
0.94617 0.027049
0.94744 0.027569
0.68173 0.036275
0.95189 0.029195
0.69291 0.036948
0.83115 0.038643
0.95105 0.028945
0.95561 0.032782
0.69406 0.035056
0.80219 0.038146
0.69097 0.03061
0.94056 0.035309
0.95012 0.034363
0.94234 0.035807
0.69611 0.028963
0.74122 0.038609
0.6979 0.023323
0.73569 0.038179
0.9279 0.033927
0.92582 0.033716
0.70655 0.026684
0.9226 0.033757
0.71639 0.026373
0.74462 0.039043
0.92 0.033623
0.91589 0.033385
0.72924 0.037324
0.7588 0.038591
0.72667 0.024394
0.81272 0.040097
0.91015 0.032559
0.9133 0.032584
0.7434 0.033154
0.91249 0.032326
0.7565 0.035061
0.78231 0.037361
0.9127 0.03239
0.91166 0.031935
0.7429 0.026487
0.81152 0.039614
0.75418 0.026235
0.78135 0.035264
0.9071 0.031853
0.77051 0.029899
0.79801 0.038258
0.7619 0.025407
0.79502 0.037385
0.88438 0.039147
0.87452 0.038241
0.77577 0.027167
0.80449 0.034897
0.7842 0.02652
0.8215 0.039782
0.8719 0.037111
0.87297 0.038041
0.79147 0.028586
0.87477 0.038227
0.816 0.035006
0.82053 0.039714
0.87616 0.038285
0.88386 0.038752
0.81687 0.033141
0.84514 0.03523
0.82148 0.033028
0.8369 0.030283
0.88107 0.036311
0.87789 0.034714
0.81957 0.027482
0.84192 0.031796
0.82749 0.023054
0.85629 0.030875
0.87536 0.032185
0.87608 0.029868
0.84276 0.024635
0.86148 0.02812
0.85106 0.023276
0.8792 0.024985
0.87617 0.027696
0.87654 0.026582
0.86861 0.022117
0.88568 0.023858
0.95084 0.020342
0.95032 0.022122
