348
0.067671 0.020797
0.04676 0.023899
0.11762 0.020579
0.06867 0.024719
0.032009 0.023804
0.069445 0.024741
0.14084 0.02098
0.14868 0.022914
0.17351 0.021772
0.10584 0.028247
0.10143 0.027111
0.10625 0.028429
0.18917 0.02459
0.1776 0.026708
0.1934 0.027253
0.12204 0.027594
0.11328 0.028368
0.12056 0.027627
0.2002 0.030181
0.1254 0.028261
0.20566 0.029029
0.18041 0.038717
0.12414 0.028612
0.11765 0.030165
0.20241 0.032706
0.11778 0.030713
0.22533 0.025544
0.19527 0.037374
0.11543 0.031027
0.12298 0.030365
0.23427 0.028464
0.1339 0.031575
0.24314 0.026543
0.19453 0.037545
0.13374 0.031374
0.12968 0.03092
0.25042 0.024379
0.11932 0.031603
0.26301 0.025862
0.23065 0.035879
0.11647 0.032574
0.27094 0.021625
0.097405 0.032096
0.27748 0.026195
0.24532 0.035111
0.096196 0.031052
0.27924 0.030036
0.098913 0.033632
0.29154 0.023798
0.1134 0.033582
0.11073 0.033893
0.29571 0.027976
0.25315 0.036342
0.29544 0.030284
0.26734 0.037204
0.13476 0.037199
0.31124 0.028777
0.27486 0.03803
0.31555 0.031271
0.1259 0.03355
0.13128 0.034856
0.12732 0.033627
0.32222 0.032289
0.11552 0.034854
0.33768 0.025605
0.10931 0.035505
0.11548 0.034852
0.1092 0.035547
0.32984 0.030879
0.092744 0.030885
0.33199 0.033011
0.24891 0.03708
0.099335 0.036521
0.08491 0.029954
0.35294 0.026934
0.063255 0.031245
0.35743 0.027197
0.19904 0.038031
0.06771 0.030992
0.051502 0.031563
0.36014 0.027334
0.13529 0.038911
0.35232 0.03855
0.22562 0.037666
0.044484 0.029878
0.033618 0.026881
0.31777 0.039325
0.15056 0.03963
0.36018 0.037733
0.15783 0.038922
0.029077 0.027304
0.027424 0.030024
0.31265 0.038348
0.068765 0.033718
0.37129 0.029411
0.032493 0.034494
0.02961 0.033189
0.032549 0.034581
0.33748 0.038231
0.050574 0.033559
0.21088 0.038517
0.065826 0.037758
0.032717 0.03478
0.033706 0.035857
0.3691 0.038154
0.034193 0.03679
0.36669 0.039319
0.080201 0.032953
0.034995 0.037384
0.36992 0.040212
0.046634 0.034723
0.37684 0.037795
0.079393 0.033852
0.036565 0.037637
0.37678 0.03987
0.039042 0.037871
0.34579 0.038689
0.099061 0.039539
0.041781 0.038068
0.046993 0.038686
0.3267 0.039026
0.13466 0.038869
0.38346 0.027116
0.084025 0.038039
0.11493 0.039409
0.07651 0.038132
0.33423 0.038945
0.38382 0.028286
0.29783 0.039375
0.39073 0.02264
0.3901 0.026968
0.38547 0.033964
0.088539 0.040044
0.39246 0.03428
0.30333 0.038531
0.073084 0.03806
0.071694 0.037893
0.40697 0.033039
0.40295 0.036024
0.38688 0.038438
0.39196 0.036692
0.41397 0.03981
0.4137 0.039928
0.39911 0.039571
0.39215 0.037786
0.39985 0.039637
0.43096 0.039989
0.42957 0.021898
0.43805 0.024433
0.45105 0.02071
0.47454 0.021839
0.41406 0.025841
0.45655 0.023153
0.42097 0.032238
0.42207 0.034123
0.4513 0.029968
0.46928 0.02234
0.45081 0.037417
0.45521 0.03756
0.46254 0.030255
0.46632 0.023973
0.44736 0.040319
0.45867 0.038582
0.45991 0.02753
0.46467 0.027991
0.45923 0.038579
0.47022 0.039868
0.47273 0.026394
0.4714 0.032485
0.47011 0.039974
0.46913 0.026951
0.50338 0.021286
0.49091 0.021251
0.55782 0.020353
0.52445 0.022407
0.54356 0.025182
0.48015 0.021685
0.50947 0.029438
0.48961 0.024168
0.48779 0.024951
0.53107 0.02966
0.53683 0.034111
0.48384 0.025181
0.49472 0.028908
0.49971 0.035158
0.52691 0.03494
0.48502 0.028296
0.49323 0.033987
0.49484 0.038425
0.52742 0.038063
0.49227 0.034031
0.48262 0.03026
0.49241 0.038808
0.4765 0.039326
0.47819 0.028509
0.50006 0.038698
0.57268 0.021042
0.5744 0.025663
0.6004 0.026309
0.68603 0.038957
0.5798 0.031685
0.65206 0.038394
0.57961 0.034817
0.54905 0.034091
0.89974 0.037542
0.5574 0.034698
0.55397 0.038033
0.96933 0.035323
0.96983 0.028895
0.54748 0.04009
0.56246 0.037794
0.91555 0.03876
0.62394 0.032837
0.53263 0.038052
0.47642 0.039348
0.63318 0.035831
0.58084 0.034949
0.61539 0.028319
0.9633 0.038002
0.65865 0.037758
0.92241 0.037879
0.96164 0.025087
0.97413 0.025864
0.96666 0.026793
0.96821 0.027546
0.85965 0.036238
0.60393 0.032515
0.62613 0.02774
0.97546 0.026327
0.65277 0.037046
0.97583 0.026369
0.97579 0.026456
0.97566 0.0262
0.62316 0.025236
0.97504 0.025832
0.77514 0.039004
0.94771 0.038829
0.97497 0.025802
0.76674 0.03951
0.96909 0.024759
0.84126 0.039797
0.96773 0.024652
0.97022 0.024856
0.96464 0.024461
0.64923 0.031945
0.95487 0.038345
0.69054 0.038344
0.95496 0.02407
0.96017 0.024233
0.95809 0.024167
0.64825 0.028097
0.93306 0.038679
0.66182 0.033976
0.89285 0.03712
0.94995 0.024112
0.66727 0.038674
0.85658 0.037497
0.71126 0.037702
0.9313 0.025446
0.9293 0.024235
0.93208 0.02548
0.67358 0.040047
0.94019 0.026252
0.67289 0.03697
0.94448 0.027077
0.94306 0.026628
0.94442 0.027055
0.67336 0.036674
0.94921 0.028759
0.68281 0.038509
0.82343 0.039144
0.94828 0.028473
0.95317 0.03199
0.68367 0.036423
0.79358 0.03682
0.68143 0.031786
0.93555 0.034867
0.94699 0.033431
0.93783 0.035152
0.68574 0.029772
0.72959 0.037414
0.68728 0.023622
0.72302 0.037503
0.92401 0.034772
0.92224 0.034358
0.69524 0.026531
0.91943 0.034138
0.70642 0.02557
0.73397 0.037022
0.91723 0.033822
0.91368 0.033289
0.71838 0.036408
0.75283 0.038541
0.71807 0.024166
0.8034 0.038658
0.90767 0.031882
0.91094 0.03231
0.73454 0.031667
0.91009 0.032001
0.74979 0.034798
0.77402 0.037602
0.91031 0.032078
0.90919 0.031558
0.7351 0.025782
0.80249 0.038205
0.74748 0.026121
0.77298 0.035462
0.90441 0.030999
0.76311 0.030793
0.78934 0.036749
0.75488 0.025736
0.78631 0.036312
0.87709 0.03731
0.86578 0.037857
0.76769 0.027817
0.7962 0.033817
0.77566 0.026611
0.8133 0.038791
0.8633 0.036691
0.86419 0.037806
0.78334 0.028152
0.86606 0.037715
0.80816 0.033639
0.81221 0.038366
0.86753 0.037429
0.87648 0.036844
0.8096 0.032043
0.83738 0.035447
0.81486 0.032326
0.83053 0.030915
0.87321 0.034908
0.87026 0.033727
0.81329 0.027043
0.83508 0.032301
0.82183 0.023022
0.84936 0.03101
0.86802 0.031596
0.86919 0.029359
0.83632 0.024818
0.85463 0.02821
0.84424 0.023349
0.87242 0.024639
0.86934 0.0273
0.86974 0.026228
0.86163 0.02214
0.87971 0.023441
0.94805 0.020323
0.94749 0.021992
