348
0.077403 0.020708
0.053331 0.02322
0.13565 0.020531
0.078634 0.024187
0.035187 0.023042
0.079587 0.024195
0.15998 0.020861
0.17031 0.02228
0.19648 0.021836
0.12277 0.027453
0.11824 0.026205
0.12321 0.027647
0.21112 0.025147
0.20092 0.027229
0.21499 0.02827
0.14045 0.027124
0.13099 0.027681
0.13871 0.027101
0.22088 0.031244
0.14439 0.027876
0.22588 0.030499
0.20475 0.039618
0.14299 0.028175
0.13567 0.029321
0.22208 0.03426
0.13571 0.029844
0.24322 0.026318
0.21615 0.040448
0.13319 0.03002
0.14142 0.029794
0.25081 0.029822
0.15301 0.031224
0.25845 0.027708
0.2155 0.040636
0.15285 0.031021
0.14864 0.030417
0.26413 0.024935
0.13702 0.03078
0.27654 0.025917
0.24378 0.038535
0.13399 0.03153
0.28444 0.021751
0.11405 0.03018
0.29036 0.027397
0.25703 0.038052
0.11236 0.029126
0.29189 0.032046
0.11554 0.031747
0.30161 0.024253
0.13042 0.032583
0.12727 0.033201
0.3056 0.028549
0.26425 0.038423
0.30541 0.031085
0.2813 0.03801
0.15405 0.037002
0.32085 0.028413
0.28812 0.040449
0.32571 0.030669
0.14447 0.033011
0.15022 0.034395
0.14594 0.033041
0.33363 0.031291
0.13256 0.033638
0.34922 0.025332
0.12531 0.03463
0.13252 0.033632
0.12519 0.034653
0.3417 0.030103
0.1077 0.028673
0.34393 0.032267
0.2593 0.039513
0.11558 0.034446
0.097525 0.028058
0.36613 0.02621
0.071601 0.029997
0.37116 0.026711
0.21893 0.040556
0.077508 0.029778
0.058491 0.030039
0.37396 0.026724
0.15449 0.037809
0.36355 0.036969
0.23879 0.040904
0.050334 0.028044
0.037222 0.025515
0.32929 0.038333
0.17465 0.034937
0.37263 0.036676
0.18481 0.038474
0.031479 0.025783
0.029384 0.027927
0.32341 0.037875
0.078838 0.032171
0.38593 0.028897
0.034888 0.03163
0.031657 0.030451
0.034938 0.031702
0.34859 0.037769
0.056656 0.031688
0.22752 0.041877
0.074156 0.035846
0.035098 0.03187
0.036033 0.032767
0.38223 0.037251
0.036397 0.033535
0.37908 0.03865
0.092205 0.031157
0.037172 0.033967
0.38307 0.038812
0.051265 0.032143
0.39213 0.036391
0.09143 0.032039
0.038877 0.034187
0.392 0.037542
0.041523 0.034441
0.35724 0.037218
0.11493 0.037075
0.044387 0.034675
0.050209 0.03519
0.33955 0.038005
0.15375 0.037636
0.39932 0.026734
0.097923 0.035197
0.13107 0.037706
0.088684 0.036139
0.34575 0.038019
0.39975 0.027849
0.30617 0.039739
0.40657 0.022418
0.40596 0.026372
0.40198 0.033235
0.10299 0.035957
0.40823 0.033343
0.31284 0.039191
0.084578 0.035602
0.082824 0.035546
0.42448 0.032051
0.41965 0.034812
0.40349 0.037507
0.40765 0.03568
0.43042 0.039042
0.43007 0.039061
0.41453 0.038049
0.4078 0.036774
0.41544 0.038084
0.44723 0.039346
0.44931 0.021797
0.45758 0.024476
0.47026 0.0208
0.49319 0.021889
0.43231 0.025477
0.475 0.023434
0.43924 0.031192
0.43983 0.033224
0.47043 0.03126
0.48786 0.022375
0.46779 0.039139
0.47179 0.040217
0.48043 0.030337
0.48464 0.023959
0.46347 0.03994
0.47578 0.040148
0.47804 0.027833
0.48288 0.027937
0.47646 0.040071
0.49088 0.040193
0.4914 0.026486
0.49061 0.032626
0.49075 0.040203
0.48771 0.02706
0.52112 0.02144
0.50877 0.021252
0.57331 0.020328
0.53747 0.022847
0.55785 0.024765
0.49814 0.02175
0.52661 0.03145
0.50741 0.024152
0.50555 0.024952
0.54367 0.029905
0.54915 0.033137
0.5018 0.025334
0.51291 0.02899
0.52017 0.036846
0.53843 0.037238
0.50286 0.028531
0.51335 0.034348
0.51691 0.039401
0.53841 0.040279
0.51228 0.034377
0.50106 0.030556
0.51424 0.039082
0.49768 0.040123
0.49616 0.028895
0.52134 0.040488
0.58808 0.02112
0.58956 0.026199
0.60866 0.030217
0.69893 0.037059
0.59672 0.034915
0.65081 0.034972
0.59983 0.039754
0.56343 0.03283
0.90498 0.039338
0.57339 0.033891
0.56878 0.037126
0.97052 0.036265
0.97036 0.029419
0.56121 0.038136
0.57847 0.038602
0.92281 0.039357
0.62322 0.035145
0.54342 0.038531
0.49763 0.040135
0.63191 0.037569
0.60221 0.040182
0.61759 0.031801
0.96598 0.039638
0.66202 0.034449
0.92914 0.039045
0.96262 0.025557
0.97444 0.026193
0.96736 0.027255
0.96884 0.028005
0.87463 0.037669
0.61314 0.04084
0.62661 0.02841
0.9757 0.026682
0.65241 0.034343
0.97605 0.026726
0.97601 0.026818
0.97589 0.026548
0.6236 0.026049
0.97531 0.026159
0.78731 0.038184
0.95244 0.040658
0.97524 0.026127
0.77805 0.038777
0.96967 0.02504
0.85594 0.03959
0.96838 0.024945
0.97074 0.02513
0.96546 0.024807
0.64938 0.030145
0.95874 0.040486
0.70496 0.038249
0.95657 0.024579
0.96126 0.024655
0.95934 0.024625
0.64926 0.026945
0.93974 0.040443
0.66605 0.031461
0.89982 0.039674
0.95226 0.024722
0.67279 0.035558
0.87209 0.038417
0.72619 0.038119
0.93595 0.025896
0.93401 0.024535
0.9367 0.025959
0.68058 0.03603
0.94388 0.027091
0.67946 0.033635
0.94756 0.028209
0.94635 0.027632
0.94752 0.028181
0.68035 0.033442
0.95159 0.030024
0.694 0.035667
0.83918 0.038056
0.95082 0.029715
0.95569 0.033652
0.6949 0.034036
0.80552 0.039016
0.69105 0.029608
0.94102 0.036753
0.95074 0.03555
0.94311 0.037256
0.69602 0.02848
0.74595 0.03679
0.69787 0.023213
0.73885 0.036751
0.93002 0.035699
0.92818 0.035237
0.7065 0.026886
0.92536 0.034947
0.7158 0.026264
0.75079 0.03668
0.92333 0.034553
0.9193 0.033855
0.73196 0.036136
0.76691 0.038441
0.72696 0.024161
0.81529 0.039162
0.91306 0.032239
0.91642 0.032759
0.74643 0.032125
0.91553 0.032416
0.76237 0.034452
0.78608 0.037102
0.91576 0.032504
0.91459 0.031888
0.74389 0.026006
0.81397 0.03899
0.75642 0.025547
0.7847 0.034936
0.90982 0.031486
0.7737 0.030263
0.80202 0.038805
0.76537 0.025171
0.79931 0.037773
0.88973 0.040517
0.8821 0.040101
0.7786 0.027432
0.80756 0.035466
0.78678 0.026409
0.82719 0.03738
0.87904 0.039291
0.88053 0.039991
0.79477 0.028422
0.88232 0.04009
0.81905 0.033842
0.82562 0.037478
0.88351 0.040122
0.88922 0.040216
0.81997 0.031992
0.85073 0.036322
0.8259 0.031497
0.84283 0.030481
0.88639 0.037831
0.8835 0.036196
0.82295 0.02662
0.84756 0.032436
0.83234 0.022687
0.86094 0.031102
0.8802 0.033397
0.87995 0.030762
0.84784 0.024854
0.86627 0.028379
0.85559 0.023333
0.8825 0.025389
0.87973 0.02838
0.88008 0.027161
0.87272 0.022269
0.88844 0.024102
0.95063 0.020371
0.95015 0.022297
