348
0.068573 0.020758
0.047655 0.023964
0.12152 0.02053
0.069747 0.024506
0.032707 0.023656
0.070655 0.024552
0.1446 0.020853
0.15563 0.022045
0.18311 0.021957
0.10797 0.027299
0.10366 0.026363
0.10841 0.027489
0.19799 0.024761
0.1871 0.027385
0.2022 0.02742
0.12617 0.027421
0.11697 0.0276
0.12451 0.027284
0.20855 0.030093
0.12984 0.028288
0.21446 0.029393
0.18991 0.039503
0.12848 0.028588
0.12149 0.029313
0.20975 0.032803
0.12144 0.029834
0.23313 0.025768
0.20264 0.038342
0.11897 0.029903
0.12692 0.030271
0.24174 0.028667
0.13756 0.031865
0.25083 0.026816
0.20187 0.038552
0.13744 0.03166
0.13358 0.031038
0.25704 0.024559
0.12261 0.030878
0.26986 0.025563
0.23395 0.03695
0.11958 0.031415
0.2784 0.021587
0.09932 0.031237
0.28515 0.026285
0.24951 0.036013
0.097857 0.030319
0.28687 0.030222
0.10049 0.032712
0.2986 0.02375
0.11581 0.032452
0.11204 0.033001
0.30282 0.027763
0.2569 0.037206
0.3027 0.030055
0.27295 0.036567
0.13741 0.038031
0.31823 0.028736
0.28132 0.037979
0.32278 0.031369
0.12927 0.033717
0.13439 0.035329
0.13073 0.033778
0.33004 0.031822
0.11799 0.033566
0.3461 0.024827
0.10953 0.034384
0.11795 0.033561
0.10939 0.034404
0.33771 0.029926
0.093819 0.030257
0.33979 0.03187
0.25194 0.037507
0.09998 0.035769
0.08603 0.030042
0.36453 0.025823
0.062906 0.031147
0.36985 0.026233
0.20581 0.03844
0.068639 0.030464
0.051737 0.032097
0.37281 0.026123
0.13765 0.038705
0.36126 0.035848
0.22953 0.039235
0.045195 0.029818
0.034409 0.026643
0.32595 0.039852
0.15998 0.032884
0.37101 0.035406
0.17295 0.037841
0.029604 0.026923
0.027852 0.029474
0.32099 0.038873
0.069879 0.033115
0.38661 0.027413
0.032386 0.033975
0.029723 0.032516
0.032426 0.034063
0.34415 0.036396
0.050083 0.034257
0.21635 0.039358
0.064949 0.037437
0.032554 0.034266
0.033306 0.035359
0.38155 0.034849
0.033585 0.03629
0.37807 0.036344
0.08198 0.033476
0.034214 0.036823
0.38248 0.036
0.045699 0.034859
0.39378 0.033201
0.081421 0.034448
0.035617 0.037117
0.39353 0.034136
0.037775 0.037471
0.35402 0.035844
0.098753 0.039019
0.040032 0.037806
0.044636 0.038543
0.33425 0.038244
0.13699 0.038645
0.40347 0.025465
0.086307 0.038983
0.11576 0.03762
0.079502 0.038925
0.34087 0.037266
0.40401 0.026374
0.30427 0.038358
0.41216 0.02199
0.41144 0.025237
0.40657 0.030822
0.089762 0.039839
0.41408 0.031169
0.31169 0.039226
0.075502 0.037664
0.073784 0.037337
0.43382 0.029661
0.42807 0.032083
0.40813 0.034393
0.41334 0.033057
0.44104 0.036002
0.44064 0.035953
0.42188 0.035096
0.4135 0.033995
0.42304 0.035072
0.45757 0.038831
0.46201 0.021762
0.46999 0.024472
0.4827 0.020829
0.50559 0.021819
0.44368 0.024735
0.48718 0.023618
0.45097 0.030158
0.45127 0.032067
0.48272 0.031672
0.49959 0.022362
0.47907 0.039379
0.48231 0.040992
0.49238 0.030507
0.49634 0.023903
0.47464 0.040184
0.48587 0.041185
0.49026 0.028158
0.4947 0.02789
0.48661 0.041159
0.50094 0.03991
0.50362 0.026288
0.50222 0.032334
0.50076 0.039931
0.49943 0.027022
0.53343 0.021379
0.52128 0.021266
0.5868 0.020342
0.55176 0.022541
0.57282 0.025178
0.5105 0.021688
0.53935 0.030454
0.51994 0.024198
0.51803 0.025008
0.55858 0.029102
0.56516 0.033311
0.5143 0.025299
0.52526 0.029
0.5314 0.036331
0.55397 0.035449
0.51535 0.028545
0.5252 0.03435
0.52794 0.038842
0.55436 0.037896
0.52423 0.034468
0.51341 0.030424
0.52557 0.038805
0.50904 0.039291
0.50858 0.028526
0.53216 0.039175
0.60115 0.021241
0.60236 0.026888
0.62068 0.029217
0.70045 0.038413
0.60769 0.035949
0.66288 0.038776
0.60927 0.040508
0.57746 0.034196
0.90359 0.040263
0.58705 0.034431
0.58253 0.038529
0.97107 0.036341
0.97042 0.029462
0.57593 0.040118
0.59248 0.039279
0.91925 0.040422
0.63631 0.035101
0.55992 0.037219
0.50899 0.039296
0.64686 0.038699
0.6118 0.040343
0.63117 0.031019
0.96715 0.039092
0.67057 0.038662
0.92584 0.040375
0.9627 0.025343
0.97447 0.026222
0.96742 0.027179
0.96889 0.027991
0.87356 0.037127
0.6249 0.039787
0.63965 0.02864
0.97572 0.026713
0.66387 0.03816
0.97607 0.026757
0.97603 0.02685
0.97591 0.026578
0.63649 0.025945
0.97533 0.026188
0.78598 0.038392
0.95246 0.038254
0.97526 0.026156
0.7778 0.038453
0.96972 0.025054
0.8536 0.039424
0.96843 0.024924
0.97078 0.025154
0.96552 0.024703
0.66095 0.03258
0.96038 0.038896
0.70589 0.038609
0.95627 0.024239
0.96135 0.024439
0.95935 0.024359
0.66052 0.028583
0.93661 0.039726
0.6734 0.034679
0.89968 0.040045
0.95142 0.024252
0.6784 0.039356
0.87105 0.037849
0.72608 0.038762
0.93382 0.025933
0.93199 0.024639
0.93453 0.025958
0.68484 0.039405
0.94199 0.026644
0.68392 0.036537
0.94614 0.027432
0.94477 0.026988
0.94608 0.02741
0.68468 0.036231
0.95065 0.028986
0.69641 0.037417
0.8348 0.039666
0.9498 0.028669
0.95573 0.032578
0.69723 0.035512
0.80441 0.038667
0.69394 0.030845
0.93824 0.036199
0.94998 0.033859
0.9407 0.036339
0.6984 0.02928
0.74565 0.038707
0.7 0.023478
0.73881 0.0381
0.92727 0.036764
0.92554 0.036278
0.70843 0.027069
0.92282 0.035923
0.71768 0.026381
0.75019 0.038317
0.9209 0.03547
0.91714 0.034659
0.73225 0.036712
0.76653 0.0377
0.72842 0.024321
0.81536 0.039496
0.91174 0.032888
0.91476 0.033471
0.74655 0.033585
0.91401 0.033101
0.76166 0.034372
0.78497 0.037285
0.91421 0.033195
0.91324 0.032536
0.7446 0.026616
0.81389 0.03914
0.75563 0.025761
0.78398 0.035029
0.90884 0.032209
0.77376 0.029951
0.80054 0.038511
0.76499 0.024959
0.79784 0.037493
0.88961 0.03905
0.88168 0.03906
0.77904 0.027335
0.80724 0.035165
0.78688 0.026489
0.8259 0.039711
0.87818 0.038485
0.87981 0.039056
0.79484 0.028287
0.8819 0.039037
0.81931 0.034699
0.82474 0.039603
0.88305 0.038977
0.88906 0.038758
0.82015 0.032811
0.84766 0.036545
0.82539 0.032871
0.84039 0.031048
0.88592 0.036617
0.88275 0.035237
0.82308 0.027231
0.84484 0.032738
0.83123 0.023017
0.85883 0.030933
0.87889 0.032708
0.87843 0.030187
0.8457 0.024948
0.86434 0.028175
0.85344 0.023303
0.88127 0.025062
0.87816 0.027933
0.87854 0.026772
0.87096 0.022184
0.88765 0.023786
0.94959 0.020331
0.94905 0.022046
