348
0.063724 0.020903
0.043786 0.024123
0.11348 0.020557
0.064613 0.02538
0.030526 0.024346
0.065301 0.025427
0.13601 0.020914
0.1451 0.022802
0.17048 0.021629
0.10018 0.027769
0.095724 0.026876
0.10062 0.027925
0.1857 0.025035
0.175 0.026694
0.18951 0.028016
0.11771 0.027634
0.10861 0.027849
0.11637 0.02755
0.19561 0.030539
0.12099 0.028567
0.20139 0.0296
0.18054 0.03902
0.11975 0.028851
0.11358 0.029779
0.19747 0.033196
0.11377 0.03033
0.21875 0.026314
0.19196 0.039233
0.11116 0.030384
0.11859 0.030537
0.22686 0.029178
0.12851 0.031534
0.23535 0.027314
0.19132 0.039568
0.12839 0.031351
0.12476 0.031347
0.24138 0.024957
0.11535 0.031378
0.2527 0.026265
0.22129 0.03795
0.11237 0.032004
0.2601 0.021697
0.092096 0.031864
0.26675 0.026386
0.23602 0.037066
0.090765 0.030879
0.26849 0.030326
0.093305 0.033399
0.28015 0.02372
0.10869 0.032778
0.10539 0.033008
0.2845 0.027685
0.24274 0.038534
0.28422 0.029944
0.25615 0.038221
0.12856 0.037268
0.30096 0.028703
0.26397 0.038961
0.30522 0.03153
0.12134 0.034151
0.12585 0.035421
0.12254 0.034242
0.31213 0.032398
0.1113 0.034099
0.32698 0.025747
0.10348 0.034539
0.11126 0.034092
0.10335 0.034582
0.31957 0.031041
0.087017 0.030795
0.32181 0.033371
0.23888 0.039236
0.0933 0.036384
0.078885 0.03022
0.34265 0.026059
0.059419 0.032349
0.34782 0.026347
0.19475 0.039054
0.063815 0.03247
0.047849 0.032231
0.35091 0.026542
0.12878 0.038491
0.33962 0.03696
0.21702 0.040563
0.041249 0.030554
0.031936 0.027793
0.30813 0.03995
0.14604 0.039059
0.34856 0.03596
0.15261 0.039424
0.027956 0.028337
0.026364 0.031437
0.30271 0.038347
0.064786 0.035648
0.36281 0.029201
0.029735 0.036572
0.027699 0.035067
0.029761 0.036668
0.32653 0.038586
0.046202 0.034398
0.20547 0.040216
0.062007 0.039867
0.029851 0.036888
0.030384 0.038052
0.3585 0.03715
0.030546 0.03908
0.356 0.038161
0.074185 0.034156
0.031013 0.039607
0.3589 0.038894
0.041402 0.035701
0.36741 0.037119
0.073514 0.035251
0.03212 0.039719
0.36704 0.038367
0.033864 0.039759
0.33335 0.03802
0.092688 0.039556
0.035782 0.039752
0.03993 0.039873
0.31728 0.039393
0.12823 0.038562
0.37569 0.026631
0.078111 0.038917
0.11063 0.038285
0.07116 0.040481
0.32386 0.039173
0.3761 0.027725
0.28594 0.038595
0.38355 0.022392
0.38292 0.026288
0.37752 0.032947
0.082659 0.039761
0.38488 0.033251
0.29204 0.037778
0.068446 0.040454
0.067328 0.040386
0.40049 0.033071
0.39578 0.035807
0.37849 0.037001
0.38398 0.035518
0.40517 0.039639
0.40485 0.039775
0.39122 0.038744
0.38402 0.0366
0.39197 0.038887
0.4231 0.03705
0.4256 0.021572
0.43578 0.023644
0.45129 0.02062
0.4818 0.02138
0.40781 0.025607
0.45721 0.02269
0.41481 0.030935
0.41534 0.032736
0.45152 0.028705
0.47415 0.021777
0.44832 0.03508
0.45239 0.035507
0.46481 0.027824
0.46977 0.022931
0.44329 0.036381
0.45661 0.03574
0.46157 0.026055
0.46751 0.02591
0.45747 0.035633
0.47522 0.035041
0.47926 0.024786
0.47747 0.029397
0.47501 0.035075
0.47394 0.02528
0.51706 0.021076
0.5022 0.02102
0.57869 0.020303
0.54149 0.022245
0.56266 0.024653
0.48839 0.021307
0.52504 0.027954
0.50051 0.023358
0.49814 0.023947
0.54834 0.028826
0.55433 0.032763
0.4932 0.024126
0.50706 0.027296
0.51443 0.032687
0.54448 0.034017
0.49466 0.026657
0.50635 0.031548
0.50947 0.035216
0.54514 0.036702
0.50507 0.031589
0.49194 0.028111
0.50624 0.035354
0.48512 0.034855
0.48576 0.026535
0.5155 0.035354
0.59544 0.020964
0.59709 0.025301
0.61954 0.028975
0.69979 0.036842
0.60497 0.032788
0.65955 0.038484
0.60801 0.036619
0.56825 0.032416
0.90103 0.038276
0.57857 0.032769
0.57363 0.036438
0.97087 0.037622
0.97115 0.030233
0.56584 0.037794
0.5841 0.036717
0.91867 0.037531
0.63554 0.035288
0.54968 0.036554
0.48504 0.03486
0.64358 0.038592
0.61025 0.03682
0.62942 0.031104
0.96603 0.040325
0.66861 0.037484
0.92646 0.036897
0.96404 0.025657
0.97489 0.026742
0.96839 0.027696
0.96975 0.0286
0.86661 0.037539
0.62449 0.038519
0.63848 0.028661
0.97605 0.027275
0.66089 0.037349
0.97638 0.027323
0.97634 0.027423
0.97623 0.027129
0.63562 0.026162
0.97569 0.026706
0.78399 0.04057
0.95118 0.039075
0.97563 0.026671
0.7754 0.040094
0.97051 0.025453
0.8503 0.04004
0.96933 0.025292
0.97149 0.025584
0.96664 0.025016
0.65848 0.032525
0.95795 0.039666
0.70542 0.037674
0.95778 0.024407
0.96277 0.024682
0.96078 0.024569
0.65846 0.028579
0.93823 0.038789
0.67235 0.033943
0.89558 0.038402
0.95311 0.024368
0.67721 0.038736
0.86387 0.038787
0.72494 0.039427
0.93551 0.025408
0.93337 0.02415
0.93634 0.02547
0.6831 0.038745
0.94401 0.026561
0.68245 0.036135
0.948 0.027627
0.94668 0.027081
0.94795 0.0276
0.6832 0.035702
0.95237 0.029269
0.69507 0.036031
0.83176 0.039262
0.95154 0.029021
0.95615 0.032926
0.69635 0.034309
0.80068 0.037935
0.69318 0.029957
0.94015 0.035415
0.95038 0.034438
0.94194 0.03591
0.6987 0.028592
0.74397 0.038101
0.70059 0.023209
0.73791 0.037881
0.92806 0.033919
0.92605 0.033592
0.70927 0.02668
0.92292 0.033453
0.71904 0.026359
0.7478 0.038392
0.92039 0.033181
0.91608 0.032724
0.73117 0.037241
0.76341 0.039519
0.72943 0.024372
0.81262 0.038844
0.90998 0.031646
0.91335 0.03183
0.7464 0.032732
0.91251 0.031548
0.76076 0.035502
0.78321 0.039186
0.91273 0.031618
0.91162 0.031141
0.74588 0.026284
0.8113 0.038233
0.75766 0.026282
0.7824 0.036885
0.90673 0.031002
0.7728 0.031094
0.79664 0.03875
0.76508 0.025779
0.79415 0.038306
0.88265 0.038762
0.87259 0.039203
0.77745 0.02798
0.80376 0.034365
0.78505 0.027184
0.82211 0.039669
0.87013 0.038324
0.87112 0.039191
0.79171 0.029286
0.87283 0.039155
0.81665 0.034344
0.82116 0.03949
0.87416 0.039035
0.88209 0.038448
0.81772 0.032615
0.84537 0.035979
0.82247 0.032873
0.83753 0.030696
0.87901 0.036369
0.87585 0.035093
0.82075 0.027291
0.84237 0.032335
0.82843 0.023119
0.85591 0.031646
0.87353 0.032697
0.87423 0.030213
0.84316 0.024851
0.86077 0.028756
0.85104 0.023484
0.87708 0.025045
0.87428 0.02796
0.87462 0.02679
0.86733 0.022305
0.88393 0.023717
0.95133 0.020345
0.95081 0.022139
