348
0.064123 0.020918
0.044184 0.024057
0.1122 0.020533
0.06495 0.025481
0.030683 0.02427
0.06559 0.025543
0.13571 0.021004
0.14346 0.022875
0.17004 0.021618
0.099476 0.028257
0.095804 0.027169
0.099858 0.028431
0.18658 0.024649
0.1746 0.026114
0.1905 0.027476
0.11684 0.027249
0.10754 0.028008
0.11538 0.027212
0.19717 0.030025
0.12069 0.028057
0.20273 0.028471
0.17778 0.038751
0.11924 0.028333
0.11209 0.029341
0.19922 0.032326
0.11207 0.029848
0.22482 0.024969
0.19248 0.037559
0.10944 0.030117
0.11765 0.02994
0.23478 0.027541
0.12884 0.031437
0.24508 0.025734
0.19184 0.038561
0.12871 0.031226
0.12485 0.03092
0.25321 0.024124
0.11333 0.030829
0.26573 0.025901
0.23151 0.034179
0.11006 0.031388
0.27371 0.021619
0.091501 0.03226
0.28026 0.02665
0.24602 0.033182
0.090367 0.03125
0.28141 0.03066
0.092916 0.033794
0.29351 0.023896
0.10637 0.033102
0.1035 0.033798
0.29747 0.028012
0.25355 0.034999
0.29679 0.030294
0.26796 0.037966
0.12879 0.036788
0.31122 0.0298
0.27484 0.038902
0.31482 0.03222
0.12027 0.03313
0.12568 0.034815
0.12198 0.033341
0.32156 0.032549
0.10824 0.033672
0.33554 0.026447
0.10162 0.035458
0.1082 0.033681
0.1015 0.035503
0.32945 0.031995
0.086979 0.03056
0.33126 0.034213
0.24918 0.035808
0.093162 0.03664
0.07904 0.030464
0.35026 0.026814
0.061033 0.032431
0.35534 0.026968
0.19599 0.038703
0.064644 0.032632
0.049829 0.031934
0.35811 0.026974
0.12903 0.039586
0.35201 0.03834
0.22797 0.037361
0.042107 0.030395
0.032114 0.02766
0.31487 0.04049
0.14461 0.039691
0.36093 0.036854
0.15285 0.038101
0.028075 0.028211
0.026742 0.031269
0.30805 0.039763
0.065867 0.035827
0.36991 0.028526
0.032978 0.036095
0.029576 0.034804
0.033071 0.036183
0.33485 0.040094
0.049881 0.033997
0.20947 0.036311
0.064288 0.039832
0.033327 0.036382
0.034839 0.037432
0.3689 0.037192
0.035811 0.038382
0.36735 0.039062
0.074385 0.034317
0.037048 0.039059
0.36998 0.039047
0.046811 0.035094
0.37514 0.036264
0.073758 0.035436
0.038987 0.039201
0.37506 0.039744
0.042087 0.039097
0.34507 0.039409
0.092681 0.039741
0.044481 0.039041
0.04925 0.039478
0.32644 0.041251
0.12838 0.039622
0.38351 0.027454
0.077244 0.039108
0.10568 0.039312
0.071807 0.041533
0.33275 0.040674
0.3841 0.028783
0.29328 0.04022
0.40813 0.023121
0.40616 0.028387
0.38682 0.035166
0.081711 0.041049
0.40928 0.036362
0.29781 0.039861
0.069499 0.041937
0.068553 0.04209
0.42597 0.034537
0.42126 0.037273
0.38828 0.040411
0.40548 0.039861
0.42911 0.041856
0.42876 0.042317
0.41606 0.042015
0.40488 0.041307
0.4168 0.042251
0.44442 0.041949
0.44751 0.022074
0.45543 0.02468
0.46751 0.020885
0.48515 0.02239
0.43342 0.026413
0.47124 0.024243
0.43887 0.033506
0.43913 0.035471
0.46764 0.032465
0.48103 0.022995
0.46555 0.040711
0.46861 0.042463
0.47557 0.033718
0.47848 0.025068
0.46144 0.043154
0.47053 0.043983
0.47367 0.030056
0.47717 0.03044
0.47092 0.043934
0.47985 0.04479
0.48369 0.028249
0.48238 0.035986
0.47971 0.044929
0.4809 0.028892
0.50725 0.021756
0.49709 0.021629
0.5505 0.020412
0.52149 0.023164
0.53744 0.025837
0.48933 0.022315
0.51138 0.033576
0.4961 0.025455
0.49475 0.02653
0.52689 0.031968
0.53089 0.036261
0.49202 0.026918
0.50021 0.031483
0.50397 0.039689
0.52188 0.039342
0.49282 0.03104
0.49859 0.038021
0.49947 0.04361
0.52146 0.04363
0.49773 0.038122
0.49109 0.033803
0.49722 0.04422
0.4852 0.045469
0.48788 0.031567
0.50403 0.044399
0.56252 0.021379
0.56389 0.027618
0.58073 0.030642
0.65469 0.040149
0.56871 0.036587
0.61893 0.039567
0.56891 0.041109
0.54265 0.035615
0.8711 0.03566
0.55039 0.037016
0.54708 0.040075
0.96429 0.030181
0.96509 0.025929
0.54005 0.042547
0.55552 0.041186
0.88984 0.035913
0.59382 0.039571
0.52587 0.042053
0.48513 0.045463
0.59909 0.041449
0.56975 0.042142
0.58974 0.033465
0.95342 0.032494
0.62509 0.038546
0.89873 0.034607
0.9522 0.023581
0.9713 0.023958
0.96023 0.024654
0.96254 0.025109
0.82414 0.040792
0.58275 0.041283
0.59596 0.03162
0.97328 0.024271
0.61951 0.037898
0.97383 0.024299
0.97376 0.024358
0.97357 0.024185
0.59441 0.028019
0.97266 0.023937
0.73519 0.042123
0.93175 0.034219
0.97255 0.023916
0.72656 0.040887
0.96384 0.02319
0.79766 0.039112
0.96182 0.023168
0.96551 0.023233
0.95701 0.02309
0.6158 0.032601
0.94255 0.033003
0.65864 0.040029
0.94388 0.022914
0.95015 0.023004
0.94752 0.02296
0.61492 0.028595
0.91016 0.034401
0.62785 0.034083
0.86393 0.036993
0.93694 0.023042
0.63381 0.03791
0.81951 0.039958
0.67545 0.039479
0.91098 0.024236
0.9085 0.023312
0.91197 0.024251
0.64201 0.039287
0.92316 0.02449
0.64041 0.036376
0.92885 0.024985
0.92696 0.024664
0.92878 0.024968
0.64093 0.036114
0.93589 0.026465
0.65142 0.038999
0.77753 0.040011
0.93443 0.026217
0.94165 0.028645
0.65164 0.036958
0.75065 0.041935
0.64822 0.031839
0.91535 0.031129
0.93226 0.029768
0.91924 0.031026
0.65189 0.030314
0.69308 0.036625
0.65334 0.02391
0.68634 0.037784
0.90146 0.032054
0.89956 0.031773
0.66065 0.027244
0.89564 0.031622
0.67044 0.026249
0.69759 0.036627
0.89308 0.031447
0.88934 0.031093
0.6815 0.037179
0.7115 0.040002
0.6809 0.024416
0.75878 0.041098
0.88271 0.030396
0.88648 0.030347
0.69779 0.031433
0.88558 0.030179
0.71061 0.03512
0.73441 0.040338
0.88582 0.030219
0.88461 0.029923
0.69836 0.025694
0.75801 0.040873
0.7103 0.026322
0.73378 0.037842
0.87911 0.029683
0.72516 0.031241
0.74785 0.041009
0.71739 0.025982
0.74528 0.040264
0.85082 0.041734
0.84213 0.042285
0.72978 0.02889
0.75262 0.037396
0.73689 0.027853
0.76933 0.040937
0.83442 0.041392
0.83887 0.041684
0.74277 0.030007
0.84243 0.041972
0.76277 0.035236
0.76809 0.040448
0.84407 0.041653
0.85082 0.039589
0.76407 0.033631
0.79192 0.033543
0.76947 0.034028
0.78342 0.031078
0.84911 0.037838
0.84688 0.036821
0.76805 0.028221
0.78889 0.031054
0.77508 0.02337
0.80441 0.029921
0.84398 0.034542
0.84532 0.031866
0.78967 0.024321
0.81013 0.027854
0.79847 0.023021
0.84901 0.025781
0.84584 0.029277
0.84647 0.02789
0.82237 0.022751
0.85401 0.024163
0.93407 0.020237
0.93324 0.021454
