348
0.075923 0.020645
0.050605 0.023283
0.14019 0.020531
0.077167 0.023811
0.033512 0.02336
0.078131 0.02382
0.16509 0.020915
0.17352 0.022723
0.19934 0.021764
0.12713 0.027096
0.12211 0.025761
0.1276 0.027293
0.21489 0.024652
0.2034 0.026727
0.21904 0.027353
0.14494 0.027018
0.13547 0.027591
0.14334 0.027031
0.22572 0.030316
0.14857 0.027673
0.23115 0.029161
0.2062 0.038841
0.14721 0.027985
0.14023 0.029318
0.22793 0.032877
0.1404 0.029824
0.25051 0.025609
0.22088 0.03761
0.13788 0.03006
0.14597 0.029594
0.25936 0.028657
0.15774 0.03081
0.26793 0.026805
0.22015 0.037785
0.15757 0.030622
0.1532 0.030174
0.27488 0.02464
0.14206 0.030673
0.28655 0.026419
0.25578 0.036126
0.13909 0.0315
0.29373 0.021783
0.11738 0.02926
0.29975 0.026743
0.27001 0.035779
0.11555 0.028289
0.30133 0.0309
0.1196 0.030705
0.31276 0.0239
0.13583 0.032333
0.13293 0.032527
0.31673 0.028053
0.27748 0.037452
0.31638 0.030401
0.29031 0.038875
0.15871 0.036066
0.33277 0.028668
0.29704 0.039696
0.33698 0.031188
0.1492 0.032595
0.15498 0.033858
0.15072 0.032687
0.34362 0.032277
0.13818 0.033561
0.35927 0.025774
0.1315 0.033915
0.13814 0.033558
0.13138 0.033945
0.35136 0.030901
0.11048 0.027717
0.35335 0.033122
0.27344 0.038017
0.12048 0.033101
0.098687 0.026895
0.37433 0.026652
0.070364 0.029199
0.37899 0.026564
0.22457 0.03827
0.075897 0.028905
0.056266 0.029651
0.38176 0.026587
0.15928 0.037667
0.37153 0.038498
0.2508 0.037873
0.047874 0.028378
0.035322 0.026046
0.33866 0.039291
0.17554 0.038377
0.37973 0.036181
0.1833 0.037999
0.030213 0.026492
0.028353 0.02891
0.33355 0.038172
0.076992 0.031086
0.3948 0.028564
0.034053 0.032782
0.030811 0.031721
0.034117 0.032856
0.35805 0.038723
0.055119 0.031335
0.23631 0.038821
0.07314 0.034468
0.034306 0.033025
0.035417 0.03393
0.39162 0.036019
0.035964 0.034726
0.38809 0.037204
0.091171 0.029434
0.036867 0.035208
0.39258 0.037877
0.0504 0.032401
0.40136 0.037767
0.090038 0.030178
0.038632 0.035352
0.40141 0.03974
0.041422 0.035433
0.36549 0.038861
0.12051 0.035487
0.044602 0.035465
0.050781 0.035724
0.34751 0.039025
0.15862 0.037626
0.40698 0.027696
0.096612 0.032645
0.1378 0.037706
0.086002 0.033753
0.35486 0.039227
0.4073 0.028992
0.31742 0.039614
0.41325 0.022826
0.41271 0.027489
0.40859 0.035263
0.10401 0.033522
0.41425 0.03517
0.32356 0.038276
0.081872 0.034167
0.080209 0.034228
0.42897 0.032304
0.42413 0.035769
0.40946 0.040238
0.41349 0.037847
0.43401 0.037857
0.43364 0.03801
0.41936 0.039993
0.41352 0.039016
0.4201 0.039946
0.45342 0.039223
0.45541 0.021827
0.46355 0.024371
0.47704 0.020702
0.50121 0.021786
0.43737 0.025112
0.48233 0.023187
0.44534 0.030567
0.4459 0.032417
0.47726 0.029858
0.49554 0.022301
0.47445 0.03708
0.47842 0.037592
0.4886 0.029884
0.49233 0.023808
0.46972 0.039484
0.48261 0.038748
0.48598 0.027455
0.49064 0.027628
0.48331 0.038693
0.49541 0.039731
0.49929 0.026227
0.49766 0.032261
0.49528 0.039787
0.49538 0.026836
0.53044 0.021292
0.51786 0.021222
0.58774 0.020329
0.55035 0.022513
0.5719 0.024512
0.50664 0.021635
0.53713 0.029796
0.51647 0.024073
0.51451 0.024831
0.55691 0.029075
0.56286 0.032429
0.51043 0.025056
0.52186 0.02866
0.52744 0.035032
0.55322 0.035139
0.51161 0.028131
0.52052 0.033632
0.5224 0.037828
0.55383 0.037949
0.51942 0.033704
0.50922 0.029994
0.5196 0.038223
0.50236 0.039147
0.50461 0.028271
0.52812 0.038378
0.60199 0.021172
0.60334 0.026428
0.6227 0.029758
0.69981 0.039941
0.6085 0.034798
0.65992 0.039029
0.60952 0.039117
0.57751 0.032361
0.90184 0.038912
0.58803 0.033807
0.58366 0.036891
0.9683 0.034943
0.96952 0.028642
0.57533 0.037296
0.59333 0.038761
0.91766 0.038812
0.63728 0.036549
0.55797 0.036749
0.5023 0.039167
0.64471 0.039825
0.61107 0.039434
0.63176 0.032112
0.9613 0.038181
0.66872 0.035867
0.92472 0.037591
0.9611 0.025139
0.97395 0.025695
0.96626 0.026675
0.96786 0.027352
0.86634 0.037648
0.62506 0.039439
0.6401 0.029557
0.97533 0.026145
0.66114 0.037312
0.97571 0.026185
0.97567 0.02627
0.97553 0.026021
0.63764 0.026777
0.9749 0.025664
0.78025 0.039392
0.94721 0.039561
0.97482 0.025634
0.77046 0.039089
0.96877 0.024627
0.8504 0.039478
0.96736 0.024544
0.96993 0.024716
0.96419 0.024432
0.65914 0.032758
0.95281 0.039064
0.70401 0.040007
0.95453 0.024265
0.95958 0.024312
0.95747 0.024294
0.65911 0.028764
0.93632 0.03919
0.67345 0.031983
0.89547 0.038624
0.94997 0.024422
0.68054 0.036839
0.86384 0.03881
0.72445 0.039163
0.93281 0.025536
0.93072 0.024246
0.93362 0.0256
0.68797 0.038882
0.9411 0.026729
0.68709 0.03603
0.945 0.02783
0.94371 0.027267
0.94495 0.027802
0.68758 0.035806
0.94926 0.029466
0.69652 0.039642
0.83076 0.037489
0.94845 0.029224
0.95242 0.032716
0.69742 0.037377
0.7994 0.037787
0.69491 0.032183
0.93782 0.035769
0.94693 0.034809
0.93945 0.036283
0.69932 0.030249
0.74182 0.040435
0.70082 0.023783
0.73669 0.040021
0.92598 0.034426
0.924 0.034191
0.70816 0.027224
0.92096 0.034207
0.71803 0.026176
0.74464 0.040929
0.91872 0.034065
0.91475 0.033801
0.73084 0.03834
0.75679 0.03951
0.72873 0.024555
0.81005 0.038719
0.90913 0.032643
0.91219 0.032963
0.74395 0.034424
0.91139 0.032693
0.75516 0.035983
0.77913 0.038181
0.9116 0.03276
0.91055 0.032286
0.74362 0.027116
0.80877 0.038536
0.75375 0.026825
0.77818 0.036109
0.90606 0.031741
0.76904 0.030709
0.79511 0.038213
0.76078 0.025778
0.79209 0.037813
0.88121 0.038936
0.87176 0.039361
0.77383 0.027795
0.80154 0.034486
0.78185 0.026806
0.81994 0.038057
0.86955 0.038494
0.87042 0.039351
0.78887 0.028661
0.87198 0.039313
0.81386 0.033678
0.81872 0.03798
0.8732 0.03919
0.88063 0.03862
0.81487 0.032009
0.84512 0.035235
0.81998 0.031976
0.8366 0.029928
0.87777 0.036539
0.87508 0.03525
0.81787 0.026879
0.84194 0.031644
0.82658 0.02284
0.85579 0.031556
0.87305 0.032851
0.87388 0.030351
0.8427 0.02459
0.8606 0.02875
0.85074 0.023397
0.87676 0.025114
0.87398 0.028068
0.87433 0.026882
0.86707 0.022323
0.8834 0.023769
0.94824 0.020352
0.94773 0.022188
