348
0.063723 0.020812
0.043985 0.024274
0.11558 0.020545
0.064815 0.024832
0.030729 0.024287
0.065659 0.024887
0.13884 0.020956
0.14761 0.022575
0.17204 0.021857
0.10293 0.027681
0.098996 0.026502
0.10335 0.027904
0.18861 0.024346
0.17645 0.026862
0.19325 0.026732
0.12019 0.0275
0.11133 0.02795
0.11843 0.027409
0.20024 0.029084
0.12401 0.028259
0.20684 0.028365
0.17982 0.037933
0.12264 0.028604
0.11555 0.02958
0.20184 0.031497
0.11551 0.03012
0.22619 0.02608
0.19438 0.036623
0.11321 0.030286
0.12104 0.030354
0.23422 0.029128
0.13232 0.032278
0.243 0.027039
0.19351 0.036833
0.13215 0.032045
0.12796 0.030862
0.24904 0.024663
0.11657 0.031149
0.26176 0.025517
0.22764 0.038106
0.11377 0.031833
0.27045 0.021559
0.094833 0.031138
0.27729 0.026153
0.24189 0.036583
0.093161 0.030116
0.27905 0.029997
0.096269 0.032717
0.29112 0.023647
0.11032 0.033152
0.1069 0.034079
0.29545 0.027544
0.249 0.037603
0.29533 0.029771
0.26491 0.036336
0.13361 0.038756
0.31134 0.028488
0.27342 0.037638
0.31603 0.031072
0.12367 0.033713
0.12947 0.035136
0.12525 0.033694
0.32346 0.031554
0.11231 0.034153
0.33983 0.024765
0.1047 0.035327
0.11228 0.034149
0.10457 0.035334
0.33129 0.029739
0.088816 0.029715
0.33342 0.031664
0.24426 0.038045
0.09603 0.035732
0.080472 0.029797
0.35832 0.025897
0.058509 0.031877
0.36351 0.026368
0.19786 0.036637
0.063735 0.031211
0.047747 0.032722
0.3664 0.026295
0.13407 0.039513
0.3551 0.035967
0.22395 0.039838
0.041621 0.030741
0.032166 0.027716
0.31928 0.039363
0.15138 0.035977
0.36463 0.035772
0.16077 0.039759
0.028109 0.0282
0.026636 0.031221
0.31418 0.038362
0.064754 0.034071
0.37964 0.027841
0.030285 0.036447
0.02812 0.034824
0.030314 0.036547
0.33787 0.036163
0.046046 0.035173
0.21029 0.037645
0.059956 0.038647
0.030412 0.036776
0.030987 0.037997
0.3749 0.035546
0.031176 0.039067
0.37152 0.036988
0.076014 0.033571
0.031668 0.03963
0.37578 0.036783
0.041795 0.036252
0.38636 0.03425
0.075447 0.034613
0.032802 0.039828
0.38612 0.035247
0.034546 0.04001
0.34781 0.035773
0.094963 0.038816
0.036366 0.040152
0.040549 0.040338
0.32775 0.037857
0.13325 0.0393
0.39526 0.026064
0.080684 0.038555
0.11037 0.038618
0.073448 0.039415
0.33452 0.03698
0.39573 0.027083
0.29693 0.037836
0.40294 0.022269
0.4023 0.025953
0.39797 0.03211
0.084631 0.038868
0.40459 0.032813
0.30458 0.038651
0.069781 0.03864
0.068189 0.03862
0.42129 0.03156
0.4163 0.034435
0.39928 0.036174
0.40389 0.034943
0.42624 0.038392
0.42595 0.038383
0.41116 0.037723
0.404 0.036025
0.41207 0.037751
0.442 0.038136
0.44778 0.021632
0.45687 0.023912
0.47177 0.020664
0.50058 0.021618
0.42954 0.025268
0.47777 0.022813
0.43642 0.030583
0.43641 0.032558
0.47172 0.029341
0.49395 0.02198
0.46654 0.035951
0.47025 0.036836
0.48459 0.028175
0.48972 0.023158
0.46143 0.037326
0.47567 0.036542
0.4818 0.02622
0.48759 0.026278
0.47683 0.036435
0.49743 0.037104
0.49846 0.025485
0.49737 0.030639
0.49724 0.037093
0.49375 0.025876
0.52897 0.021492
0.51729 0.021253
0.58015 0.020349
0.54528 0.022799
0.56604 0.02504
0.50583 0.021574
0.53438 0.031589
0.51594 0.024123
0.51389 0.024865
0.55135 0.029558
0.55743 0.033216
0.5099 0.025038
0.52114 0.029101
0.52739 0.037702
0.54615 0.036702
0.51102 0.028173
0.52154 0.034548
0.52442 0.039597
0.54604 0.039315
0.52063 0.034594
0.50908 0.029869
0.52227 0.039149
0.50584 0.037953
0.50378 0.027807
0.52821 0.040822
0.59413 0.021232
0.5954 0.026814
0.61407 0.029544
0.69462 0.037601
0.59961 0.03556
0.653 0.037812
0.60034 0.039896
0.57089 0.033931
0.90092 0.039772
0.58015 0.034699
0.57587 0.038546
0.97067 0.035411
0.96984 0.028941
0.56892 0.039614
0.58438 0.039794
0.91656 0.039233
0.62736 0.036418
0.55085 0.038023
0.50578 0.037948
0.63558 0.039682
0.60333 0.039811
0.62357 0.031949
0.96669 0.038395
0.66198 0.037421
0.92456 0.038622
0.96165 0.025324
0.97413 0.025864
0.96666 0.026908
0.96821 0.027605
0.8689 0.03774
0.61642 0.040686
0.63166 0.029256
0.97546 0.026327
0.65443 0.037289
0.97583 0.026369
0.97579 0.026456
0.97566 0.0262
0.62877 0.026445
0.97504 0.025832
0.78006 0.038844
0.95244 0.039199
0.97497 0.025802
0.77196 0.038047
0.96909 0.024782
0.84916 0.040224
0.96773 0.024702
0.97022 0.024866
0.96464 0.024589
0.6522 0.031931
0.95986 0.03898
0.69977 0.037906
0.95541 0.024422
0.96029 0.024468
0.95823 0.024452
0.65241 0.028124
0.93749 0.039086
0.66553 0.033771
0.89723 0.039364
0.95096 0.024563
0.67032 0.037995
0.8663 0.03898
0.72205 0.038714
0.93373 0.025543
0.93169 0.024208
0.93452 0.025608
0.67701 0.037816
0.94236 0.02674
0.67643 0.035215
0.9461 0.027836
0.94485 0.027273
0.94605 0.027809
0.67726 0.034906
0.95022 0.02966
0.6903 0.036487
0.83085 0.038276
0.94946 0.029341
0.95505 0.033161
0.69145 0.034716
0.79766 0.039142
0.68838 0.030073
0.93915 0.036065
0.94985 0.034928
0.9417 0.036607
0.69349 0.02883
0.74096 0.039276
0.69519 0.023326
0.7355 0.039234
0.92631 0.035106
0.92429 0.034831
0.70355 0.026947
0.92093 0.034694
0.71298 0.026129
0.74512 0.038715
0.91875 0.034385
0.91497 0.033818
0.72851 0.037254
0.76096 0.037427
0.72428 0.024289
0.80949 0.037135
0.90955 0.032499
0.91262 0.032777
0.74144 0.034287
0.91187 0.03251
0.75598 0.034187
0.77906 0.037701
0.91206 0.032565
0.91111 0.032021
0.73945 0.026965
0.80771 0.037259
0.75025 0.025737
0.77834 0.035273
0.90662 0.031985
0.76878 0.0296
0.79401 0.03982
0.75973 0.024869
0.79164 0.039119
0.88631 0.03759
0.87685 0.038379
0.77418 0.027214
0.80046 0.03519
0.78227 0.026686
0.82245 0.037522
0.87333 0.038175
0.87489 0.038508
0.7896 0.028892
0.87711 0.038341
0.81437 0.032871
0.82139 0.037396
0.87855 0.038187
0.88572 0.037378
0.81533 0.031261
0.84355 0.036364
0.82168 0.031618
0.83721 0.030643
0.8822 0.035672
0.87852 0.034611
0.81891 0.026448
0.84147 0.032477
0.8278 0.02279
0.85561 0.031216
0.87465 0.032432
0.87448 0.029988
0.84284 0.024872
0.86098 0.028505
0.85056 0.023406
0.87734 0.024887
0.87431 0.027791
0.87467 0.026638
0.86744 0.022307
0.8846 0.023526
0.94927 0.020356
0.94878 0.022206
