348
0.046511 0.021226
0.033259 0.026789
0.088193 0.02056
0.047161 0.027244
0.02576 0.027892
0.047665 0.027262
0.11198 0.020863
0.1222 0.022604
0.14483 0.021877
0.076483 0.029374
0.073544 0.028239
0.076796 0.029558
0.16088 0.024634
0.14887 0.026657
0.16478 0.027647
0.092669 0.027324
0.083548 0.028739
0.091392 0.02733
0.17141 0.030735
0.096287 0.028129
0.17627 0.029551
0.14997 0.040387
0.094907 0.028415
0.088138 0.029822
0.17334 0.03343
0.088096 0.030351
0.1942 0.02592
0.16652 0.0382
0.085397 0.030891
0.093522 0.030036
0.20308 0.028856
0.10489 0.03041
0.21159 0.027706
0.16579 0.039188
0.10478 0.030244
0.10086 0.030819
0.21708 0.02585
0.089424 0.031194
0.22611 0.027439
0.20008 0.036475
0.086038 0.032169
0.23288 0.021893
0.069967 0.034108
0.23868 0.027529
0.212 0.037835
0.068836 0.032921
0.23973 0.031873
0.071358 0.035874
0.2513 0.024123
0.082287 0.034359
0.079673 0.035376
0.25485 0.028639
0.21671 0.04176
0.25434 0.031055
0.2267 0.042318
0.10464 0.035167
0.26702 0.030536
0.23395 0.042023
0.27031 0.032668
0.095974 0.033245
0.10188 0.034356
0.097625 0.033407
0.27706 0.032147
0.084184 0.03472
0.29154 0.026896
0.078102 0.037357
0.084145 0.034734
0.078008 0.037416
0.28588 0.031771
0.065683 0.032014
0.28789 0.034273
0.21455 0.044194
0.071806 0.039094
0.058702 0.032242
0.30434 0.027644
0.044445 0.037292
0.30917 0.027265
0.17049 0.040095
0.04722 0.036745
0.037152 0.038959
0.31203 0.026953
0.10432 0.039288
0.30478 0.040483
0.1957 0.041135
0.032303 0.037715
0.026578 0.034067
0.27033 0.042005
0.12757 0.039672
0.31225 0.036566
0.13626 0.042402
0.024403 0.035228
0.023772 0.040897
0.26508 0.042269
0.048567 0.040571
0.32434 0.027789
0.027585 0.049012
0.025541 0.047195
0.027645 0.049146
0.29213 0.042393
0.037487 0.042176
0.18169 0.040109
0.047824 0.046443
0.027808 0.049441
0.028766 0.05093
0.32061 0.035928
0.029408 0.052279
0.31742 0.040514
0.055179 0.037102
0.030188 0.053089
0.32059 0.039766
0.035739 0.044513
0.32877 0.034364
0.054816 0.038453
0.031344 0.052857
0.32734 0.039598
0.033314 0.051917
0.30027 0.042309
0.071648 0.04297
0.034828 0.051238
0.037895 0.050724
0.28313 0.042699
0.10368 0.039754
0.34001 0.026883
0.058515 0.042207
0.081544 0.041767
0.054022 0.04596
0.29021 0.042593
0.34061 0.028168
0.254 0.042288
0.36572 0.022842
0.36349 0.027662
0.34343 0.034161
0.06302 0.043812
0.36624 0.034726
0.25721 0.042059
0.052207 0.047361
0.051501 0.048162
0.38513 0.032323
0.37896 0.035052
0.34504 0.039705
0.36104 0.038037
0.38743 0.038002
0.38673 0.039147
0.37338 0.040329
0.35988 0.040123
0.37403 0.040957
0.4098 0.036118
0.41347 0.021466
0.42564 0.023079
0.4433 0.020655
0.46669 0.021661
0.39494 0.02505
0.44796 0.023242
0.4026 0.030231
0.40295 0.031596
0.44285 0.029175
0.46073 0.02216
0.44029 0.035022
0.44416 0.036996
0.45269 0.030274
0.45734 0.023722
0.43437 0.03793
0.44606 0.039476
0.45109 0.027674
0.45558 0.027727
0.44639 0.039336
0.4557 0.039035
0.46453 0.02581
0.46099 0.031464
0.45554 0.039292
0.46056 0.026419
0.49767 0.021146
0.48448 0.021189
0.56265 0.020268
0.5225 0.022106
0.54389 0.024176
0.47295 0.021575
0.50523 0.028037
0.48323 0.023959
0.48127 0.024692
0.52982 0.028648
0.53427 0.032015
0.47705 0.024801
0.48835 0.028395
0.49171 0.033675
0.52398 0.033117
0.47822 0.027751
0.48525 0.033138
0.4851 0.037625
0.52358 0.037933
0.48399 0.033194
0.47523 0.029509
0.4815 0.038296
0.46282 0.038731
0.47058 0.027838
0.49042 0.038395
0.58319 0.020722
0.58583 0.023959
0.61791 0.025842
0.70128 0.040355
0.59741 0.028672
0.66185 0.039884
0.59988 0.031089
0.55054 0.030826
0.92441 0.041524
0.56055 0.031115
0.55522 0.033621
0.97381 0.044388
0.97381 0.034236
0.54522 0.036368
0.56669 0.033311
0.93688 0.047307
0.64187 0.036012
0.52836 0.036496
0.46269 0.038746
0.64788 0.041314
0.60303 0.032072
0.63373 0.028962
0.96979 0.048297
0.66976 0.038418
0.9414 0.047637
0.96844 0.028038
0.97638 0.029515
0.97177 0.030879
0.97274 0.032114
0.87186 0.040453
0.62716 0.032984
0.64202 0.029994
0.9772 0.030268
0.66296 0.03782
0.97743 0.030335
0.97741 0.030476
0.97733 0.030061
0.63976 0.026523
0.97695 0.029464
0.78128 0.040209
0.9591 0.047497
0.9769 0.029415
0.77296 0.040975
0.97328 0.027622
0.84689 0.040005
0.97244 0.027478
0.97397 0.02777
0.97046 0.027099
0.66089 0.032677
0.96463 0.047484
0.70523 0.039582
0.96447 0.026212
0.96754 0.026673
0.9663 0.026476
0.6606 0.028697
0.94687 0.048165
0.67359 0.033673
0.91795 0.039334
0.96105 0.026079
0.68078 0.037926
0.86815 0.040275
0.73035 0.038349
0.94724 0.028154
0.94591 0.026421
0.94778 0.028147
0.6891 0.040389
0.95392 0.028358
0.68701 0.036739
0.95706 0.029505
0.95604 0.028823
0.95702 0.029469
0.6875 0.036505
0.96055 0.032796
0.69776 0.039157
0.83151 0.042058
0.95984 0.032172
0.9636 0.038084
0.69776 0.037121
0.80356 0.041
0.69402 0.032401
0.94976 0.040891
0.95901 0.038882
0.95191 0.04029
0.69731 0.030473
0.74833 0.039165
0.69875 0.023942
0.74391 0.039094
0.94275 0.043052
0.94183 0.042225
0.7062 0.027046
0.93986 0.041065
0.71654 0.025779
0.7503 0.038848
0.93849 0.04002
0.93636 0.038445
0.73647 0.034615
0.75826 0.040425
0.72844 0.023878
0.81231 0.041561
0.93213 0.036298
0.93461 0.036771
0.74808 0.03254
0.93403 0.036371
0.75708 0.035414
0.78108 0.03768
0.93418 0.036469
0.93338 0.035834
0.74729 0.026179
0.81157 0.041351
0.75699 0.026531
0.78099 0.03548
0.92948 0.034527
0.77296 0.030826
0.80005 0.038365
0.76526 0.025505
0.79722 0.036982
0.90086 0.039399
0.89062 0.039305
0.77832 0.028261
0.80546 0.037057
0.78567 0.026653
0.82362 0.041529
0.88264 0.039134
0.88733 0.038454
0.79376 0.028436
0.89107 0.038705
0.81495 0.034883
0.82178 0.040376
0.89316 0.038771
0.9015 0.036911
0.81598 0.033408
0.84183 0.034291
0.82226 0.034107
0.83455 0.032695
0.90013 0.03545
0.89786 0.034612
0.81987 0.028238
0.8395 0.032086
0.82718 0.023496
0.85448 0.029777
0.89518 0.032616
0.89753 0.030379
0.83996 0.024683
0.85969 0.027954
0.84826 0.023129
0.90202 0.025036
0.89839 0.028123
0.89913 0.026905
0.87195 0.022665
0.90773 0.023699
0.95967 0.020462
0.95926 0.022827
