348
0.068973 0.020763
0.048012 0.023927
0.12191 0.020528
0.070138 0.024538
0.032891 0.023606
0.07104 0.024583
0.14509 0.020849
0.15618 0.022031
0.18392 0.021936
0.1083 0.027271
0.10397 0.026346
0.10874 0.02746
0.19897 0.024712
0.18795 0.027301
0.20321 0.027348
0.12658 0.027391
0.11733 0.027568
0.12491 0.027255
0.20962 0.030006
0.13026 0.028255
0.21558 0.029334
0.19079 0.03928
0.1289 0.028555
0.12188 0.029275
0.21083 0.032696
0.12182 0.029794
0.23429 0.025784
0.20366 0.038167
0.11935 0.029863
0.12733 0.03023
0.24287 0.02874
0.13801 0.031811
0.25183 0.026908
0.20289 0.038373
0.13789 0.031608
0.13402 0.030992
0.25796 0.024623
0.12301 0.030833
0.2706 0.025645
0.23511 0.037006
0.11996 0.031368
0.27902 0.021605
0.099616 0.031221
0.2857 0.026344
0.25054 0.036227
0.098155 0.030308
0.28741 0.030311
0.10079 0.032691
0.29905 0.02377
0.11617 0.0324
0.11239 0.032946
0.30325 0.027795
0.25782 0.037446
0.30314 0.030097
0.27365 0.036794
0.13787 0.037949
0.31863 0.028758
0.28191 0.038171
0.32317 0.031399
0.12969 0.033663
0.13483 0.035264
0.13115 0.033723
0.33041 0.031855
0.11836 0.03351
0.3464 0.024851
0.10987 0.034323
0.11832 0.033505
0.10973 0.034343
0.33806 0.029965
0.094122 0.030258
0.34013 0.03192
0.25294 0.037744
0.10028 0.035744
0.086342 0.030065
0.36472 0.02587
0.063347 0.031166
0.36999 0.02629
0.20686 0.038272
0.069039 0.030529
0.05213 0.03201
0.37292 0.026182
0.1381 0.03862
0.36148 0.035969
0.23069 0.039244
0.04553 0.029719
0.034618 0.026556
0.32633 0.039905
0.16055 0.032787
0.37113 0.035549
0.17365 0.037664
0.029743 0.026824
0.027965 0.029339
0.32138 0.038922
0.07027 0.033209
0.38657 0.027501
0.032566 0.033785
0.029864 0.032338
0.032606 0.033872
0.34447 0.036474
0.050461 0.034136
0.21749 0.039253
0.065375 0.037495
0.032736 0.034073
0.033499 0.035154
0.38158 0.035012
0.033782 0.036074
0.37813 0.036515
0.082297 0.033524
0.03442 0.036603
0.3825 0.036179
0.046038 0.034713
0.39366 0.033359
0.081739 0.034502
0.035843 0.0369
0.39341 0.034306
0.038032 0.03726
0.35428 0.035944
0.099049 0.038995
0.040322 0.037602
0.044966 0.038354
0.3346 0.038305
0.13744 0.038562
0.40324 0.025525
0.086619 0.039026
0.11612 0.037546
0.079824 0.039006
0.3412 0.03734
0.40377 0.026444
0.3047 0.038428
0.41184 0.022011
0.41113 0.025291
0.4063 0.030938
0.090069 0.039863
0.41373 0.031282
0.3121 0.039272
0.075852 0.037761
0.074147 0.037441
0.43328 0.029726
0.42759 0.032199
0.40785 0.034544
0.413 0.033191
0.44045 0.036017
0.44005 0.035973
0.42146 0.035245
0.41317 0.034137
0.42261 0.03522
0.45711 0.038403
0.46164 0.021705
0.47004 0.024248
0.48349 0.020777
0.50721 0.02189
0.44311 0.02473
0.48831 0.023373
0.45044 0.030077
0.45075 0.031962
0.4836 0.030934
0.50156 0.022358
0.48006 0.038223
0.48378 0.039743
0.49392 0.029981
0.49815 0.023811
0.47533 0.039073
0.48781 0.039888
0.49161 0.027635
0.49639 0.027616
0.48865 0.039844
0.50397 0.040148
0.50535 0.026448
0.50429 0.032542
0.50382 0.040147
0.50141 0.027005
0.53399 0.021414
0.52203 0.021311
0.58609 0.020333
0.55144 0.022703
0.57192 0.025166
0.51182 0.021792
0.53981 0.030884
0.5207 0.024361
0.5189 0.025225
0.55782 0.029478
0.56427 0.033568
0.51539 0.025575
0.52595 0.029235
0.53171 0.036654
0.55348 0.036323
0.51638 0.028969
0.5256 0.034732
0.52807 0.039227
0.55385 0.038885
0.52461 0.034887
0.51455 0.030989
0.52567 0.039296
0.51076 0.040504
0.51002 0.029029
0.53235 0.03959
0.60095 0.02119
0.60221 0.026599
0.62133 0.029365
0.70008 0.03792
0.60824 0.035212
0.66176 0.038811
0.61032 0.039566
0.57656 0.034048
0.90049 0.039997
0.58642 0.034041
0.58174 0.038174
0.97107 0.036343
0.97042 0.029463
0.57504 0.039963
0.5922 0.038617
0.91809 0.039547
0.63569 0.035934
0.55908 0.037853
0.51071 0.040507
0.64553 0.039221
0.61308 0.039668
0.63113 0.031771
0.96715 0.039083
0.66957 0.038512
0.92507 0.039782
0.9627 0.025335
0.97447 0.026222
0.96742 0.027176
0.96889 0.02799
0.87372 0.03825
0.62594 0.040688
0.63903 0.029039
0.97572 0.026714
0.66277 0.03817
0.97607 0.026758
0.97603 0.026851
0.97591 0.026579
0.63609 0.026268
0.97533 0.026189
0.78558 0.038497
0.95242 0.038186
0.97526 0.026157
0.77745 0.038607
0.96972 0.025054
0.85525 0.039431
0.96844 0.024923
0.97078 0.025155
0.96553 0.024699
0.6599 0.032634
0.96038 0.038859
0.70568 0.038077
0.95626 0.024227
0.96135 0.024431
0.95935 0.024349
0.65951 0.028624
0.93635 0.03943
0.67247 0.034528
0.89661 0.040271
0.95139 0.024235
0.67751 0.039081
0.87153 0.039028
0.72644 0.038339
0.93361 0.025831
0.93175 0.024552
0.93433 0.025859
0.68408 0.039034
0.94192 0.026573
0.68315 0.036232
0.94608 0.027377
0.94471 0.026929
0.94603 0.027355
0.68392 0.035922
0.95062 0.028949
0.69594 0.036975
0.83531 0.039172
0.94976 0.028631
0.95571 0.03254
0.69678 0.035114
0.80401 0.038506
0.69341 0.030578
0.93808 0.035977
0.94993 0.0338
0.9406 0.036148
0.69798 0.029038
0.74606 0.039229
0.69962 0.023386
0.73944 0.038225
0.9267 0.036321
0.92492 0.03579
0.70831 0.026861
0.92212 0.035355
0.71784 0.026213
0.75042 0.03906
0.92016 0.034856
0.91614 0.033962
0.73274 0.036489
0.76631 0.037986
0.72883 0.024229
0.81513 0.039155
0.91044 0.03213
0.91365 0.032764
0.74693 0.034003
0.91287 0.032393
0.76148 0.034709
0.78458 0.03739
0.91308 0.032487
0.91209 0.031839
0.74506 0.02678
0.81363 0.038824
0.75565 0.025948
0.7836 0.035125
0.90739 0.031599
0.77346 0.030047
0.80009 0.038416
0.76478 0.025051
0.79739 0.037447
0.88785 0.040237
0.88089 0.04028
0.77868 0.027393
0.80688 0.034995
0.78649 0.026525
0.82601 0.03922
0.87782 0.039679
0.87926 0.040284
0.79441 0.028288
0.88109 0.040255
0.81913 0.034401
0.82479 0.039131
0.8821 0.040184
0.88738 0.039925
0.81998 0.032543
0.84868 0.036239
0.8254 0.032556
0.84082 0.030802
0.88472 0.037662
0.88192 0.036206
0.82298 0.027065
0.84547 0.032483
0.83137 0.022935
0.85969 0.031157
0.87844 0.033526
0.878 0.030844
0.84619 0.024851
0.86479 0.028526
0.85407 0.023295
0.88067 0.025385
0.87774 0.028445
0.8781 0.027209
0.87099 0.022329
0.88667 0.024022
0.94955 0.020329
0.949 0.022036
