348
0.063864 0.020885
0.043988 0.024152
0.11091 0.020609
0.064731 0.02527
0.030649 0.024289
0.065403 0.025316
0.13255 0.021037
0.14023 0.023136
0.16228 0.022013
0.099513 0.028641
0.095543 0.02741
0.099896 0.028836
0.17578 0.02535
0.16594 0.027564
0.17916 0.028368
0.11509 0.028062
0.10672 0.028827
0.11376 0.028072
0.18524 0.030825
0.11811 0.028832
0.19074 0.028934
0.16604 0.041889
0.11695 0.029183
0.11085 0.030694
0.1869 0.03313
0.11094 0.031271
0.21062 0.026081
0.17854 0.039532
0.10864 0.031617
0.11584 0.031022
0.2185 0.029657
0.12586 0.032243
0.22628 0.027284
0.17779 0.040131
0.12573 0.032046
0.12202 0.031771
0.23308 0.024967
0.11235 0.032242
0.24377 0.026609
0.21601 0.038027
0.10954 0.033198
0.25113 0.0217
0.091505 0.032537
0.25744 0.026393
0.22733 0.036837
0.090343 0.031458
0.25867 0.030216
0.092945 0.034141
0.27177 0.023744
0.10651 0.034323
0.10393 0.034639
0.2759 0.027767
0.23398 0.038367
0.2753 0.029996
0.245 0.039008
0.12601 0.038039
0.29089 0.028601
0.25135 0.03911
0.29484 0.03084
0.11806 0.034486
0.12306 0.036026
0.11945 0.034611
0.30217 0.031191
0.10845 0.035642
0.3192 0.025715
0.10248 0.036298
0.10841 0.035642
0.10237 0.03634
0.31115 0.030117
0.086982 0.03102
0.3132 0.032292
0.23011 0.03943
0.093292 0.037119
0.079397 0.030487
0.33365 0.027003
0.060119 0.032195
0.33853 0.026777
0.18229 0.039533
0.064109 0.032193
0.049025 0.032138
0.34149 0.026709
0.1263 0.040285
0.33228 0.038615
0.21231 0.040153
0.041862 0.030609
0.032076 0.02771
0.29401 0.038138
0.14125 0.041201
0.34139 0.036215
0.14756 0.040981
0.028049 0.028237
0.02662 0.031305
0.28764 0.037833
0.06519 0.035245
0.35403 0.029148
0.03181 0.036235
0.028906 0.034861
0.031877 0.036326
0.31766 0.038264
0.048574 0.034255
0.19645 0.037737
0.063072 0.039368
0.032071 0.036533
0.033211 0.037636
0.35165 0.037369
0.033861 0.038609
0.34888 0.038028
0.074732 0.034099
0.03478 0.039223
0.35262 0.039339
0.045145 0.035528
0.35833 0.038454
0.074042 0.035165
0.036404 0.039385
0.35807 0.040801
0.039046 0.039404
0.32638 0.039033
0.092939 0.04026
0.041568 0.039412
0.046451 0.039858
0.30586 0.038187
0.12571 0.04042
0.36516 0.027592
0.078073 0.039164
0.10753 0.04091
0.071748 0.040381
0.31451 0.038365
0.36549 0.028825
0.27354 0.039353
0.37231 0.022633
0.37169 0.026965
0.36602 0.034717
0.082506 0.040968
0.37281 0.033963
0.27832 0.039174
0.069009 0.040406
0.067889 0.040436
0.38942 0.031926
0.38397 0.0349
0.36626 0.03942
0.37168 0.036391
0.39666 0.039289
0.39634 0.039412
0.37818 0.039106
0.37157 0.037417
0.37908 0.039201
0.41128 0.041666
0.4113 0.022046
0.41967 0.024277
0.43343 0.020707
0.45891 0.021545
0.39717 0.02584
0.43832 0.023149
0.40391 0.03319
0.40481 0.035246
0.43363 0.029921
0.45283 0.021994
0.43174 0.037305
0.43538 0.037737
0.44467 0.02948
0.44904 0.023435
0.42779 0.040227
0.438 0.038293
0.4419 0.027149
0.44709 0.02711
0.43854 0.038115
0.45132 0.036727
0.4567 0.025384
0.45476 0.030534
0.45113 0.036841
0.45265 0.025925
0.49453 0.021072
0.47797 0.021007
0.55413 0.020307
0.51611 0.022362
0.53674 0.024424
0.46562 0.021462
0.50139 0.028629
0.47637 0.023378
0.47421 0.024051
0.52298 0.029283
0.52777 0.032594
0.46989 0.024317
0.48316 0.027073
0.48946 0.03206
0.51629 0.03455
0.47116 0.026876
0.48066 0.031125
0.48232 0.034553
0.51558 0.037653
0.47921 0.031199
0.46845 0.028646
0.47854 0.034967
0.45922 0.036429
0.4633 0.027355
0.48965 0.034947
0.57023 0.02102
0.57198 0.025601
0.59688 0.026802
0.68291 0.038773
0.57749 0.031861
0.64584 0.038078
0.57727 0.035025
0.54315 0.031774
0.90731 0.042391
0.55319 0.032712
0.5485 0.034989
0.9701 0.036432
0.97053 0.029544
0.53914 0.036694
0.55906 0.03603
0.91977 0.042152
0.61871 0.033831
0.52117 0.037206
0.45911 0.036434
0.62726 0.036924
0.57853 0.03525
0.61074 0.028947
0.96447 0.039219
0.65261 0.036885
0.92598 0.040217
0.96289 0.025455
0.97453 0.026291
0.96756 0.027279
0.96901 0.028086
0.8756 0.033466
0.6001 0.03351
0.62074 0.028343
0.97577 0.026789
0.64652 0.0367
0.97612 0.026833
0.97608 0.026927
0.97596 0.026652
0.61798 0.02564
0.97538 0.026257
0.76764 0.036627
0.9499 0.0402
0.97532 0.026225
0.75807 0.038679
0.96983 0.025101
0.85183 0.036165
0.96856 0.024985
0.97088 0.02521
0.96569 0.024782
0.64282 0.031914
0.95651 0.039596
0.68715 0.038736
0.95662 0.02437
0.96152 0.024541
0.95953 0.024472
0.64181 0.028116
0.93627 0.040292
0.65595 0.033064
0.90279 0.042432
0.95198 0.024418
0.66251 0.036901
0.87258 0.033741
0.70615 0.038715
0.93474 0.025925
0.9329 0.024613
0.93545 0.025959
0.67013 0.038496
0.94295 0.026761
0.66883 0.035643
0.94691 0.027633
0.9456 0.027155
0.94686 0.027609
0.66934 0.035401
0.95129 0.02941
0.67974 0.037724
0.83171 0.03592
0.95043 0.029106
0.95493 0.032863
0.68026 0.035815
0.79188 0.033702
0.67735 0.031268
0.93865 0.036126
0.94923 0.034457
0.94079 0.036411
0.68144 0.029616
0.72434 0.038542
0.68299 0.023645
0.71771 0.038409
0.92774 0.036539
0.92609 0.036249
0.69096 0.026788
0.92345 0.036272
0.70129 0.025961
0.72866 0.038229
0.92156 0.036116
0.91876 0.03581
0.71298 0.037288
0.74505 0.039768
0.71231 0.024393
0.80579 0.033659
0.91403 0.034696
0.91663 0.034871
0.72835 0.032472
0.91597 0.034567
0.74231 0.036141
0.76638 0.035543
0.91615 0.034643
0.91529 0.034096
0.72849 0.026178
0.80449 0.033442
0.7399 0.026682
0.76523 0.033777
0.91145 0.0338
0.7545 0.030628
0.78649 0.033582
0.74667 0.026035
0.78247 0.033239
0.89285 0.040844
0.88451 0.037869
0.75955 0.027403
0.79403 0.030938
0.76819 0.025841
0.82051 0.034619
0.88087 0.035392
0.88266 0.037023
0.77728 0.026868
0.88469 0.037775
0.80988 0.030056
0.81843 0.034109
0.88597 0.037978
0.89229 0.039776
0.81123 0.029029
0.846 0.032473
0.81912 0.029808
0.83666 0.029539
0.8895 0.036645
0.8867 0.034532
0.81561 0.025577
0.8425 0.030159
0.82618 0.02252
0.85963 0.028716
0.8836 0.031677
0.88367 0.029503
0.84299 0.023975
0.86627 0.026481
0.85261 0.022663
0.88643 0.024994
0.88358 0.027407
0.88397 0.026372
0.87463 0.02181
0.89225 0.024166
0.95022 0.020347
0.9497 0.022145
