348
0.076986 0.020634
0.051182 0.023219
0.14221 0.020526
0.078253 0.023743
0.033759 0.023298
0.079235 0.023752
0.16735 0.020906
0.17586 0.022695
0.20192 0.021763
0.12901 0.027014
0.12392 0.025689
0.12948 0.027209
0.21737 0.024706
0.20596 0.026743
0.22148 0.027463
0.147 0.026953
0.13744 0.027512
0.14539 0.026964
0.22802 0.030525
0.15067 0.027605
0.23333 0.029428
0.20874 0.038927
0.14929 0.027913
0.14226 0.029227
0.23018 0.033161
0.14242 0.029727
0.25174 0.026021
0.22328 0.037898
0.13988 0.029958
0.14804 0.029506
0.26 0.029467
0.15992 0.030706
0.26767 0.027575
0.22257 0.038066
0.15974 0.03052
0.15534 0.030081
0.27391 0.025013
0.1441 0.03057
0.28513 0.026436
0.25645 0.037502
0.1411 0.031386
0.2925 0.021735
0.11914 0.029135
0.2987 0.026617
0.26891 0.037597
0.11728 0.028174
0.30039 0.030722
0.12139 0.030565
0.31181 0.023945
0.1378 0.032205
0.13487 0.032392
0.31577 0.02822
0.27516 0.038677
0.31545 0.030608
0.28802 0.038514
0.1609 0.03591
0.33115 0.029058
0.29535 0.039191
0.33502 0.031557
0.1513 0.032484
0.15713 0.033729
0.15283 0.032573
0.34136 0.032448
0.14018 0.033424
0.35741 0.026055
0.13342 0.033763
0.14014 0.033421
0.13331 0.033793
0.34941 0.030818
0.11213 0.027602
0.3515 0.033181
0.27163 0.039757
0.12228 0.032931
0.10015 0.026783
0.37084 0.027554
0.071322 0.029029
0.37489 0.02718
0.22689 0.038623
0.076959 0.028744
0.056954 0.029467
0.37731 0.027046
0.16147 0.037495
0.3686 0.040988
0.25181 0.039196
0.048397 0.028217
0.035603 0.025935
0.33584 0.039812
0.17791 0.03819
0.37509 0.037637
0.18574 0.037823
0.0304 0.026375
0.028506 0.028749
0.3314 0.038976
0.078075 0.030886
0.39049 0.028129
0.034311 0.032548
0.031009 0.031509
0.034376 0.032621
0.35695 0.039509
0.055785 0.031118
0.23836 0.039592
0.07415 0.034203
0.034568 0.032786
0.0357 0.033673
0.3869 0.035688
0.036257 0.034455
0.38289 0.037462
0.092507 0.029273
0.037176 0.034927
0.38788 0.037301
0.050972 0.032161
0.39764 0.036777
0.091353 0.030003
0.038974 0.035066
0.39777 0.038523
0.041817 0.035142
0.36392 0.040591
0.12231 0.035287
0.04506 0.03517
0.051361 0.03542
0.34506 0.039086
0.1608 0.037455
0.40355 0.027162
0.098043 0.032436
0.1398 0.037527
0.087247 0.033512
0.35336 0.039531
0.40389 0.028363
0.31694 0.040053
0.41025 0.022668
0.40967 0.02705
0.4059 0.034206
0.10556 0.033309
0.41223 0.03453
0.32253 0.038938
0.083044 0.033916
0.081352 0.033974
0.42673 0.032744
0.42287 0.035971
0.40756 0.03883
0.41187 0.037045
0.43291 0.03875
0.43258 0.038904
0.41916 0.039812
0.41212 0.038192
0.41991 0.039842
0.45023 0.040337
0.4512 0.021921
0.45896 0.024434
0.47277 0.020672
0.4992 0.021773
0.43414 0.025366
0.47816 0.022982
0.44187 0.031172
0.44273 0.033145
0.47299 0.029436
0.49291 0.022149
0.46967 0.036592
0.47354 0.036803
0.48516 0.028982
0.48933 0.023434
0.46492 0.039234
0.47759 0.037595
0.48223 0.026858
0.48744 0.026859
0.47842 0.03748
0.49331 0.038468
0.49711 0.026057
0.49547 0.031732
0.49314 0.038492
0.49274 0.026372
0.52542 0.021498
0.51438 0.021364
0.57747 0.020346
0.54265 0.022764
0.56265 0.024932
0.50416 0.021713
0.53099 0.031441
0.5131 0.024528
0.51132 0.025338
0.54884 0.029741
0.55412 0.033417
0.50761 0.025497
0.51804 0.029788
0.5225 0.037273
0.54448 0.036523
0.50868 0.028915
0.5167 0.035349
0.51827 0.040192
0.54465 0.039575
0.51573 0.03538
0.50652 0.03074
0.51583 0.040459
0.50113 0.039368
0.50231 0.028493
0.52286 0.041075
0.5911 0.021226
0.59241 0.026707
0.61128 0.029891
0.68813 0.039039
0.59736 0.035335
0.65008 0.03981
0.59821 0.039791
0.56762 0.033264
0.90268 0.039651
0.57749 0.034533
0.57275 0.037861
0.96977 0.036201
0.97037 0.029408
0.56515 0.038875
0.5827 0.039648
0.91633 0.039665
0.62617 0.035674
0.54893 0.037997
0.50108 0.039377
0.6346 0.039063
0.59963 0.040035
0.62015 0.031664
0.96413 0.038887
0.65779 0.036496
0.92392 0.037436
0.96264 0.025285
0.97444 0.026199
0.96738 0.027111
0.96885 0.027919
0.86599 0.036554
0.6129 0.03949
0.62931 0.02893
0.97571 0.026689
0.65113 0.03805
0.97606 0.026733
0.97602 0.026825
0.9759 0.026554
0.62665 0.026392
0.97531 0.026165
0.78234 0.039544
0.9494 0.038347
0.97524 0.026133
0.77201 0.037917
0.96968 0.025016
0.84862 0.038825
0.96839 0.024879
0.97075 0.025134
0.96547 0.024655
0.64892 0.033268
0.9557 0.038653
0.69286 0.038701
0.95599 0.024182
0.96126 0.024388
0.95912 0.024303
0.64869 0.029107
0.93696 0.038275
0.66233 0.032523
0.89661 0.038246
0.95114 0.024193
0.66887 0.037006
0.86351 0.037701
0.71691 0.035662
0.93302 0.025289
0.93084 0.024065
0.93387 0.025346
0.67581 0.039044
0.94171 0.026376
0.67511 0.036132
0.94585 0.027389
0.94449 0.026867
0.9458 0.027364
0.67567 0.035902
0.95038 0.028914
0.68485 0.038828
0.82998 0.040345
0.94952 0.028675
0.9542 0.032315
0.68587 0.036646
0.79893 0.037998
0.68363 0.03175
0.93852 0.034991
0.94849 0.033936
0.94038 0.035452
0.68814 0.029827
0.73883 0.036965
0.6897 0.023613
0.73244 0.036146
0.92556 0.03415
0.92342 0.034126
0.69775 0.02651
0.9201 0.034469
0.7091 0.025239
0.74215 0.037634
0.91782 0.034561
0.91432 0.034669
0.72496 0.034447
0.75634 0.03729
0.72213 0.023632
0.81076 0.038197
0.90943 0.033914
0.91213 0.03401
0.74125 0.03211
0.91145 0.03379
0.75433 0.034079
0.78131 0.038182
0.91162 0.033844
0.91073 0.03342
0.74077 0.025959
0.80931 0.037928
0.75247 0.025978
0.78025 0.035975
0.90678 0.03266
0.76961 0.029808
0.79514 0.038734
0.76054 0.025166
0.79251 0.038534
0.88155 0.037575
0.87174 0.038069
0.77473 0.027435
0.80147 0.034499
0.78297 0.026868
0.82146 0.039378
0.86938 0.037286
0.87035 0.038076
0.78961 0.029165
0.87196 0.038022
0.81477 0.033782
0.82035 0.039077
0.87322 0.037894
0.88093 0.037288
0.81576 0.032208
0.84274 0.035551
0.82104 0.032787
0.835 0.030995
0.87786 0.035381
0.87498 0.034206
0.81872 0.027184
0.83951 0.032275
0.82649 0.023202
0.85425 0.030946
0.8727 0.031986
0.87348 0.02965
0.84047 0.024801
0.85922 0.028245
0.84888 0.023274
0.87656 0.024759
0.87359 0.027521
0.87395 0.026414
0.86619 0.022173
0.88371 0.023494
0.9493 0.020331
0.94876 0.022059
