348
0.077316 0.020523
0.047749 0.023194
0.15505 0.020478
0.078765 0.023082
0.031587 0.023887
0.079972 0.02309
0.18472 0.020771
0.19526 0.022243
0.22267 0.021846
0.14059 0.025992
0.13469 0.024624
0.14116 0.026186
0.23604 0.025499
0.2265 0.02724
0.23964 0.028793
0.15999 0.026095
0.15015 0.026933
0.15852 0.026221
0.24615 0.031127
0.16469 0.026454
0.25075 0.029916
0.23019 0.043757
0.16287 0.026768
0.15509 0.028381
0.249 0.033989
0.15523 0.02883
0.26755 0.025999
0.24408 0.040247
0.15246 0.028985
0.16135 0.028193
0.27691 0.027746
0.17726 0.028257
0.28699 0.026014
0.24388 0.042868
0.17698 0.028119
0.17184 0.0284
0.29493 0.024399
0.15719 0.029589
0.30686 0.026228
0.27265 0.035257
0.1539 0.030152
0.31447 0.021687
0.12943 0.027143
0.32041 0.026995
0.28677 0.033574
0.12676 0.026593
0.32126 0.030989
0.13309 0.028384
0.33434 0.02397
0.15121 0.031322
0.14912 0.031539
0.33818 0.028988
0.29458 0.036449
0.33749 0.031357
0.30789 0.039016
0.18106 0.031825
0.34916 0.031178
0.31497 0.040697
0.35213 0.033334
0.16631 0.03037
0.17618 0.030938
0.16876 0.030392
0.35875 0.032012
0.15327 0.031981
0.37459 0.026213
0.14844 0.032661
0.15324 0.031986
0.14834 0.032675
0.36797 0.031085
0.12021 0.026218
0.3698 0.033041
0.29095 0.039975
0.13634 0.030482
0.10602 0.025624
0.38779 0.027514
0.071496 0.027365
0.39277 0.027151
0.24917 0.044734
0.078289 0.026937
0.05455 0.028473
0.39596 0.027287
0.18645 0.035806
0.38571 0.039799
0.26848 0.043429
0.043653 0.028342
0.0327 0.026864
0.34944 0.044096
0.20781 0.038659
0.39536 0.037126
0.21751 0.041576
0.028421 0.02757
0.027018 0.030577
0.3442 0.044365
0.083217 0.028305
0.40606 0.029939
0.033528 0.034926
0.030009 0.034244
0.033624 0.034988
0.37233 0.040822
0.055172 0.029991
0.25918 0.043951
0.083147 0.03056
0.03389 0.035116
0.035484 0.035743
0.40293 0.039639
0.036533 0.036407
0.40005 0.04506
0.09978 0.027146
0.037866 0.036785
0.40243 0.044889
0.051124 0.031605
0.40741 0.038288
0.099649 0.027618
0.039978 0.036561
0.40501 0.046944
0.044189 0.035911
0.3811 0.043614
0.14075 0.034332
0.047756 0.035423
0.055104 0.034312
0.3611 0.04336
0.18639 0.036596
0.41981 0.027762
0.11143 0.029923
0.15511 0.038376
0.10544 0.031484
0.37024 0.04221
0.4204 0.029327
0.33442 0.042863
0.44014 0.022955
0.43771 0.028529
0.42185 0.036834
0.1243 0.032844
0.43882 0.035208
0.33779 0.043898
0.10072 0.031831
0.098531 0.032068
0.45657 0.034276
0.4522 0.037279
0.42122 0.045687
0.4288 0.043818
0.45836 0.040567
0.45726 0.042416
0.447 0.04367
0.42642 0.051243
0.44788 0.047559
0.47684 0.050803
0.47879 0.022755
0.48544 0.025508
0.49563 0.021095
0.50877 0.022644
0.46745 0.025828
0.49864 0.025494
0.47359 0.035596
0.47381 0.037745
0.49537 0.035312
0.50554 0.023761
0.49294 0.044627
0.4954 0.047748
0.50143 0.038177
0.50385 0.02663
0.48892 0.050895
0.49648 0.051788
0.50053 0.033214
0.50298 0.033844
0.49676 0.051568
0.50238 0.054053
0.50743 0.029654
0.50552 0.039948
0.50227 0.05456
0.50546 0.031192
0.52997 0.022252
0.52264 0.021794
0.56289 0.020572
0.54154 0.024306
0.55318 0.027531
0.51359 0.022128
0.53351 0.036989
0.52171 0.025817
0.52022 0.026663
0.54512 0.036702
0.5471 0.041612
0.5169 0.026291
0.52499 0.03373
0.52707 0.044089
0.54126 0.04662
0.51785 0.030389
0.52364 0.040402
0.52411 0.04805
0.54029 0.057854
0.52269 0.039909
0.5154 0.032427
0.52113 0.046734
0.50546 0.053471
0.51174 0.031229
0.52678 0.0539
0.57245 0.021425
0.57391 0.027745
0.58918 0.032646
0.65707 0.045926
0.58232 0.038339
0.62293 0.043806
0.58579 0.04554
0.55705 0.039882
0.85619 0.034854
0.5616 0.043612
0.55923 0.047482
0.96581 0.03314
0.96862 0.02795
0.5541 0.049612
0.56414 0.051626
0.87562 0.034181
0.60755 0.041666
0.54306 0.05312
0.50541 0.053528
0.61541 0.05486
0.58714 0.051225
0.59822 0.032527
0.95265 0.034878
0.62887 0.041755
0.88744 0.032492
0.95941 0.02437
0.97359 0.025369
0.96538 0.025973
0.967 0.026687
0.80009 0.04191
0.59404 0.042944
0.60532 0.032938
0.97504 0.025793
0.62303 0.04063
0.97545 0.025831
0.9754 0.025911
0.97526 0.025676
0.60288 0.028145
0.97459 0.02534
0.71618 0.042567
0.92721 0.033071
0.97451 0.025312
0.70998 0.043351
0.96809 0.024236
0.78342 0.043957
0.9666 0.02412
0.96932 0.024361
0.96309 0.023887
0.6201 0.035131
0.94004 0.033563
0.66012 0.045308
0.95146 0.023309
0.9576 0.023614
0.95501 0.023487
0.61904 0.030651
0.90186 0.032267
0.63092 0.035551
0.84922 0.03433
0.94546 0.023071
0.63761 0.038265
0.79705 0.042914
0.67347 0.049905
0.91615 0.02346
0.91304 0.022657
0.91741 0.023478
0.64875 0.043344
0.93047 0.023979
0.64445 0.03794
0.93748 0.024749
0.93511 0.024378
0.93739 0.02473
0.64495 0.037655
0.94409 0.026434
0.65397 0.041524
0.76806 0.043503
0.94298 0.026111
0.94613 0.029115
0.6536 0.039145
0.73967 0.042571
0.64974 0.033338
0.91676 0.028773
0.93665 0.029287
0.92171 0.028769
0.65187 0.031575
0.6871 0.048767
0.65291 0.024448
0.6844 0.04919
0.89648 0.029684
0.89493 0.029401
0.65955 0.029061
0.89133 0.029123
0.66666 0.029145
0.68851 0.045937
0.88911 0.02901
0.88569 0.028913
0.67871 0.042217
0.69539 0.044272
0.67361 0.026052
0.74821 0.04227
0.87711 0.029105
0.88273 0.028603
0.68666 0.038234
0.88159 0.028572
0.6934 0.037914
0.71601 0.038168
0.8819 0.028576
0.88047 0.028474
0.68606 0.029207
0.74715 0.041392
0.69274 0.027814
0.71577 0.035954
0.87355 0.028698
0.70862 0.03165
0.73622 0.038459
0.70127 0.025584
0.73288 0.036974
0.82721 0.036976
0.81765 0.037504
0.71323 0.028708
0.7407 0.036208
0.72038 0.026909
0.7605 0.043017
0.81075 0.037753
0.81496 0.036669
0.72854 0.028385
0.81887 0.036287
0.75106 0.034446
0.75874 0.040516
0.82068 0.036263
0.83196 0.032906
0.75195 0.033064
0.77782 0.035074
0.75826 0.034233
0.77011 0.032627
0.83168 0.031741
0.82959 0.031013
0.75557 0.028121
0.77493 0.032073
0.76237 0.023605
0.78799 0.031494
0.82805 0.029714
0.8324 0.027955
0.77508 0.024702
0.79219 0.029155
0.78314 0.023563
0.84006 0.023993
0.83475 0.026333
0.8358 0.025415
0.80413 0.022601
0.84689 0.022902
0.94297 0.020232
0.94218 0.021419
