348
0.073399 0.020673
0.04921 0.023448
0.13554 0.020543
0.07459 0.023977
0.032912 0.023518
0.075513 0.023986
0.15992 0.020939
0.16811 0.0228
0.19325 0.021802
0.12278 0.027281
0.11788 0.025925
0.12324 0.027482
0.20857 0.024703
0.19722 0.026852
0.21267 0.027424
0.14018 0.027168
0.13093 0.027766
0.13862 0.027183
0.2193 0.030396
0.14375 0.027832
0.2247 0.029218
0.19998 0.039151
0.14241 0.028153
0.13558 0.029525
0.22149 0.032969
0.13574 0.030042
0.24399 0.025607
0.21449 0.037771
0.13328 0.030287
0.14119 0.029797
0.25286 0.028628
0.15274 0.03105
0.26147 0.026765
0.21377 0.037951
0.15257 0.030857
0.14829 0.030383
0.26848 0.0246
0.13736 0.030907
0.28027 0.026333
0.24928 0.036089
0.13446 0.031758
0.28756 0.021753
0.1133 0.029545
0.29368 0.026602
0.26356 0.035675
0.11153 0.028551
0.29529 0.03066
0.11544 0.031023
0.30705 0.023782
0.13128 0.032616
0.12845 0.032822
0.31113 0.027767
0.2711 0.037283
0.31078 0.030036
0.28409 0.038592
0.15369 0.03643
0.32798 0.028167
0.29093 0.039319
0.33243 0.030448
0.14436 0.032855
0.15003 0.03415
0.14585 0.032945
0.33959 0.031299
0.13358 0.033867
0.35683 0.025088
0.12704 0.03425
0.13354 0.033864
0.12693 0.034282
0.34812 0.02986
0.10662 0.02798
0.35037 0.031792
0.26702 0.037874
0.11629 0.033484
0.095233 0.027165
0.37446 0.025845
0.068074 0.029607
0.37995 0.025939
0.21815 0.038418
0.073373 0.029294
0.0546 0.030122
0.38285 0.02606
0.15425 0.038071
0.37197 0.035977
0.24429 0.037864
0.046611 0.028796
0.034642 0.026333
0.33422 0.037949
0.17009 0.038899
0.38152 0.034713
0.17763 0.038497
0.029759 0.026794
0.027982 0.029324
0.3288 0.037095
0.074422 0.031568
0.39634 0.028038
0.03343 0.033385
0.030331 0.032267
0.03349 0.033463
0.35578 0.036552
0.053507 0.031891
0.22982 0.038906
0.070733 0.035103
0.033671 0.03364
0.034733 0.03459
0.39306 0.035333
0.035256 0.035426
0.3897 0.036432
0.088021 0.029831
0.036118 0.035934
0.39397 0.037009
0.049015 0.033026
0.40268 0.035988
0.086933 0.030607
0.037805 0.03609
0.4026 0.037756
0.040468 0.036183
0.36464 0.03624
0.11633 0.03594
0.043495 0.036226
0.049378 0.036515
0.34399 0.037357
0.15359 0.038024
0.40988 0.026675
0.093243 0.03315
0.1332 0.038107
0.083061 0.034339
0.35222 0.037182
0.41026 0.027782
0.31185 0.0389
0.41726 0.022539
0.41663 0.026694
0.41185 0.033189
0.10036 0.034019
0.41889 0.033778
0.31823 0.037461
0.079098 0.034777
0.077503 0.034843
0.43347 0.032341
0.42906 0.035737
0.4131 0.037513
0.41818 0.036086
0.43855 0.037824
0.4382 0.037977
0.42491 0.039128
0.41832 0.037146
0.42559 0.039215
0.45841 0.039266
0.45969 0.021828
0.46793 0.024297
0.48185 0.020684
0.50654 0.021751
0.44171 0.025117
0.48722 0.023112
0.44982 0.030579
0.45049 0.032419
0.48209 0.029616
0.50077 0.022253
0.48 0.036632
0.48431 0.037137
0.49363 0.029696
0.49742 0.023725
0.47534 0.039014
0.4885 0.038268
0.49094 0.027266
0.4957 0.027459
0.48919 0.038217
0.50156 0.039312
0.5046 0.026102
0.50317 0.032004
0.50142 0.039383
0.5006 0.026693
0.53762 0.021231
0.52381 0.021135
0.59485 0.020285
0.55753 0.022593
0.57708 0.02465
0.51203 0.021597
0.54462 0.029631
0.52222 0.023805
0.52003 0.02455
0.56398 0.029749
0.56965 0.033776
0.51586 0.024839
0.52824 0.027908
0.53461 0.033935
0.56139 0.035863
0.51705 0.027747
0.527 0.032513
0.52936 0.036225
0.56237 0.038862
0.52582 0.032635
0.51466 0.02961
0.52638 0.036776
0.50831 0.038741
0.50998 0.028106
0.53563 0.037125
0.61006 0.021147
0.61144 0.026332
0.63219 0.028735
0.71078 0.039707
0.61739 0.034069
0.67543 0.039435
0.61886 0.038104
0.58236 0.03179
0.90566 0.040561
0.59509 0.031884
0.58983 0.034655
0.97061 0.037082
0.97087 0.029914
0.58026 0.037113
0.60226 0.036784
0.91997 0.039883
0.6506 0.034413
0.566 0.038067
0.50824 0.03876
0.66043 0.037837
0.62049 0.038384
0.64276 0.030604
0.96544 0.039872
0.6825 0.03687
0.9272 0.038246
0.96353 0.025608
0.97473 0.026535
0.96803 0.027531
0.96942 0.028382
0.87051 0.037792
0.6364 0.03768
0.6521 0.028429
0.97593 0.027052
0.67611 0.03771
0.97626 0.027098
0.97622 0.027195
0.97611 0.026909
0.64924 0.02595
0.97555 0.0265
0.7911 0.037457
0.95136 0.039855
0.97549 0.026466
0.78021 0.039429
0.97021 0.025302
0.85564 0.041618
0.96899 0.025164
0.97122 0.025412
0.96622 0.024934
0.67312 0.032881
0.9577 0.039836
0.71508 0.039394
0.95738 0.024452
0.96221 0.024659
0.96031 0.024575
0.67221 0.02882
0.93876 0.039454
0.68611 0.032916
0.9 0.039742
0.95278 0.024473
0.69241 0.038163
0.86795 0.039161
0.7361 0.039936
0.93551 0.02562
0.93349 0.02433
0.93629 0.025676
0.69904 0.040109
0.94386 0.026708
0.6983 0.037124
0.94778 0.027739
0.94648 0.027202
0.94773 0.027712
0.69875 0.036842
0.95209 0.029523
0.70738 0.039705
0.84143 0.041368
0.95125 0.029226
0.95585 0.033086
0.70829 0.037331
0.81152 0.036991
0.7059 0.032362
0.94056 0.035799
0.95034 0.034681
0.94242 0.036248
0.71033 0.030134
0.75135 0.040826
0.71186 0.023723
0.74598 0.04072
0.92865 0.034898
0.92675 0.034753
0.71947 0.026923
0.92378 0.034887
0.72985 0.02603
0.75519 0.040195
0.92152 0.034829
0.9179 0.034699
0.74197 0.039485
0.76965 0.041759
0.74051 0.024885
0.8228 0.039684
0.91283 0.033824
0.91561 0.033908
0.75452 0.033874
0.9149 0.033648
0.76745 0.037469
0.7897 0.036293
0.91508 0.033713
0.91416 0.033249
0.75437 0.026853
0.8216 0.0393
0.76517 0.027252
0.78841 0.034487
0.91011 0.033079
0.77785 0.031464
0.80707 0.036956
0.77116 0.026717
0.80382 0.036445
0.88508 0.038963
0.87523 0.03982
0.78265 0.027694
0.81344 0.034108
0.79178 0.026073
0.83226 0.040767
0.87337 0.038596
0.87399 0.039806
0.79967 0.027917
0.87545 0.039699
0.82565 0.034813
0.8311 0.040375
0.87662 0.03943
0.88454 0.038605
0.82634 0.033122
0.85173 0.037217
0.83118 0.033685
0.84461 0.031889
0.88182 0.036532
0.87936 0.035254
0.82878 0.027727
0.84899 0.033682
0.83631 0.023349
0.86123 0.032182
0.8778 0.03286
0.87915 0.030353
0.84956 0.025375
0.86616 0.029001
0.85661 0.023683
0.88221 0.02511
0.87938 0.028069
0.87976 0.026882
0.87254 0.022348
0.88893 0.023758
0.95105 0.020352
0.95053 0.022177
