348
0.068902 0.020831
0.047815 0.023718
0.12013 0.020548
0.0699 0.024935
0.032437 0.023674
0.070672 0.024968
0.1449 0.020822
0.15464 0.022645
0.18011 0.021688
0.10676 0.027779
0.10222 0.026937
0.1072 0.027929
0.19552 0.024796
0.18454 0.026681
0.19961 0.027518
0.12435 0.027294
0.11524 0.027806
0.12302 0.027281
0.20611 0.029628
0.12754 0.028001
0.21242 0.02861
0.18731 0.038733
0.1263 0.02834
0.12027 0.02961
0.20778 0.031964
0.12046 0.030132
0.23235 0.025589
0.20057 0.037741
0.11784 0.030369
0.12524 0.029994
0.24141 0.028334
0.13633 0.030154
0.25064 0.026904
0.19976 0.038163
0.13619 0.030004
0.13191 0.030283
0.25695 0.024801
0.12201 0.031026
0.26835 0.026276
0.23485 0.035925
0.11905 0.031864
0.2758 0.021726
0.098662 0.032028
0.28212 0.026513
0.25115 0.036158
0.097352 0.031061
0.2838 0.030593
0.099895 0.033534
0.29517 0.023899
0.11545 0.032715
0.11223 0.032851
0.29918 0.028098
0.2581 0.038032
0.29893 0.030473
0.27187 0.038418
0.13621 0.035113
0.3153 0.028253
0.27955 0.039293
0.31989 0.030611
0.12771 0.033119
0.13301 0.033806
0.12909 0.033085
0.32763 0.031376
0.11801 0.034002
0.34339 0.025883
0.11049 0.03438
0.11796 0.033999
0.11036 0.034424
0.33576 0.030423
0.093709 0.030975
0.33823 0.032898
0.25413 0.038444
0.099965 0.036503
0.085732 0.029806
0.35736 0.027139
0.064442 0.031501
0.36167 0.027208
0.20383 0.037361
0.068881 0.031463
0.052833 0.031248
0.36424 0.027234
0.13645 0.036166
0.35493 0.039794
0.22959 0.038017
0.045395 0.029408
0.034104 0.026633
0.32246 0.03811
0.15532 0.038123
0.36175 0.038039
0.16184 0.038853
0.029401 0.027056
0.027689 0.029679
0.31617 0.03725
0.069755 0.034343
0.37599 0.02908
0.032936 0.033991
0.029951 0.032752
0.032995 0.034073
0.3437 0.038951
0.051816 0.033134
0.21609 0.037843
0.066655 0.038371
0.033168 0.034263
0.034192 0.035286
0.37089 0.037673
0.034695 0.036176
0.36811 0.039192
0.080268 0.033082
0.035526 0.036734
0.37115 0.0394
0.047633 0.034032
0.38025 0.036843
0.079418 0.034014
0.037151 0.036948
0.3798 0.038073
0.039674 0.037126
0.35008 0.039763
0.099409 0.039703
0.042493 0.037262
0.047971 0.037825
0.33348 0.038118
0.13578 0.036309
0.38904 0.026484
0.084032 0.037916
0.11743 0.038201
0.076375 0.038505
0.3408 0.03895
0.38946 0.027551
0.29993 0.039549
0.39716 0.022322
0.3965 0.026108
0.39084 0.03264
0.088792 0.039388
0.39848 0.032855
0.30545 0.038283
0.073413 0.038725
0.07221 0.038672
0.4145 0.032924
0.40973 0.03551
0.39176 0.036582
0.39752 0.035057
0.41921 0.039608
0.4189 0.03973
0.40506 0.038294
0.39754 0.036106
0.40584 0.03845
0.43673 0.038092
0.4391 0.021689
0.44837 0.024098
0.4618 0.020716
0.48834 0.021584
0.42188 0.025637
0.46692 0.023099
0.42881 0.031224
0.42932 0.033092
0.46199 0.030049
0.48167 0.02204
0.45923 0.037425
0.46274 0.037895
0.47354 0.02899
0.47786 0.023366
0.45488 0.038877
0.4664 0.038137
0.47072 0.026965
0.47589 0.026787
0.46715 0.038009
0.4826 0.037266
0.48612 0.025493
0.48456 0.030785
0.48242 0.037305
0.48148 0.026062
0.51883 0.021254
0.50605 0.021182
0.57459 0.020331
0.53978 0.02252
0.55933 0.024963
0.49408 0.021502
0.52567 0.029293
0.5046 0.023888
0.50256 0.024563
0.54611 0.029667
0.5517 0.03378
0.49827 0.024756
0.51023 0.028483
0.51657 0.03477
0.54257 0.035567
0.49955 0.02768
0.50962 0.033422
0.5123 0.037686
0.5432 0.038506
0.50852 0.033458
0.49717 0.029341
0.50953 0.037843
0.49123 0.037049
0.49179 0.027501
0.51749 0.037882
0.58885 0.021189
0.59019 0.026566
0.60865 0.030245
0.69408 0.038107
0.5964 0.035597
0.65333 0.035512
0.59838 0.040183
0.56481 0.033134
0.90015 0.038751
0.57486 0.033983
0.57035 0.037318
0.97033 0.037135
0.9709 0.029953
0.56273 0.038888
0.58071 0.039151
0.91785 0.037716
0.62385 0.033836
0.54744 0.038045
0.49116 0.037055
0.63312 0.035735
0.6 0.04042
0.61741 0.031006
0.96501 0.03978
0.66424 0.03517
0.92603 0.036641
0.96359 0.02552
0.97475 0.026558
0.96807 0.02749
0.96946 0.028363
0.86711 0.037499
0.61138 0.039809
0.62785 0.027515
0.97594 0.027076
0.65497 0.034632
0.97627 0.027123
0.97624 0.02722
0.97612 0.026934
0.62462 0.025564
0.97557 0.026522
0.77942 0.039075
0.95085 0.038746
0.97551 0.026488
0.76934 0.038234
0.97025 0.025304
0.85011 0.037566
0.96903 0.025148
0.97125 0.025432
0.96627 0.024887
0.65191 0.030466
0.95695 0.039246
0.69958 0.038144
0.95717 0.024317
0.96228 0.024573
0.96024 0.024467
0.65185 0.027168
0.93884 0.038372
0.66832 0.032359
0.8944 0.038697
0.95243 0.024292
0.6745 0.037816
0.86486 0.038393
0.72072 0.039541
0.93453 0.025283
0.93233 0.024049
0.93538 0.025347
0.68072 0.039274
0.94319 0.026447
0.67994 0.036435
0.94725 0.027515
0.94591 0.026971
0.9472 0.027488
0.68052 0.036131
0.95168 0.029111
0.69024 0.037852
0.82837 0.037117
0.95084 0.028863
0.95544 0.032673
0.69131 0.035788
0.79777 0.038163
0.68862 0.031238
0.94024 0.035098
0.9499 0.034228
0.94204 0.035602
0.69345 0.029322
0.73832 0.03904
0.69512 0.023432
0.73281 0.038516
0.92736 0.033641
0.92523 0.033409
0.70375 0.026671
0.92195 0.033411
0.71375 0.026329
0.74162 0.039537
0.91929 0.03325
0.91501 0.032971
0.72639 0.03755
0.75537 0.039091
0.724 0.024434
0.80861 0.039394
0.90904 0.0321
0.91232 0.032166
0.74045 0.033482
0.91149 0.031908
0.75314 0.035495
0.77848 0.037745
0.9117 0.031973
0.91062 0.031522
0.73997 0.026647
0.80737 0.039006
0.7509 0.026426
0.77753 0.035588
0.90589 0.031395
0.76684 0.030068
0.7937 0.038534
0.75838 0.025538
0.79081 0.037825
0.88113 0.039159
0.8723 0.03955
0.77203 0.027282
0.8001 0.034793
0.78034 0.026676
0.81775 0.038637
0.87018 0.038661
0.87105 0.039536
0.78738 0.028845
0.87251 0.039502
0.81201 0.034346
0.81672 0.038622
0.87365 0.039383
0.8806 0.038837
0.81291 0.032534
0.84374 0.034009
0.8177 0.032275
0.83447 0.029437
0.87793 0.036719
0.87534 0.035407
0.8157 0.027086
0.84002 0.03084
0.82421 0.022831
0.85566 0.030632
0.8733 0.032976
0.87407 0.030453
0.84086 0.024261
0.86085 0.02831
0.84987 0.023052
0.87692 0.025167
0.87417 0.028147
0.87451 0.02695
0.86732 0.0223
0.88348 0.023814
0.95063 0.020339
0.9501 0.022102
