348
0.077126 0.020724
0.053278 0.023234
0.13135 0.020572
0.078343 0.024283
0.035177 0.023045
0.079285 0.024298
0.15341 0.0209
0.16388 0.022177
0.18984 0.022
0.11925 0.028181
0.11532 0.02687
0.11965 0.028386
0.20468 0.024632
0.19377 0.027457
0.20911 0.027116
0.13583 0.027757
0.12697 0.028309
0.13423 0.027702
0.21579 0.029472
0.13935 0.028651
0.22203 0.028689
0.19656 0.039491
0.13805 0.028952
0.13132 0.03004
0.21712 0.031974
0.13127 0.030605
0.24284 0.025545
0.20971 0.03756
0.12887 0.03077
0.13654 0.030689
0.25123 0.028941
0.14669 0.032456
0.25956 0.0272
0.2089 0.037808
0.14659 0.032241
0.14294 0.031554
0.26558 0.024701
0.13232 0.031649
0.2783 0.025504
0.24535 0.036347
0.12932 0.032389
0.28707 0.021515
0.11143 0.031372
0.29428 0.02612
0.25971 0.036931
0.11004 0.030224
0.29623 0.030173
0.11254 0.033094
0.30727 0.024059
0.12574 0.03365
0.12262 0.034403
0.31111 0.028544
0.26682 0.037671
0.31104 0.031065
0.28276 0.036137
0.14638 0.038922
0.32576 0.028646
0.29167 0.037078
0.33057 0.030898
0.1386 0.034306
0.14355 0.036051
0.14001 0.034387
0.33839 0.031533
0.12753 0.034777
0.35353 0.025514
0.12044 0.036044
0.12749 0.034773
0.12031 0.036075
0.3462 0.03037
0.10587 0.029582
0.34834 0.032609
0.26244 0.038463
0.11219 0.036123
0.096574 0.028592
0.36918 0.027012
0.071392 0.030136
0.3736 0.027466
0.21311 0.03747
0.07723 0.029989
0.058423 0.030107
0.37606 0.027386
0.14659 0.039633
0.36638 0.038902
0.24025 0.037852
0.05029 0.028069
0.037211 0.025524
0.33425 0.038685
0.16791 0.033773
0.37405 0.038492
0.17999 0.038788
0.031472 0.025787
0.029378 0.027932
0.32852 0.038308
0.078539 0.032456
0.3874 0.029236
0.034879 0.031644
0.03165 0.03046
0.034929 0.031716
0.35274 0.03834
0.056593 0.031757
0.22473 0.037795
0.073908 0.036119
0.035088 0.031884
0.036023 0.032784
0.38287 0.038283
0.036387 0.033554
0.37951 0.040097
0.091408 0.031671
0.037161 0.033988
0.38354 0.039862
0.051218 0.032187
0.39291 0.037249
0.09064 0.032559
0.038865 0.034211
0.3927 0.038449
0.041506 0.03447
0.36099 0.038571
0.11127 0.039107
0.044362 0.03471
0.050166 0.035238
0.34405 0.038455
0.14597 0.03956
0.40027 0.027309
0.096721 0.036224
0.12522 0.039296
0.087925 0.036723
0.35001 0.038538
0.40064 0.028534
0.31262 0.04003
0.40668 0.022705
0.40614 0.027108
0.40246 0.034515
0.10124 0.037337
0.40795 0.035001
0.31872 0.039919
0.084034 0.036083
0.082366 0.03599
0.42256 0.032706
0.41779 0.03605
0.40359 0.039299
0.40731 0.037573
0.42688 0.03954
0.42655 0.039604
0.41313 0.040064
0.40739 0.038802
0.41391 0.040032
0.44308 0.038371
0.44814 0.021661
0.45723 0.024159
0.47047 0.020781
0.49432 0.021778
0.4306 0.02556
0.47532 0.023331
0.43697 0.030975
0.43697 0.032975
0.47058 0.030983
0.48871 0.022264
0.46762 0.038485
0.47162 0.039731
0.48086 0.029956
0.48532 0.023791
0.46319 0.038914
0.47562 0.039591
0.47844 0.027567
0.48346 0.027618
0.47631 0.039505
0.49136 0.038999
0.49244 0.026107
0.49146 0.031897
0.49122 0.039007
0.48855 0.026732
0.52419 0.021271
0.51094 0.021175
0.58024 0.020347
0.54373 0.022455
0.56589 0.024846
0.49955 0.021646
0.53074 0.029755
0.5095 0.023899
0.50754 0.024651
0.55081 0.028752
0.55771 0.032557
0.50358 0.025013
0.51532 0.028344
0.52236 0.034991
0.54647 0.03496
0.50469 0.028016
0.51539 0.033293
0.51866 0.037408
0.54713 0.037503
0.51427 0.033406
0.50272 0.029925
0.51593 0.037404
0.49869 0.038797
0.49745 0.02837
0.52334 0.037677
0.59441 0.021146
0.59584 0.026283
0.61755 0.027863
0.70237 0.037838
0.6021 0.033784
0.66017 0.037969
0.60428 0.037632
0.5714 0.033622
0.90354 0.038437
0.58054 0.03466
0.57671 0.038326
0.97033 0.035898
0.97015 0.029206
0.57033 0.039183
0.58518 0.039487
0.92101 0.038948
0.63681 0.034656
0.55266 0.036458
0.49864 0.038805
0.64612 0.039795
0.60781 0.037238
0.62988 0.030064
0.96571 0.039169
0.66912 0.037028
0.92825 0.038989
0.96222 0.025554
0.97431 0.026053
0.96707 0.027152
0.96858 0.027855
0.87143 0.037881
0.62521 0.036943
0.63873 0.02864
0.9756 0.026532
0.66138 0.037169
0.97596 0.026574
0.97592 0.026664
0.9758 0.0264
0.63568 0.025751
0.9752 0.02602
0.78769 0.040001
0.95239 0.040817
0.97513 0.025989
0.77976 0.040242
0.96943 0.024931
0.85392 0.04008
0.96811 0.02486
0.97052 0.025015
0.96512 0.024765
0.65854 0.032206
0.95837 0.040203
0.70824 0.038848
0.95626 0.024657
0.96083 0.024671
0.9589 0.024668
0.65833 0.028359
0.94025 0.040497
0.67249 0.033371
0.89882 0.038314
0.95209 0.024862
0.67832 0.037651
0.86913 0.038975
0.7292 0.038011
0.93609 0.025923
0.93415 0.02454
0.93684 0.025994
0.68518 0.037656
0.944 0.027224
0.68413 0.035085
0.94755 0.028416
0.94638 0.027807
0.94751 0.028386
0.68496 0.03482
0.95143 0.030342
0.69773 0.036546
0.83582 0.039357
0.9507 0.030045
0.95544 0.033901
0.69857 0.034797
0.80462 0.039115
0.69496 0.030208
0.94142 0.037006
0.95069 0.036056
0.94343 0.037575
0.69962 0.02892
0.74907 0.036801
0.70136 0.023367
0.74199 0.03669
0.9296 0.035661
0.92767 0.035186
0.70974 0.027089
0.92468 0.034818
0.71881 0.026342
0.7539 0.036836
0.92258 0.034374
0.9184 0.03359
0.73504 0.03601
0.76939 0.039402
0.72998 0.024131
0.81482 0.039944
0.91247 0.031903
0.91577 0.03247
0.74955 0.032136
0.91494 0.032122
0.76519 0.035032
0.78674 0.038763
0.91516 0.03221
0.91409 0.031593
0.74702 0.026003
0.81346 0.039602
0.75953 0.025682
0.78572 0.036339
0.9093 0.031178
0.77596 0.030961
0.80093 0.039298
0.76807 0.02542
0.79817 0.038523
0.88741 0.038058
0.87846 0.038985
0.7806 0.028025
0.80721 0.035355
0.78801 0.027045
0.82544 0.039352
0.87534 0.038779
0.87669 0.039199
0.79526 0.02896
0.8787 0.038931
0.81886 0.034714
0.82408 0.039295
0.88002 0.038724
0.88682 0.037799
0.81982 0.032802
0.84832 0.036732
0.82508 0.032684
0.84069 0.031047
0.88359 0.036078
0.88026 0.035047
0.82275 0.027177
0.84524 0.032838
0.83116 0.022958
0.85854 0.031478
0.8768 0.032857
0.87672 0.030336
0.84573 0.025005
0.86363 0.028702
0.85329 0.023425
0.87951 0.025045
0.87654 0.028062
0.8769 0.026867
0.86981 0.022327
0.88634 0.023617
0.95052 0.020384
0.95005 0.022379
