348
0.072173 0.020687
0.048527 0.023535
0.13332 0.020548
0.07334 0.024059
0.032618 0.023601
0.074245 0.024068
0.15748 0.020949
0.16557 0.022836
0.19044 0.021815
0.12069 0.02737
0.11585 0.026004
0.12114 0.027571
0.20568 0.024716
0.19438 0.026893
0.20978 0.027437
0.13792 0.027237
0.12875 0.027845
0.13637 0.027252
0.2164 0.030403
0.14145 0.027906
0.22179 0.029217
0.19713 0.039249
0.14012 0.02823
0.13336 0.029619
0.21859 0.032974
0.13352 0.030141
0.24112 0.025595
0.2116 0.037796
0.13109 0.03039
0.13892 0.029891
0.25001 0.028604
0.15036 0.031153
0.25864 0.026745
0.21088 0.037979
0.15019 0.030958
0.14595 0.030478
0.26567 0.024586
0.13513 0.031013
0.2775 0.026317
0.24641 0.036048
0.13225 0.031875
0.2848 0.021749
0.11134 0.029682
0.29093 0.026593
0.26074 0.035628
0.10959 0.028677
0.29255 0.030648
0.11345 0.031175
0.30431 0.023784
0.1291 0.032744
0.1263 0.03296
0.30839 0.027777
0.2683 0.037229
0.30803 0.030049
0.28133 0.038551
0.1513 0.036586
0.3252 0.028188
0.28818 0.039287
0.32963 0.030476
0.14205 0.032975
0.14768 0.034278
0.14353 0.033065
0.33677 0.031324
0.13138 0.034005
0.35399 0.025082
0.12491 0.034408
0.13134 0.034002
0.1248 0.03444
0.34529 0.029875
0.10475 0.028108
0.34754 0.031808
0.26421 0.037819
0.11429 0.033668
0.093568 0.027303
0.37171 0.025779
0.066957 0.029812
0.37723 0.025832
0.21525 0.038434
0.072149 0.029486
0.053783 0.030369
0.38021 0.025929
0.15185 0.038245
0.3692 0.035848
0.24141 0.037826
0.045992 0.029016
0.034309 0.026483
0.33142 0.037996
0.16752 0.039145
0.37883 0.034419
0.17496 0.038709
0.029537 0.026952
0.027801 0.029541
0.32602 0.03714
0.073176 0.031808
0.39414 0.027687
0.033124 0.033701
0.030096 0.032553
0.033184 0.033781
0.35294 0.036541
0.052718 0.032185
0.22692 0.038891
0.069562 0.035416
0.03336 0.033962
0.034398 0.034937
0.39075 0.034774
0.034909 0.035794
0.38728 0.035935
0.086501 0.030032
0.035752 0.036315
0.39169 0.036355
0.048337 0.033355
0.40082 0.035068
0.085435 0.030825
0.0374 0.036477
0.40074 0.036737
0.040002 0.036577
0.36183 0.036171
0.11432 0.036157
0.042954 0.036627
0.04869 0.036934
0.34117 0.03739
0.15121 0.038195
0.40856 0.026186
0.091617 0.03341
0.13101 0.038288
0.08164 0.034634
0.34939 0.037196
0.40897 0.027205
0.3091 0.038925
0.41652 0.022302
0.41584 0.026079
0.41076 0.032153
0.098593 0.034269
0.41842 0.032424
0.31547 0.037493
0.077756 0.035081
0.076194 0.035149
0.43519 0.031246
0.43042 0.033794
0.41224 0.036072
0.41775 0.034534
0.44208 0.037025
0.44175 0.037118
0.42583 0.036911
0.41795 0.035484
0.42666 0.03695
0.46063 0.039623
0.46101 0.021851
0.46938 0.024247
0.48355 0.020673
0.5079 0.021864
0.44375 0.025018
0.489 0.023058
0.4517 0.031021
0.45258 0.032916
0.4838 0.029449
0.50253 0.022343
0.48178 0.036352
0.48606 0.036861
0.49549 0.029787
0.49936 0.023822
0.47718 0.038691
0.49019 0.037997
0.49278 0.027252
0.49761 0.027597
0.49087 0.037974
0.50293 0.03997
0.50609 0.026446
0.50469 0.032584
0.50281 0.040031
0.50237 0.026956
0.53707 0.021349
0.52406 0.021207
0.59269 0.020276
0.55451 0.022823
0.57419 0.024448
0.51302 0.021709
0.54332 0.030861
0.52256 0.024051
0.52049 0.024849
0.5605 0.030024
0.5661 0.033452
0.51659 0.025168
0.52823 0.028394
0.53436 0.035067
0.55722 0.036746
0.5177 0.028269
0.52692 0.033292
0.52913 0.037209
0.5578 0.039759
0.52576 0.033429
0.51547 0.030269
0.52609 0.037825
0.50903 0.039979
0.51111 0.028703
0.53551 0.038587
0.60838 0.021113
0.6098 0.026147
0.63058 0.029016
0.70519 0.039483
0.61603 0.033887
0.67058 0.040038
0.61765 0.037947
0.57971 0.031308
0.90459 0.039973
0.59293 0.031501
0.58741 0.034108
0.97107 0.037451
0.97106 0.030126
0.57724 0.036387
0.60034 0.036263
0.92067 0.039514
0.64766 0.037361
0.56176 0.038284
0.50898 0.039994
0.65572 0.040196
0.61936 0.038308
0.64088 0.031986
0.9663 0.040034
0.67673 0.037278
0.92729 0.038408
0.96387 0.025602
0.97484 0.026675
0.96828 0.027651
0.96965 0.028559
0.87132 0.037929
0.63553 0.038971
0.64835 0.030197
0.97601 0.027203
0.67108 0.038256
0.97634 0.02725
0.9763 0.027349
0.97619 0.027058
0.64601 0.027076
0.97565 0.026639
0.79395 0.039144
0.95205 0.039552
0.97558 0.026604
0.78488 0.039284
0.97042 0.025418
0.85448 0.040485
0.96922 0.025265
0.97141 0.025528
0.96651 0.024979
0.66755 0.033324
0.95901 0.03967
0.70947 0.039345
0.95772 0.024346
0.96258 0.024631
0.96075 0.024517
0.66639 0.029099
0.93816 0.039254
0.67975 0.033186
0.89816 0.040162
0.95286 0.024289
0.68611 0.037756
0.8686 0.039112
0.73161 0.037948
0.93492 0.02562
0.93294 0.024366
0.93568 0.025658
0.69274 0.039284
0.94341 0.026481
0.69199 0.03633
0.94756 0.027354
0.94619 0.026882
0.94751 0.027331
0.69246 0.036068
0.95214 0.029109
0.70184 0.038948
0.83764 0.040362
0.95124 0.028794
0.95636 0.032712
0.70273 0.036795
0.81128 0.038584
0.70031 0.031928
0.94 0.035437
0.95057 0.033977
0.94205 0.035748
0.70474 0.029968
0.74874 0.038023
0.70624 0.023703
0.74272 0.038243
0.92848 0.035166
0.92666 0.034853
0.71376 0.026812
0.92383 0.034799
0.72461 0.02561
0.75307 0.037331
0.92167 0.034601
0.91801 0.034245
0.7382 0.037075
0.77132 0.03923
0.73633 0.024289
0.82097 0.040662
0.91235 0.033091
0.9154 0.033338
0.75258 0.031867
0.9146 0.033046
0.76809 0.035385
0.79248 0.037608
0.9148 0.033119
0.91376 0.03262
0.75267 0.025869
0.82 0.0403
0.76512 0.026354
0.79093 0.035376
0.90934 0.032241
0.78 0.030947
0.8074 0.038458
0.77194 0.025977
0.80452 0.037885
0.88586 0.040589
0.87675 0.040426
0.78439 0.027704
0.81287 0.035392
0.79285 0.026593
0.82922 0.04085
0.87454 0.038984
0.87536 0.040279
0.80016 0.028621
0.87699 0.040315
0.82369 0.035192
0.82821 0.040466
0.87826 0.04014
0.88538 0.040028
0.82452 0.033406
0.85053 0.035929
0.82921 0.033629
0.84343 0.031142
0.88283 0.037554
0.88051 0.036025
0.82729 0.027788
0.84797 0.032642
0.83493 0.023223
0.86154 0.031802
0.87855 0.03342
0.87953 0.030879
0.84907 0.02496
0.86651 0.028919
0.85671 0.023493
0.88222 0.025445
0.87965 0.02849
0.88 0.027253
0.87284 0.022393
0.88832 0.024126
0.95102 0.020335
0.95048 0.022069
