348
0.055454 0.02099
0.038437 0.025039
0.10083 0.020558
0.056259 0.025872
0.02801 0.025675
0.056882 0.025905
0.12154 0.021154
0.12873 0.023253
0.14978 0.021959
0.088826 0.029057
0.085802 0.027929
0.089147 0.029239
0.16485 0.024845
0.15356 0.027055
0.16864 0.027933
0.10533 0.027696
0.096062 0.02857
0.10406 0.027572
0.1752 0.031102
0.10886 0.028965
0.17981 0.029766
0.15443 0.041335
0.10753 0.029111
0.10078 0.029784
0.17724 0.033839
0.10079 0.030311
0.19768 0.025707
0.17069 0.038816
0.098061 0.030741
0.10626 0.030672
0.20716 0.027973
0.11657 0.033156
0.21697 0.02662
0.16999 0.039808
0.11643 0.032916
0.1134 0.03278
0.2234 0.024978
0.10227 0.031286
0.23411 0.02629
0.20344 0.035239
0.098866 0.032032
0.24225 0.021679
0.082069 0.033512
0.24845 0.026949
0.21735 0.035316
0.080862 0.03234
0.24951 0.031038
0.083568 0.035234
0.26163 0.023645
0.09508 0.034045
0.092316 0.034939
0.26588 0.027378
0.22303 0.038526
0.26521 0.029492
0.23521 0.039005
0.11771 0.039289
0.281 0.029144
0.24397 0.039707
0.28469 0.031378
0.1096 0.034638
0.11528 0.037411
0.11138 0.035179
0.2917 0.031561
0.097152 0.03448
0.30769 0.026002
0.090716 0.036817
0.097111 0.034492
0.090619 0.036871
0.30082 0.030584
0.077516 0.031274
0.30304 0.032687
0.22034 0.040547
0.084083 0.038338
0.070085 0.030895
0.3223 0.027033
0.052514 0.033789
0.3275 0.027078
0.17476 0.04056
0.056014 0.033572
0.043209 0.034427
0.33046 0.027093
0.11857 0.04348
0.32434 0.039044
0.1992 0.040288
0.036772 0.033054
0.029083 0.030116
0.28542 0.039801
0.1322 0.042842
0.33238 0.03723
0.13936 0.042819
0.026057 0.030951
0.025091 0.035029
0.27928 0.038929
0.057481 0.036811
0.34132 0.029379
0.029959 0.041158
0.02732 0.039744
0.030033 0.041263
0.30793 0.039272
0.043405 0.036902
0.18586 0.040284
0.05622 0.041339
0.030236 0.041493
0.031434 0.04268
0.34004 0.038612
0.03222 0.043777
0.33867 0.042476
0.065839 0.034778
0.033201 0.044489
0.34091 0.042478
0.040945 0.03849
0.34571 0.037597
0.065347 0.035895
0.034703 0.044442
0.34543 0.043074
0.037293 0.043939
0.31871 0.039657
0.083953 0.041813
0.039292 0.043586
0.043288 0.043541
0.29706 0.040633
0.11819 0.043688
0.35409 0.027314
0.069563 0.03966
0.094767 0.040984
0.064061 0.042007
0.30536 0.039677
0.35475 0.028613
0.26307 0.039221
0.37898 0.023073
0.37701 0.028474
0.35782 0.034623
0.074469 0.041741
0.37922 0.035858
0.26783 0.038497
0.061724 0.042804
0.060794 0.043312
0.39791 0.033501
0.39226 0.035841
0.35966 0.040234
0.37487 0.040101
0.40146 0.040307
0.40098 0.040982
0.38536 0.041285
0.37395 0.042247
0.38626 0.041594
0.42119 0.041306
0.42114 0.021929
0.42998 0.024235
0.44278 0.020772
0.46525 0.021903
0.40617 0.025967
0.44737 0.023555
0.41294 0.03251
0.4137 0.034258
0.44236 0.030893
0.46 0.02235
0.43964 0.038565
0.44199 0.040009
0.45205 0.030535
0.45665 0.023925
0.43596 0.043189
0.44371 0.041734
0.45046 0.028015
0.4549 0.028018
0.44417 0.041531
0.45583 0.039809
0.46347 0.026538
0.46066 0.032523
0.45565 0.040041
0.45983 0.026972
0.49209 0.021221
0.47989 0.021362
0.55734 0.020269
0.51657 0.022079
0.53837 0.024109
0.47039 0.021901
0.49916 0.028289
0.47885 0.024567
0.47722 0.025473
0.524 0.0285
0.52855 0.031779
0.47376 0.025732
0.48345 0.0294
0.48685 0.035001
0.51806 0.032937
0.47472 0.029194
0.48096 0.034968
0.48128 0.040073
0.51766 0.03769
0.47988 0.035141
0.47234 0.031468
0.47848 0.041185
0.46411 0.04095
0.46844 0.029277
0.48603 0.04031
0.57736 0.020788
0.57971 0.024389
0.60572 0.027855
0.68305 0.040841
0.58968 0.030371
0.65088 0.041073
0.59159 0.033481
0.5451 0.030682
0.9074 0.041702
0.55522 0.031117
0.54984 0.033497
0.97207 0.039156
0.97211 0.031186
0.53972 0.036113
0.56133 0.033456
0.92051 0.040751
0.62336 0.035391
0.52251 0.036228
0.46399 0.040942
0.63069 0.038692
0.59402 0.034979
0.61786 0.030092
0.96687 0.042091
0.65626 0.041451
0.92779 0.040054
0.96529 0.026265
0.97539 0.027476
0.96953 0.028548
0.97075 0.029519
0.8562 0.040209
0.61055 0.036526
0.626 0.0294
0.97644 0.028068
0.65138 0.039264
0.97673 0.02812
0.9767 0.028232
0.9766 0.027905
0.62378 0.026349
0.97611 0.027436
0.76293 0.040402
0.95287 0.040728
0.97606 0.027398
0.75502 0.041321
0.97145 0.025989
0.83295 0.041258
0.97038 0.025875
0.97233 0.026105
0.96785 0.025567
0.64787 0.033053
0.96026 0.041102
0.68657 0.040673
0.96024 0.024784
0.96414 0.025187
0.96256 0.025014
0.6469 0.028837
0.93581 0.040535
0.65852 0.036659
0.903 0.040715
0.9558 0.024632
0.66343 0.041213
0.85183 0.040287
0.70756 0.039237
0.93725 0.026046
0.93547 0.024758
0.93797 0.026042
0.67031 0.041533
0.94622 0.026238
0.66871 0.03849
0.95045 0.027151
0.94907 0.026617
0.9504 0.027123
0.66919 0.038104
0.95513 0.029734
0.67993 0.039473
0.81838 0.039184
0.95418 0.029238
0.95905 0.033887
0.67997 0.037395
0.78341 0.038723
0.6762 0.032671
0.94025 0.035499
0.95294 0.034293
0.94321 0.035087
0.67968 0.030622
0.72773 0.037523
0.68106 0.024008
0.72136 0.038132
0.9302 0.036939
0.92896 0.03637
0.68821 0.027435
0.92614 0.035746
0.69784 0.026034
0.73085 0.037385
0.92421 0.035228
0.92128 0.034458
0.71488 0.03529
0.74169 0.040051
0.70943 0.024104
0.79455 0.037781
0.91593 0.033815
0.91906 0.033517
0.72834 0.031545
0.91834 0.033333
0.73988 0.034973
0.76256 0.037847
0.91853 0.033376
0.9176 0.03305
0.72775 0.025708
0.79348 0.037684
0.739 0.026309
0.76232 0.03562
0.91327 0.033113
0.75405 0.031107
0.78008 0.037334
0.74661 0.025761
0.77733 0.036643
0.88771 0.039691
0.87668 0.039836
0.75923 0.028283
0.78596 0.034794
0.76679 0.026712
0.80883 0.037835
0.86835 0.039295
0.87329 0.039088
0.7745 0.028353
0.87716 0.039386
0.79848 0.032074
0.80659 0.036734
0.87938 0.039362
0.88815 0.037463
0.79984 0.030842
0.82976 0.034457
0.80748 0.031617
0.82209 0.03131
0.88658 0.035939
0.88418 0.035114
0.80472 0.026729
0.82744 0.031834
0.81362 0.022964
0.84134 0.03083
0.88136 0.033106
0.88358 0.030739
0.82803 0.024613
0.84634 0.028436
0.83587 0.02334
0.88785 0.025202
0.88437 0.028394
0.88508 0.027129
0.85834 0.022641
0.8934 0.023947
0.95395 0.020351
0.95341 0.022142
