348
0.072921 0.020679
0.048944 0.023481
0.13467 0.020545
0.074103 0.024009
0.032798 0.02355
0.075019 0.024018
0.15897 0.020943
0.16712 0.022814
0.19215 0.021808
0.12197 0.027316
0.11709 0.025956
0.12242 0.027517
0.20744 0.024709
0.19611 0.02687
0.21154 0.027431
0.1393 0.027195
0.13008 0.027797
0.13774 0.02721
0.21816 0.030402
0.14285 0.027861
0.22355 0.029221
0.19886 0.039194
0.14152 0.028183
0.13472 0.029562
0.22035 0.032975
0.13488 0.03008
0.24285 0.025605
0.21335 0.037786
0.13243 0.030327
0.14031 0.029834
0.25172 0.028622
0.15181 0.031091
0.26034 0.026759
0.21263 0.037967
0.15164 0.030898
0.14738 0.03042
0.26735 0.024596
0.13649 0.030948
0.27915 0.026328
0.24814 0.036079
0.1336 0.031804
0.28645 0.021751
0.11254 0.029598
0.29258 0.026599
0.26244 0.035661
0.11077 0.0286
0.29419 0.030655
0.11467 0.031082
0.30595 0.023781
0.13043 0.032666
0.12761 0.032875
0.31003 0.027767
0.26998 0.037267
0.30968 0.030037
0.28298 0.038579
0.15276 0.036492
0.32688 0.028165
0.28982 0.039308
0.33133 0.030443
0.14346 0.032902
0.14911 0.0342
0.14495 0.032992
0.33849 0.031286
0.13272 0.033921
0.35577 0.025066
0.12621 0.034311
0.13268 0.033918
0.1261 0.034343
0.34704 0.029839
0.10589 0.028029
0.3493 0.031764
0.26589 0.037858
0.11551 0.033555
0.094584 0.027218
0.37353 0.025776
0.067639 0.029686
0.37906 0.025843
0.21701 0.03843
0.072896 0.029368
0.054281 0.030217
0.38204 0.025948
0.15331 0.03814
0.37102 0.035821
0.24314 0.037856
0.046369 0.02888
0.034512 0.02639
0.33312 0.037937
0.16908 0.038996
0.38067 0.034457
0.17658 0.03858
0.029673 0.026854
0.027911 0.029407
0.3277 0.037091
0.073937 0.031661
0.39586 0.027788
0.033311 0.033507
0.030239 0.032377
0.033371 0.033585
0.35472 0.036486
0.0532 0.032004
0.22868 0.038908
0.070277 0.035224
0.03355 0.033764
0.034602 0.034724
0.39249 0.034912
0.035121 0.035567
0.38905 0.036038
0.087428 0.029908
0.035975 0.03608
0.39343 0.036526
0.048751 0.033152
0.40242 0.035382
0.086349 0.030691
0.037648 0.036239
0.40233 0.037084
0.040286 0.036334
0.36363 0.03613
0.11555 0.036024
0.043284 0.03638
0.04911 0.036676
0.3429 0.037328
0.15266 0.038092
0.40996 0.026369
0.092609 0.033249
0.13235 0.038178
0.082507 0.034452
0.35116 0.037132
0.41036 0.027425
0.31075 0.0389
0.41769 0.022418
0.41703 0.026375
0.41203 0.032578
0.099672 0.034115
0.41941 0.033113
0.31713 0.03746
0.078575 0.034894
0.076993 0.034961
0.43477 0.031925
0.43012 0.034934
0.41334 0.036696
0.41867 0.035312
0.44012 0.037615
0.43975 0.037738
0.42574 0.038173
0.41881 0.036321
0.42647 0.038252
0.45966 0.039462
0.46063 0.021842
0.46901 0.02424
0.48285 0.020727
0.50587 0.021735
0.44323 0.025126
0.48767 0.023412
0.45108 0.030917
0.45176 0.032795
0.48307 0.030232
0.49989 0.022329
0.48184 0.037512
0.48545 0.03849
0.49342 0.030527
0.49684 0.02394
0.47742 0.039462
0.48891 0.040186
0.49101 0.028035
0.49529 0.027984
0.48947 0.040208
0.4996 0.039902
0.50385 0.026132
0.50215 0.032197
0.49945 0.039996
0.49972 0.026926
0.53752 0.021259
0.52367 0.021119
0.59372 0.020278
0.55634 0.022713
0.57557 0.02463
0.51157 0.021543
0.54425 0.030082
0.52207 0.023742
0.51987 0.024458
0.56257 0.030016
0.56819 0.033925
0.51554 0.024708
0.52811 0.027858
0.53446 0.034106
0.55999 0.03642
0.51678 0.027552
0.52681 0.032408
0.52912 0.036153
0.56096 0.039469
0.52561 0.032503
0.51429 0.029329
0.52608 0.036616
0.50697 0.038361
0.50944 0.027831
0.53545 0.037394
0.60923 0.021132
0.61063 0.026252
0.63153 0.028709
0.71396 0.03941
0.61666 0.033936
0.67575 0.038908
0.61815 0.037949
0.58087 0.031628
0.90603 0.039522
0.59397 0.031585
0.58856 0.034256
0.97023 0.037057
0.97086 0.029898
0.57873 0.036942
0.60133 0.036454
0.92319 0.03884
0.65006 0.034271
0.56456 0.038455
0.5069 0.038389
0.66002 0.037548
0.6198 0.038243
0.64214 0.030532
0.96459 0.040333
0.68312 0.036308
0.93031 0.037697
0.9635 0.025782
0.97472 0.026524
0.96801 0.027599
0.96941 0.028401
0.8724 0.037203
0.63575 0.0376
0.65157 0.028337
0.97592 0.02704
0.67638 0.037217
0.97626 0.027086
0.97622 0.027183
0.9761 0.026898
0.64868 0.025895
0.97554 0.026489
0.79198 0.040449
0.95227 0.042006
0.97548 0.026456
0.78351 0.040404
0.9702 0.025296
0.85492 0.039276
0.96897 0.025187
0.97121 0.025403
0.9662 0.025022
0.67307 0.032555
0.95727 0.041184
0.71828 0.039505
0.95762 0.024725
0.96218 0.024834
0.9603 0.024791
0.67203 0.028604
0.94218 0.040338
0.68663 0.032442
0.89914 0.040012
0.95343 0.024847
0.69415 0.037377
0.86958 0.038154
0.73671 0.041205
0.9373 0.025715
0.93524 0.024355
0.9381 0.025797
0.70201 0.039229
0.94529 0.027134
0.70053 0.036398
0.94886 0.028399
0.94768 0.027765
0.94882 0.028369
0.70097 0.036132
0.95281 0.030354
0.71047 0.038969
0.83666 0.03886
0.95204 0.030069
0.95608 0.033992
0.71093 0.036779
0.80833 0.039158
0.70745 0.03189
0.94314 0.036546
0.95134 0.036101
0.94476 0.037175
0.7116 0.029893
0.74996 0.041395
0.71314 0.023664
0.74526 0.041647
0.9312 0.034599
0.92921 0.034288
0.72092 0.027089
0.92619 0.034281
0.73058 0.026465
0.75344 0.040081
0.92387 0.034123
0.91995 0.033834
0.74179 0.040326
0.77024 0.039747
0.74055 0.0251
0.81727 0.040022
0.91403 0.032793
0.9172 0.03299
0.75371 0.033763
0.91635 0.032717
0.76752 0.03595
0.79076 0.039036
0.91657 0.032786
0.91547 0.032314
0.75414 0.026793
0.81636 0.039838
0.76541 0.026713
0.78951 0.036681
0.91089 0.031993
0.7798 0.031556
0.80469 0.039298
0.77208 0.026164
0.80205 0.038826
0.88686 0.040738
0.87783 0.039976
0.78398 0.028236
0.81018 0.035703
0.79176 0.027105
0.82684 0.039189
0.87565 0.038437
0.87642 0.039745
0.79849 0.029132
0.87807 0.039893
0.82105 0.034517
0.82569 0.038998
0.87938 0.039825
0.88641 0.040232
0.82219 0.032734
0.85066 0.034948
0.82743 0.032563
0.84311 0.030388
0.88402 0.037592
0.88182 0.035921
0.82558 0.027261
0.84793 0.031854
0.83394 0.022973
0.86237 0.031155
0.88006 0.033239
0.88116 0.030773
0.84911 0.024655
0.86761 0.028458
0.85726 0.023291
0.88385 0.025446
0.88134 0.028411
0.88168 0.027196
0.87427 0.02231
0.88981 0.02422
0.95184 0.020384
0.95138 0.022384
