348
0.06458 0.020832
0.043525 0.024009
0.11631 0.020583
0.065564 0.024945
0.030266 0.024442
0.066325 0.024978
0.13735 0.02096
0.14623 0.022832
0.17076 0.021788
0.10342 0.027765
0.098841 0.026762
0.10385 0.027933
0.18504 0.025092
0.17488 0.027214
0.18895 0.02792
0.12041 0.028062
0.1116 0.02808
0.11911 0.027952
0.19519 0.030063
0.12344 0.029109
0.20123 0.028975
0.17896 0.040006
0.12229 0.029387
0.11639 0.030238
0.19694 0.032524
0.11658 0.030819
0.22043 0.026092
0.1905 0.038693
0.11407 0.030816
0.12122 0.031148
0.22834 0.029393
0.13045 0.032455
0.23644 0.027592
0.18976 0.039091
0.13033 0.032255
0.12692 0.032158
0.24221 0.025065
0.11813 0.031957
0.25355 0.026276
0.22363 0.037877
0.11532 0.032537
0.26097 0.021723
0.09533 0.031522
0.26741 0.026558
0.23737 0.037672
0.09379 0.03051
0.26918 0.030634
0.096844 0.033079
0.28041 0.023949
0.11188 0.033191
0.1088 0.033269
0.28439 0.028253
0.24382 0.038868
0.28416 0.030673
0.25704 0.038365
0.13049 0.038645
0.29952 0.028589
0.26485 0.039339
0.30416 0.030888
0.12364 0.035049
0.12791 0.036557
0.12477 0.035185
0.312 0.031316
0.11442 0.034695
0.32717 0.026023
0.10721 0.034746
0.11438 0.034686
0.10709 0.034782
0.32035 0.030843
0.089848 0.03033
0.32262 0.033418
0.24015 0.039706
0.097314 0.036014
0.081369 0.029535
0.34172 0.026541
0.059883 0.031525
0.3465 0.026854
0.19356 0.03828
0.064698 0.031492
0.047858 0.031701
0.34935 0.02708
0.13069 0.039899
0.33938 0.038328
0.21932 0.039869
0.040926 0.03036
0.031642 0.027924
0.30733 0.038268
0.14815 0.039184
0.34755 0.037234
0.15513 0.039603
0.027759 0.028548
0.026238 0.031727
0.30095 0.037909
0.065754 0.034386
0.36043 0.029643
0.029629 0.036985
0.027594 0.035449
0.029657 0.037083
0.32738 0.039492
0.046196 0.033857
0.20586 0.038615
0.062454 0.038435
0.029749 0.037305
0.030297 0.038458
0.35679 0.038192
0.030476 0.039499
0.35454 0.039401
0.076402 0.033058
0.030949 0.039983
0.35726 0.039975
0.041319 0.035396
0.36546 0.037676
0.075698 0.034052
0.032049 0.040006
0.36519 0.038979
0.033781 0.039916
0.33364 0.039473
0.09716 0.039078
0.035683 0.039773
0.04001 0.039529
0.31828 0.038705
0.13016 0.039933
0.373 0.026687
0.081165 0.037765
0.11404 0.038919
0.073217 0.038792
0.32496 0.039657
0.3734 0.027776
0.28568 0.040149
0.3808 0.022327
0.38012 0.026137
0.37506 0.032947
0.086155 0.038797
0.38252 0.032806
0.29112 0.039265
0.070045 0.038603
0.068725 0.038595
0.39916 0.032017
0.39435 0.034682
0.37634 0.036921
0.38175 0.035058
0.40491 0.037836
0.40456 0.037949
0.38973 0.037535
0.38188 0.036102
0.39054 0.037641
0.42468 0.037426
0.42594 0.021632
0.43516 0.024
0.44953 0.020659
0.47927 0.021376
0.40696 0.025071
0.45512 0.022814
0.41492 0.030124
0.41577 0.031887
0.44974 0.029239
0.47167 0.021787
0.44691 0.036114
0.45071 0.036415
0.46241 0.028036
0.46733 0.022974
0.44228 0.037695
0.45465 0.036488
0.45924 0.026268
0.46509 0.026031
0.45545 0.036343
0.47274 0.03511
0.47674 0.024785
0.47497 0.029415
0.47254 0.035148
0.47146 0.025312
0.51533 0.021036
0.49998 0.020995
0.57956 0.020296
0.54096 0.022144
0.56301 0.02449
0.48595 0.021293
0.52366 0.027596
0.49825 0.023282
0.49585 0.023865
0.54811 0.028459
0.55435 0.032268
0.49083 0.024059
0.505 0.02709
0.51262 0.03224
0.54408 0.033408
0.49232 0.02654
0.50427 0.031228
0.50749 0.034754
0.54477 0.035983
0.50295 0.03128
0.48955 0.027988
0.50416 0.03493
0.48262 0.03475
0.48328 0.026484
0.51372 0.034799
0.5965 0.020972
0.59817 0.025377
0.61959 0.029751
0.69636 0.03794
0.60572 0.033279
0.65611 0.038501
0.60852 0.037411
0.56878 0.032014
0.90002 0.038641
0.57944 0.032489
0.57434 0.035989
0.97059 0.03654
0.97053 0.029577
0.56629 0.037198
0.58504 0.036452
0.91755 0.037608
0.63304 0.036755
0.5495 0.035877
0.48255 0.034756
0.63945 0.039694
0.61061 0.037756
0.62825 0.032425
0.966 0.039422
0.66569 0.037593
0.92499 0.037101
0.96292 0.025389
0.97454 0.026303
0.96759 0.027247
0.96903 0.02807
0.86629 0.037294
0.62331 0.040404
0.63654 0.029304
0.97578 0.026802
0.6576 0.037381
0.97612 0.026846
0.97608 0.02694
0.97596 0.026665
0.63398 0.026712
0.97539 0.026269
0.7819 0.040183
0.95071 0.038696
0.97532 0.026237
0.772 0.038758
0.96985 0.025108
0.84942 0.040129
0.96858 0.024971
0.9709 0.025221
0.96571 0.024745
0.65579 0.032526
0.95829 0.039322
0.70148 0.038853
0.95646 0.024269
0.96158 0.024476
0.95953 0.024392
0.65617 0.028578
0.93618 0.038758
0.66974 0.033986
0.89482 0.039048
0.95169 0.024282
0.67442 0.03903
0.86354 0.038579
0.72063 0.039525
0.93384 0.02542
0.93172 0.024175
0.93465 0.025474
0.68051 0.03938
0.9424 0.026476
0.67993 0.036652
0.94648 0.027474
0.94513 0.026955
0.94643 0.027449
0.68066 0.036237
0.95094 0.02909
0.69192 0.037052
0.83001 0.036989
0.95009 0.028818
0.95524 0.032637
0.69316 0.03522
0.79724 0.037996
0.69021 0.030584
0.9382 0.035334
0.94936 0.034111
0.94025 0.035761
0.69544 0.029132
0.73876 0.038867
0.69723 0.023411
0.73324 0.038285
0.92652 0.034103
0.92457 0.033744
0.70533 0.027103
0.92152 0.033561
0.71457 0.026523
0.74236 0.039381
0.91909 0.033254
0.91477 0.032741
0.72668 0.037141
0.75757 0.038907
0.72501 0.024345
0.80921 0.03769
0.9086 0.031597
0.912 0.031813
0.74142 0.033376
0.91113 0.031521
0.75484 0.035295
0.78096 0.038801
0.91136 0.031594
0.91023 0.031106
0.74112 0.026594
0.80782 0.037324
0.75223 0.026313
0.77975 0.036446
0.90531 0.031048
0.76842 0.030169
0.79365 0.039084
0.75992 0.025481
0.79124 0.038806
0.88244 0.039362
0.87244 0.039331
0.77349 0.027521
0.79987 0.034249
0.78141 0.027079
0.81913 0.037739
0.86989 0.038324
0.87094 0.039246
0.78792 0.029487
0.87268 0.039295
0.81324 0.033263
0.81808 0.037662
0.87403 0.03924
0.88189 0.039018
0.81432 0.031617
0.8446 0.035753
0.81949 0.03163
0.83669 0.0299
0.87884 0.036743
0.87556 0.035309
0.81749 0.026633
0.84172 0.03187
0.82629 0.022748
0.85515 0.031634
0.87311 0.032792
0.87372 0.030302
0.84257 0.024697
0.86013 0.028701
0.85035 0.023498
0.87656 0.025129
0.87373 0.02803
0.87408 0.026856
0.86673 0.022275
0.88318 0.023848
0.94988 0.020337
0.94935 0.022086
