348
0.066366 0.020782
0.045676 0.024063
0.11787 0.020556
0.067394 0.024619
0.031611 0.023959
0.068189 0.02463
0.14059 0.02107
0.14754 0.023151
0.17076 0.021917
0.1055 0.028093
0.10134 0.026995
0.10589 0.028269
0.18549 0.024954
0.17452 0.027046
0.18926 0.027775
0.12229 0.027528
0.11334 0.028189
0.12092 0.027504
0.19578 0.031084
0.12588 0.028327
0.20087 0.029899
0.1751 0.040422
0.1245 0.028627
0.11779 0.029758
0.19823 0.03395
0.1179 0.030291
0.21775 0.026699
0.19136 0.038167
0.11544 0.030583
0.12321 0.030315
0.225 0.030445
0.13408 0.031931
0.23231 0.027633
0.19066 0.038705
0.13394 0.031716
0.13018 0.031234
0.23866 0.025225
0.11949 0.031315
0.24902 0.026795
0.22214 0.039622
0.11649 0.031956
0.25627 0.021728
0.097311 0.031877
0.2625 0.026528
0.23261 0.037605
0.096001 0.03087
0.26355 0.030433
0.098943 0.033414
0.27642 0.023747
0.11331 0.033295
0.11056 0.033603
0.28042 0.027745
0.23829 0.039255
0.27966 0.029977
0.24883 0.040668
0.13476 0.037543
0.29579 0.02875
0.25539 0.039967
0.30001 0.031196
0.12645 0.033619
0.1317 0.035235
0.12806 0.033803
0.30709 0.031878
0.11546 0.034257
0.32222 0.026024
0.10908 0.035176
0.11542 0.034261
0.10897 0.035219
0.31507 0.031007
0.092444 0.030449
0.31707 0.033257
0.23475 0.040734
0.099558 0.036223
0.084335 0.029582
0.33655 0.027269
0.062232 0.031097
0.34136 0.02716
0.19549 0.039687
0.066768 0.030723
0.050866 0.03211
0.34403 0.027156
0.13529 0.040296
0.33585 0.039509
0.21918 0.042565
0.043623 0.03029
0.033167 0.027161
0.30029 0.03875
0.14765 0.041473
0.34428 0.037276
0.15486 0.040445
0.028776 0.027555
0.027296 0.030368
0.2921 0.037676
0.068186 0.033241
0.3555 0.029271
0.033618 0.035107
0.030138 0.03363
0.033707 0.035197
0.32119 0.039306
0.050575 0.034243
0.20697 0.040393
0.065681 0.037075
0.033957 0.035405
0.035431 0.036532
0.3524 0.038353
0.036338 0.037526
0.35012 0.039683
0.07961 0.032494
0.037529 0.038257
0.35296 0.040026
0.04745 0.035317
0.3578 0.037163
0.078916 0.033383
0.039491 0.038589
0.35687 0.040328
0.042305 0.038843
0.32974 0.040055
0.099483 0.039271
0.044618 0.039049
0.049064 0.039986
0.3115 0.039981
0.13476 0.04033
0.36775 0.02611
0.083957 0.037355
0.11478 0.039609
0.076797 0.038105
0.31862 0.039789
0.36819 0.027047
0.2751 0.039556
0.37743 0.022043
0.37658 0.025347
0.36894 0.031479
0.088755 0.039877
0.37845 0.030986
0.27976 0.039225
0.073346 0.038011
0.071928 0.037932
0.39631 0.031997
0.39121 0.033931
0.36884 0.035138
0.37694 0.032691
0.40129 0.038615
0.40098 0.038983
0.38601 0.036827
0.37681 0.033479
0.38697 0.03721
0.41762 0.038417
0.4207 0.02171
0.43043 0.023706
0.44628 0.02062
0.47371 0.021549
0.40425 0.025544
0.45182 0.022838
0.41059 0.031632
0.41108 0.033313
0.4465 0.028709
0.4674 0.021915
0.44306 0.034927
0.4471 0.035594
0.45863 0.028802
0.46333 0.023229
0.4378 0.037619
0.4499 0.0363
0.45563 0.026555
0.46123 0.026659
0.45052 0.03619
0.4651 0.035836
0.47147 0.025319
0.46943 0.030262
0.46487 0.03592
0.4672 0.025684
0.50679 0.021203
0.49177 0.021088
0.55909 0.020364
0.5257 0.022665
0.5441 0.025055
0.48007 0.021523
0.51283 0.029816
0.49028 0.023634
0.48824 0.024335
0.53186 0.030383
0.53615 0.034167
0.48412 0.024574
0.49649 0.027729
0.50218 0.033384
0.52587 0.036407
0.48533 0.027306
0.49423 0.032084
0.49572 0.035871
0.52523 0.039929
0.49291 0.032124
0.48275 0.029117
0.49229 0.036178
0.47372 0.036483
0.47788 0.027571
0.50235 0.036595
0.57235 0.021264
0.57379 0.026996
0.59267 0.028912
0.67313 0.038455
0.57827 0.035188
0.63778 0.039321
0.57809 0.039221
0.54963 0.033603
0.897 0.036986
0.55827 0.035017
0.55424 0.037499
0.96604 0.031781
0.96675 0.026832
0.54618 0.039155
0.56325 0.039212
0.91333 0.039345
0.61092 0.035464
0.53025 0.039256
0.47361 0.036475
0.61905 0.037842
0.57912 0.039619
0.6039 0.030517
0.95698 0.035272
0.64372 0.038292
0.91942 0.038854
0.95594 0.024405
0.97227 0.024453
0.96243 0.025501
0.96448 0.025967
0.83589 0.038942
0.59503 0.037279
0.61257 0.029214
0.97402 0.024805
0.63818 0.037882
0.97451 0.024837
0.97446 0.024903
0.97429 0.024708
0.61018 0.02634
0.97347 0.024429
0.75525 0.039286
0.9412 0.039888
0.97338 0.024406
0.74618 0.040062
0.96564 0.0237
0.81383 0.04088
0.96384 0.023713
0.96712 0.023717
0.95978 0.023711
0.63418 0.032653
0.94849 0.037101
0.67736 0.038426
0.9493 0.023803
0.9543 0.023735
0.9522 0.023767
0.63295 0.028605
0.92794 0.040469
0.64622 0.033852
0.88988 0.037148
0.94405 0.024136
0.65259 0.037411
0.82942 0.039958
0.69654 0.03899
0.92621 0.025866
0.92436 0.024547
0.92692 0.025916
0.6604 0.038411
0.93436 0.026507
0.65884 0.035684
0.93839 0.027146
0.93705 0.026762
0.93834 0.027126
0.65932 0.03541
0.94333 0.028843
0.66989 0.037415
0.79775 0.042433
0.94232 0.028575
0.94752 0.031435
0.67026 0.035539
0.77334 0.04097
0.66701 0.031058
0.93014 0.035911
0.94091 0.03364
0.93238 0.035927
0.67102 0.029448
0.7138 0.039142
0.6726 0.023583
0.70753 0.039161
0.92038 0.035702
0.91874 0.035027
0.68074 0.02669
0.91587 0.0344
0.69114 0.02597
0.71805 0.038894
0.91376 0.033902
0.91036 0.033102
0.70301 0.037856
0.73354 0.041084
0.70203 0.02453
0.78139 0.041925
0.90401 0.031653
0.90748 0.032018
0.71757 0.032938
0.90657 0.031717
0.73094 0.037247
0.754 0.037869
0.90681 0.031793
0.90555 0.031287
0.71761 0.026413
0.78061 0.041662
0.7285 0.027102
0.75274 0.03571
0.90025 0.030566
0.74226 0.031234
0.7702 0.039516
0.7348 0.026416
0.76703 0.038083
0.87398 0.037816
0.86088 0.038019
0.74705 0.028059
0.77432 0.037101
0.75487 0.0268
0.79032 0.042374
0.85076 0.03763
0.85662 0.038028
0.76219 0.028674
0.86126 0.037856
0.78385 0.035872
0.78903 0.041713
0.86335 0.037676
0.87326 0.036981
0.78469 0.034184
0.8091 0.035499
0.78963 0.03498
0.80162 0.032634
0.86962 0.03522
0.86625 0.034066
0.78755 0.028632
0.80615 0.032742
0.79447 0.023703
0.81974 0.031356
0.86299 0.032002
0.86438 0.029784
0.80681 0.024978
0.82516 0.028742
0.81493 0.023371
0.86857 0.024867
0.86484 0.027653
0.86552 0.026524
0.83682 0.022516
0.87535 0.02366
0.94207 0.020327
0.94149 0.022019
