348
0.071844 0.020573
0.045046 0.023551
0.14348 0.020499
0.073168 0.02338
0.030472 0.024302
0.074271 0.02339
0.17239 0.020777
0.18288 0.022161
0.21596 0.021372
0.12973 0.026366
0.12422 0.024951
0.13027 0.026568
0.23445 0.023863
0.22109 0.025342
0.23962 0.026057
0.1482 0.026316
0.13881 0.027284
0.1468 0.026455
0.24915 0.027742
0.15278 0.02667
0.25557 0.026831
0.23413 0.037083
0.151 0.027001
0.14352 0.028736
0.25481 0.0296
0.14365 0.029203
0.27975 0.024351
0.25147 0.033797
0.14101 0.029408
0.14951 0.028482
0.29224 0.026053
0.16498 0.028394
0.30466 0.025091
0.25338 0.036024
0.1647 0.028258
0.15974 0.028637
0.31363 0.023998
0.14553 0.029966
0.3261 0.026281
0.28865 0.031416
0.14239 0.030603
0.33333 0.021667
0.11932 0.027704
0.33939 0.026532
0.30569 0.031449
0.11684 0.027135
0.34032 0.030172
0.12274 0.028997
0.35557 0.023614
0.13982 0.031879
0.13782 0.032138
0.35979 0.028406
0.31538 0.035028
0.35922 0.030574
0.32789 0.039428
0.16867 0.031949
0.3709 0.031023
0.33331 0.040927
0.37397 0.033125
0.15436 0.030709
0.16393 0.031144
0.15676 0.030719
0.38059 0.031858
0.14178 0.032527
0.39653 0.026162
0.13717 0.033329
0.14175 0.032533
0.13708 0.033346
0.38983 0.031029
0.11082 0.026784
0.3916 0.032975
0.31278 0.037935
0.12577 0.031198
0.09791 0.026193
0.40989 0.027509
0.066525 0.028069
0.41485 0.027216
0.26246 0.03791
0.072733 0.027606
0.051158 0.029408
0.41799 0.027428
0.17436 0.035924
0.40758 0.039711
0.28757 0.03798
0.041366 0.029262
0.031479 0.027599
0.37189 0.044566
0.19853 0.03523
0.41749 0.037417
0.21354 0.036124
0.027611 0.028376
0.026343 0.031703
0.36729 0.044808
0.077234 0.029126
0.42781 0.0306
0.032227 0.036527
0.029046 0.03576
0.032314 0.036596
0.39386 0.040684
0.051717 0.031089
0.2756 0.037795
0.07717 0.031603
0.032554 0.03674
0.033994 0.037441
0.42526 0.040568
0.034943 0.038182
0.42247 0.045533
0.092244 0.027879
0.036148 0.038608
0.42497 0.045647
0.04808 0.032909
0.42961 0.03964
0.092125 0.028401
0.038056 0.038369
0.42774 0.048016
0.041848 0.037668
0.40266 0.0433
0.12988 0.035224
0.045053 0.037143
0.051656 0.035885
0.38264 0.043391
0.17433 0.036721
0.44014 0.029274
0.10282 0.030913
0.14354 0.039156
0.097378 0.032648
0.39173 0.042115
0.44074 0.031212
0.3574 0.041464
0.45545 0.024188
0.45382 0.031963
0.4427 0.040567
0.11456 0.033941
0.45492 0.041466
0.36147 0.043346
0.093094 0.033042
0.091113 0.03331
0.46707 0.040389
0.4641 0.044876
0.44312 0.051489
0.44859 0.051761
0.46855 0.049324
0.46782 0.051998
0.46068 0.054384
0.44812 0.061106
0.46136 0.060007
0.48153 0.060459
0.48277 0.023584
0.4882 0.026866
0.49652 0.021276
0.50847 0.022815
0.47455 0.028121
0.49897 0.02628
0.47919 0.040931
0.47943 0.043774
0.49654 0.037866
0.50541 0.024096
0.4949 0.049223
0.49678 0.052465
0.50184 0.04036
0.50382 0.027309
0.49114 0.057583
0.49716 0.057019
0.50083 0.034903
0.50314 0.035347
0.49742 0.0567
0.50217 0.05833
0.50721 0.030377
0.50567 0.041744
0.50201 0.058936
0.50539 0.032197
0.52873 0.022332
0.52165 0.02187
0.55852 0.020697
0.53979 0.024679
0.55012 0.028637
0.51302 0.022241
0.53227 0.037856
0.52075 0.026071
0.51931 0.026966
0.54317 0.038411
0.54507 0.044034
0.51615 0.026601
0.52394 0.034279
0.52603 0.044921
0.54002 0.04879
0.51705 0.030889
0.52264 0.041244
0.52313 0.049141
0.54072 0.060739
0.52171 0.040757
0.51475 0.03306
0.52018 0.047944
0.50523 0.056962
0.5113 0.031848
0.52602 0.054958
0.56593 0.021841
0.56706 0.030071
0.5774 0.036805
0.64371 0.04211
0.57148 0.044677
0.60355 0.044622
0.57081 0.055734
0.55384 0.043656
0.88131 0.038434
0.55766 0.049683
0.55599 0.054226
0.96754 0.035085
0.97001 0.029063
0.55172 0.05497
0.55884 0.062228
0.89637 0.038268
0.58958 0.046291
0.54241 0.056079
0.50518 0.057037
0.57766 0.068074
0.56773 0.066686
0.58435 0.036356
0.95624 0.037647
0.61024 0.041447
0.90561 0.036235
0.96191 0.025099
0.97436 0.026111
0.96716 0.026865
0.96858 0.027654
0.82719 0.037888
0.57799 0.051043
0.58987 0.036
0.97564 0.026594
0.6043 0.041481
0.976 0.026637
0.97596 0.026728
0.97584 0.026461
0.58901 0.03023
0.97524 0.026078
0.71466 0.0379
0.93557 0.036769
0.97518 0.026046
0.70692 0.038791
0.96953 0.024836
0.79778 0.037396
0.96822 0.02472
0.97061 0.024965
0.96514 0.024494
0.60256 0.03636
0.94574 0.036672
0.64739 0.041499
0.95525 0.023936
0.96036 0.024236
0.9582 0.024112
0.60246 0.031622
0.91644 0.036496
0.61352 0.035248
0.87554 0.03708
0.95025 0.023706
0.62084 0.037002
0.82266 0.037484
0.66414 0.043015
0.92706 0.024576
0.92471 0.023536
0.92802 0.024587
0.63365 0.040513
0.93808 0.02505
0.62859 0.036207
0.94363 0.025888
0.94169 0.025472
0.94355 0.025866
0.62919 0.035919
0.94911 0.027801
0.63986 0.038662
0.77775 0.039326
0.94819 0.027437
0.95081 0.03098
0.63938 0.036641
0.74437 0.037914
0.63482 0.031767
0.92753 0.031588
0.94294 0.031548
0.93133 0.031458
0.63727 0.030121
0.6813 0.043145
0.63845 0.023875
0.67814 0.043054
0.91246 0.032914
0.91131 0.03249
0.64615 0.027777
0.90858 0.031991
0.65446 0.027474
0.68286 0.040772
0.90689 0.031762
0.90426 0.031539
0.67066 0.036554
0.69037 0.040235
0.66328 0.024644
0.75426 0.038126
0.89754 0.031724
0.90196 0.031091
0.68091 0.034229
0.90106 0.031041
0.68871 0.034553
0.71572 0.034188
0.90131 0.031049
0.90019 0.03091
0.68007 0.027153
0.75339 0.037132
0.6883 0.026316
0.716 0.03249
0.89475 0.031211
0.70793 0.029109
0.74147 0.034129
0.69874 0.024488
0.73752 0.032918
0.856 0.038537
0.84715 0.038047
0.71399 0.026789
0.74783 0.032642
0.72316 0.025413
0.76909 0.038642
0.83988 0.037142
0.84444 0.036783
0.73339 0.026497
0.84834 0.03696
0.76099 0.031392
0.76826 0.035907
0.85001 0.03716
0.86036 0.034279
0.76262 0.030253
0.79473 0.031048
0.7702 0.03111
0.78571 0.029955
0.86011 0.03298
0.8582 0.032114
0.76818 0.026361
0.79229 0.029096
0.77666 0.022852
0.81133 0.027498
0.8568 0.030638
0.86077 0.02881
0.79293 0.02353
0.81802 0.026304
0.80374 0.02245
0.86764 0.02454
0.8629 0.027062
0.86385 0.026059
0.83316 0.022309
0.87356 0.023412
0.94818 0.020282
0.94752 0.021732
