348
0.066204 0.020729
0.044788 0.02409
0.12405 0.020516
0.067237 0.024312
0.030797 0.024185
0.068099 0.024334
0.14984 0.020908
0.15887 0.022576
0.18607 0.021675
0.11066 0.026785
0.1056 0.025524
0.11116 0.026982
0.20144 0.024547
0.19052 0.026511
0.206 0.026816
0.12867 0.026709
0.11948 0.027487
0.1273 0.026805
0.21468 0.028396
0.133 0.027247
0.22087 0.027395
0.19954 0.04029
0.13137 0.027539
0.12409 0.029038
0.22021 0.030391
0.12422 0.029528
0.24236 0.024909
0.21683 0.034935
0.12163 0.029644
0.12994 0.029069
0.25348 0.027019
0.1437 0.029843
0.26389 0.026065
0.21886 0.037339
0.14346 0.029682
0.1391 0.029812
0.27146 0.024683
0.12608 0.03043
0.28252 0.026514
0.2503 0.033045
0.12304 0.030905
0.28993 0.021652
0.10124 0.029133
0.2963 0.027009
0.26476 0.03365
0.099053 0.028729
0.29721 0.031113
0.10427 0.030218
0.30905 0.024779
0.1206 0.032185
0.11865 0.032506
0.31195 0.030522
0.27318 0.03738
0.31163 0.033364
0.28549 0.039501
0.14691 0.034006
0.3225 0.030195
0.29207 0.040847
0.32634 0.031954
0.13451 0.031736
0.14288 0.033055
0.13659 0.031916
0.33359 0.032033
0.1226 0.032858
0.34664 0.02728
0.11807 0.033759
0.12257 0.032862
0.11798 0.03378
0.34125 0.033484
0.094351 0.028939
0.34259 0.036042
0.27104 0.041089
0.10704 0.032275
0.085447 0.028971
0.35944 0.026993
0.062051 0.030197
0.36504 0.026665
0.22704 0.039882
0.066898 0.029696
0.049739 0.031561
0.36855 0.026855
0.15117 0.038681
0.35653 0.038852
0.24928 0.040454
0.041852 0.03026
0.031834 0.027482
0.327 0.042621
0.1712 0.038599
0.36843 0.036109
0.18331 0.039175
0.027847 0.028124
0.026608 0.031352
0.3209 0.044396
0.070362 0.031801
0.37892 0.02965
0.033141 0.036442
0.029659 0.035287
0.033241 0.036528
0.34389 0.04545
0.050206 0.033703
0.23851 0.040045
0.070153 0.034988
0.033515 0.036721
0.035153 0.037732
0.37656 0.039123
0.036272 0.038704
0.37314 0.046709
0.08164 0.031173
0.037656 0.039428
0.37604 0.046348
0.047459 0.035367
0.38199 0.037603
0.081554 0.031904
0.039754 0.03963
0.37984 0.048449
0.043142 0.039721
0.34971 0.048524
0.11096 0.036211
0.045454 0.039784
0.050224 0.039623
0.33802 0.047194
0.15113 0.039622
0.39291 0.028168
0.088736 0.035682
0.12492 0.039862
0.085036 0.038296
0.34254 0.049048
0.39389 0.029864
0.31188 0.048335
0.41068 0.023304
0.40938 0.029587
0.39919 0.037885
0.09723 0.037546
0.4144 0.036258
0.31472 0.048468
0.082135 0.038566
0.080792 0.038749
0.43005 0.03347
0.42761 0.037203
0.40475 0.045917
0.41294 0.044489
0.43472 0.040306
0.43663 0.042299
0.4327 0.044056
0.44494 0.052412
0.45178 0.051839
0.45954 0.050703
0.45229 0.022114
0.4616 0.024144
0.47474 0.020782
0.49546 0.021499
0.43844 0.02507
0.47874 0.023732
0.44714 0.032696
0.44742 0.034778
0.47256 0.031031
0.48932 0.022219
0.4669 0.043641
0.47704 0.053823
0.47715 0.033149
0.48651 0.024038
0.47213 0.053577
0.49086 0.068282
0.48001 0.02874
0.48318 0.028745
0.4907 0.067887
0.49482 0.07839
0.49261 0.025566
0.48145 0.034929
0.49478 0.079968
0.48835 0.026632
0.5351 0.021265
0.52174 0.02097
0.59643 0.020338
0.55471 0.022559
0.57541 0.023727
0.50465 0.02114
0.54288 0.029811
0.51998 0.023128
0.51713 0.023551
0.55764 0.029826
0.55887 0.033014
0.51086 0.023261
0.52796 0.027612
0.54167 0.037785
0.55421 0.039316
0.5129 0.025458
0.5326 0.033334
0.52783 0.051199
0.51186 0.06897
0.5298 0.032561
0.50849 0.026442
0.52243 0.051745
0.49602 0.078196
0.50115 0.026167
0.50693 0.069072
0.60973 0.021054
0.61177 0.025861
0.62729 0.032821
0.70442 0.043894
0.61583 0.034638
0.66338 0.041902
0.60539 0.038708
0.57634 0.030037
0.91268 0.044032
0.5816 0.032089
0.57182 0.035452
0.97336 0.046731
0.97445 0.036006
0.56308 0.039431
0.56572 0.04311
0.92818 0.042389
0.63932 0.042405
0.54718 0.045805
0.496 0.078339
0.5903 0.045302
0.57016 0.044359
0.63523 0.034096
0.9673 0.050639
0.6694 0.041367
0.93564 0.04197
0.96976 0.028786
0.97681 0.030792
0.97275 0.032029
0.97358 0.033479
0.87505 0.041565
0.62732 0.044125
0.64105 0.033569
0.97754 0.031645
0.66345 0.038599
0.97774 0.031722
0.97772 0.031882
0.97765 0.031411
0.64067 0.028719
0.97731 0.030734
0.77518 0.043318
0.95653 0.050658
0.97727 0.030678
0.76965 0.042426
0.97407 0.028539
0.84453 0.04016
0.97333 0.028303
0.97469 0.028769
0.97159 0.027815
0.65983 0.03349
0.96137 0.049494
0.70704 0.042492
0.96583 0.026684
0.96888 0.027274
0.96763 0.027028
0.65852 0.029502
0.94445 0.044067
0.67113 0.035077
0.90935 0.043805
0.96277 0.026225
0.67744 0.036448
0.87053 0.03943
0.71821 0.042591
0.95002 0.027757
0.94854 0.025766
0.9506 0.027867
0.6921 0.038108
0.95573 0.029018
0.68571 0.034533
0.95884 0.030447
0.95772 0.029778
0.9588 0.030413
0.68644 0.034217
0.96217 0.033106
0.69936 0.036896
0.82938 0.040893
0.96159 0.032609
0.96357 0.038444
0.69857 0.034996
0.79713 0.042864
0.69304 0.030253
0.95139 0.03986
0.95919 0.040505
0.95346 0.040131
0.69565 0.02897
0.73976 0.042688
0.69695 0.023471
0.73655 0.04212
0.94068 0.038002
0.93973 0.037314
0.70551 0.027773
0.93754 0.036476
0.71309 0.027982
0.74185 0.040017
0.9362 0.036032
0.93414 0.035429
0.72935 0.034224
0.75041 0.038946
0.7215 0.024307
0.80368 0.041103
0.92898 0.034483
0.93235 0.034469
0.74097 0.03363
0.93167 0.034239
0.74911 0.033586
0.77552 0.0384
0.93186 0.034294
0.931 0.033914
0.74063 0.026831
0.80324 0.03996
0.74911 0.025891
0.77554 0.036206
0.92672 0.033478
0.76894 0.030863
0.79487 0.037999
0.76052 0.024493
0.79179 0.036393
0.89702 0.04227
0.88906 0.042617
0.77372 0.028652
0.7996 0.035785
0.78049 0.02713
0.81943 0.038224
0.88344 0.042106
0.88672 0.041288
0.78844 0.028326
0.89001 0.040797
0.81053 0.031979
0.81846 0.03548
0.89149 0.040615
0.90045 0.037745
0.8124 0.030477
0.84251 0.032745
0.82058 0.030981
0.83506 0.031506
0.90009 0.036055
0.89827 0.034596
0.81845 0.026194
0.84056 0.030565
0.82722 0.022998
0.85791 0.027894
0.89687 0.032628
0.90028 0.030965
0.84115 0.024093
0.86441 0.02663
0.85067 0.022675
0.9057 0.026112
0.90211 0.029036
0.90288 0.027841
0.87792 0.022875
0.90963 0.024766
0.96152 0.020479
0.96112 0.02296
