348
0.027194 0.02446
0.025054 0.045986
0.037042 0.022879
0.029547 0.045953
0.022242 0.045986
0.029733 0.045931
0.041096 0.025487
0.044336 0.03374
0.048626 0.024905
0.044784 0.04832
0.040661 0.047376
0.045598 0.048522
0.058231 0.024997
0.05487 0.034169
0.063861 0.026524
0.058171 0.050777
0.053996 0.050133
0.057587 0.050677
0.074557 0.029458
0.064034 0.053779
0.079344 0.029569
0.07613 0.042472
0.064603 0.054614
0.066135 0.05782
0.084473 0.033441
0.068352 0.060661
0.092027 0.027997
0.089879 0.03887
0.066875 0.059668
0.070109 0.061236
0.10082 0.031716
0.074076 0.062689
0.10551 0.030425
0.097038 0.045791
0.073592 0.06203
0.073945 0.064142
0.10903 0.028123
0.072535 0.066424
0.1161 0.030371
0.10753 0.043687
0.072284 0.067214
0.1206 0.02247
0.065759 0.071556
0.12522 0.030083
0.11525 0.044683
0.064922 0.072214
0.12899 0.035966
0.066834 0.072908
0.13414 0.026775
0.073463 0.071936
0.072794 0.072051
0.13846 0.035235
0.12461 0.051807
0.13992 0.039488
0.13027 0.051991
0.082544 0.070154
0.14508 0.035444
0.13435 0.053129
0.14809 0.038399
0.076408 0.074517
0.079445 0.072784
0.077041 0.074139
0.15222 0.038503
0.073368 0.07653
0.15914 0.030457
0.071689 0.077571
0.073359 0.076535
0.071653 0.077592
0.15696 0.039926
0.060801 0.080122
0.15835 0.044009
0.1331 0.064139
0.066597 0.079134
0.056045 0.080705
0.16855 0.029467
0.038804 0.08446
0.17272 0.029045
0.12843 0.068079
0.041465 0.08324
0.03229 0.086441
0.17535 0.029316
0.10534 0.074388
0.16804 0.046092
0.1324 0.069074
0.029715 0.083588
0.025808 0.076371
0.15317 0.059047
0.11325 0.075306
0.17618 0.042057
0.1156 0.075808
0.023786 0.07828
0.022863 0.085514
0.15124 0.062351
0.042134 0.086955
0.18309 0.033234
0.022463 0.10501
0.022395 0.09667
0.022481 0.10558
0.16093 0.059974
0.029805 0.091906
0.13271 0.075462
0.037353 0.092442
0.022532 0.10685
0.022923 0.11314
0.18215 0.046179
0.023287 0.11831
0.17832 0.056782
0.050815 0.087742
0.023677 0.12262
0.18009 0.055985
0.026321 0.09736
0.18601 0.044356
0.049856 0.088847
0.024104 0.12392
0.18127 0.06048
0.024682 0.12416
0.16446 0.063444
0.066021 0.087218
0.025058 0.12414
0.025834 0.12341
0.15873 0.065481
0.10407 0.080722
0.19318 0.031728
0.039427 0.096676
0.077888 0.086179
0.032849 0.10811
0.16103 0.06883
0.19407 0.034203
0.14987 0.070748
0.20509 0.024715
0.20421 0.03379
0.19828 0.046532
0.038464 0.10013
0.20725 0.042734
0.15102 0.071565
0.032333 0.10831
0.03212 0.10887
0.21979 0.03348
0.21631 0.038676
0.20035 0.061417
0.20473 0.058716
0.22294 0.037841
0.2249 0.038373
0.21926 0.044056
0.23773 0.042104
0.24948 0.042884
0.25443 0.043217
0.25253 0.021346
0.26826 0.02185
0.33213 0.020116
0.47928 0.02077
0.23033 0.023771
0.37316 0.020562
0.24405 0.027838
0.24441 0.02913
0.31704 0.021647
0.46154 0.021429
0.27215 0.028719
0.28743 0.025744
0.3476 0.021782
0.45553 0.021956
0.26732 0.033451
0.31109 0.02518
0.3963 0.02205
0.44032 0.022747
0.31697 0.025065
0.26881 0.040536
0.47127 0.023458
0.40269 0.023752
0.3071 0.027528
0.45981 0.02392
0.65846 0.020233
0.60329 0.020493
0.78717 0.020475
0.74572 0.021585
0.77013 0.023923
0.52048 0.021026
0.71147 0.022036
0.59959 0.02169
0.59067 0.02209
0.74969 0.027134
0.75139 0.029766
0.56333 0.022305
0.61764 0.023079
0.71927 0.024047
0.74949 0.033196
0.57633 0.023303
0.63368 0.02373
0.73885 0.031225
0.7316 0.029832
0.62273 0.024596
0.55135 0.024117
0.68517 0.024573
0.73416 0.034448
0.51621 0.024353
0.70051 0.026434
0.79597 0.021621
0.79736 0.02899
0.80712 0.040757
0.84101 0.071508
0.79865 0.04183
0.82561 0.062249
0.78969 0.047417
0.77097 0.030754
0.92476 0.082726
0.77534 0.03408
0.76702 0.035122
0.97547 0.093479
0.97631 0.080379
0.75818 0.03604
0.7615 0.040594
0.93067 0.084795
0.81669 0.064526
0.75212 0.043791
0.74207 0.042243
0.78091 0.059109
0.76632 0.045982
0.81159 0.046154
0.97377 0.10027
0.82814 0.060254
0.93855 0.086237
0.97695 0.064172
0.97877 0.0703
0.97676 0.073105
0.97664 0.07599
0.89274 0.082995
0.81048 0.062431
0.81427 0.046339
0.97895 0.072282
0.82479 0.055982
0.97903 0.072447
0.979 0.072796
0.97902 0.071768
0.81462 0.036699
0.97897 0.070152
0.86581 0.076791
0.96847 0.10075
0.97896 0.070011
0.86501 0.075702
0.9783 0.063237
0.88351 0.078963
0.97814 0.0623
0.97842 0.064109
0.9778 0.060258
0.82312 0.046731
0.97005 0.098506
0.84293 0.063026
0.97667 0.056358
0.97727 0.057947
0.97703 0.057172
0.82326 0.038794
0.94852 0.087906
0.82895 0.048866
0.92423 0.078792
0.97605 0.055314
0.83237 0.051103
0.89215 0.076676
0.84719 0.06205
0.97149 0.064198
0.97329 0.054815
0.97149 0.064656
0.84001 0.053654
0.97147 0.068444
0.83732 0.047012
0.97107 0.072006
0.97133 0.070442
0.97109 0.071931
0.83772 0.046312
0.97005 0.077113
0.84339 0.05072
0.88026 0.071045
0.97022 0.07626
0.96722 0.084484
0.84349 0.046792
0.87219 0.067761
0.84164 0.037936
0.95719 0.085542
0.96295 0.0868
0.95869 0.086055
0.84323 0.035487
0.86135 0.059462
0.84455 0.025948
0.86049 0.056462
0.94925 0.0816
0.94891 0.080771
0.84911 0.032848
0.94752 0.0796
0.85352 0.032692
0.86475 0.053237
0.94663 0.078951
0.9453 0.077947
0.86058 0.04228
0.86853 0.05297
0.85946 0.026621
0.87938 0.059422
0.94158 0.076089
0.94482 0.076329
0.86819 0.041458
0.9445 0.075882
0.87243 0.042215
0.87751 0.050926
0.94459 0.076007
0.94439 0.075175
0.87206 0.030434
0.88503 0.053844
0.87778 0.029161
0.88227 0.046174
0.94161 0.073776
0.88511 0.036906
0.8912 0.04752
0.88523 0.026981
0.89417 0.043578
0.9236 0.06703
0.92143 0.065331
0.89073 0.032704
0.89779 0.044256
0.89737 0.029647
0.90567 0.045972
0.91965 0.06269
0.9228 0.061164
0.90239 0.030542
0.92482 0.061151
0.91043 0.036634
0.91164 0.040858
0.92553 0.061162
0.93079 0.060686
0.91482 0.033933
0.92159 0.044451
0.92098 0.034415
0.92448 0.039504
0.93365 0.057524
0.93641 0.054131
0.9267 0.028479
0.92757 0.038968
0.93351 0.024706
0.93864 0.037333
0.94182 0.049847
0.94802 0.047715
0.94135 0.028157
0.94326 0.036751
0.94612 0.026
0.96474 0.03941
0.95699 0.042937
0.96051 0.041177
0.95582 0.027182
0.96739 0.038426
0.97675 0.022951
0.97651 0.038303
