348
0.033092 0.022457
0.027071 0.034323
0.051028 0.021745
0.033284 0.034474
0.023136 0.034323
0.033529 0.034496
0.057391 0.023597
0.05964 0.029624
0.067633 0.02435
0.046318 0.039181
0.044312 0.037382
0.046547 0.039589
0.076628 0.025848
0.070054 0.034078
0.081023 0.028242
0.053311 0.04422
0.050169 0.04305
0.052889 0.044042
0.088833 0.032043
0.05523 0.04727
0.092672 0.032124
0.080737 0.047244
0.054846 0.047825
0.052944 0.049509
0.094373 0.036956
0.053261 0.050903
0.1032 0.029584
0.095761 0.043402
0.05214 0.050085
0.055308 0.051929
0.10957 0.032993
0.060734 0.055305
0.11486 0.031012
0.099289 0.049377
0.06051 0.054824
0.059122 0.055273
0.11874 0.028353
0.054465 0.054152
0.12536 0.030529
0.11079 0.045139
0.053444 0.054077
0.13009 0.022497
0.043638 0.050913
0.13456 0.030127
0.11787 0.045202
0.042975 0.050787
0.13594 0.035969
0.044786 0.052246
0.14362 0.026537
0.052837 0.05613
0.05186 0.055701
0.14633 0.034309
0.12265 0.051605
0.14649 0.038195
0.12944 0.050958
0.067015 0.065447
0.15406 0.033767
0.13378 0.051233
0.15714 0.036142
0.059081 0.060692
0.064003 0.063586
0.060198 0.061241
0.16241 0.03623
0.054204 0.058852
0.17148 0.029758
0.052017 0.058179
0.054193 0.058848
0.051969 0.058163
0.16813 0.038138
0.041772 0.053306
0.1694 0.041634
0.12216 0.061277
0.046204 0.055691
0.039108 0.051877
0.18112 0.029521
0.031747 0.055006
0.18523 0.029265
0.11108 0.065225
0.032986 0.052559
0.028513 0.060829
0.18773 0.029653
0.07503 0.078261
0.17993 0.045797
0.11635 0.064957
0.02628 0.056668
0.023361 0.045919
0.15885 0.050818
0.081231 0.073238
0.18807 0.042962
0.085736 0.072151
0.022227 0.048032
0.02194 0.059763
0.15428 0.053315
0.034296 0.05857
0.19488 0.03398
0.024582 0.077682
0.023203 0.073266
0.024633 0.077962
0.17125 0.054598
0.029126 0.068411
0.11492 0.068814
0.035206 0.068146
0.024767 0.078596
0.025579 0.081809
0.19338 0.048066
0.026239 0.084702
0.19043 0.059134
0.038506 0.057956
0.026973 0.086939
0.19196 0.05868
0.028777 0.073735
0.19687 0.045844
0.038764 0.060052
0.027801 0.087608
0.19327 0.06324
0.028903 0.087728
0.17604 0.059211
0.048861 0.061295
0.02962 0.087718
0.031081 0.087389
0.16693 0.056937
0.075647 0.083464
0.20445 0.031843
0.043166 0.074151
0.065859 0.074591
0.044366 0.081899
0.17056 0.059852
0.20512 0.034284
0.14725 0.059091
0.21697 0.02451
0.21595 0.033207
0.20875 0.045771
0.047083 0.077931
0.21899 0.041539
0.14938 0.059025
0.043412 0.081817
0.04306 0.082028
0.23236 0.03311
0.22887 0.038087
0.21157 0.058194
0.21733 0.05533
0.23561 0.037416
0.23757 0.03796
0.23203 0.043339
0.25063 0.040913
0.2648 0.041
0.27131 0.041643
0.26643 0.021302
0.28138 0.022195
0.31905 0.020122
0.48003 0.020421
0.24298 0.023674
0.35706 0.020371
0.25736 0.027375
0.25774 0.028587
0.30816 0.022661
0.43984 0.0206
0.28499 0.031279
0.29473 0.031524
0.33837 0.021326
0.42862 0.020954
0.28427 0.036347
0.30459 0.029544
0.36876 0.020975
0.41206 0.02136
0.30812 0.028194
0.294 0.044549
0.46434 0.021495
0.38009 0.021633
0.30426 0.035282
0.43575 0.021727
0.68999 0.020336
0.64276 0.020326
0.77444 0.020474
0.73241 0.021878
0.75684 0.023751
0.52696 0.020629
0.71287 0.024472
0.63708 0.021116
0.62371 0.021363
0.73612 0.027636
0.73768 0.030266
0.5804 0.021444
0.66423 0.022127
0.71634 0.028724
0.73425 0.03437
0.60117 0.022074
0.68164 0.023655
0.72248 0.037429
0.71771 0.038937
0.67154 0.023483
0.56111 0.022547
0.70072 0.027672
0.71319 0.045932
0.51977 0.022459
0.7078 0.034142
0.78308 0.021564
0.78444 0.028572
0.79631 0.038122
0.83789 0.061862
0.78668 0.040637
0.81631 0.059807
0.77915 0.047844
0.75774 0.030275
0.93293 0.071878
0.76258 0.03354
0.75349 0.034575
0.97628 0.066053
0.97678 0.04723
0.74352 0.036033
0.74688 0.039899
0.9408 0.067044
0.80849 0.060152
0.73298 0.042886
0.71407 0.048019
0.7701 0.056648
0.75246 0.043685
0.80208 0.042383
0.97266 0.073514
0.81919 0.057734
0.94886 0.062837
0.97399 0.035002
0.97813 0.038427
0.97576 0.040537
0.97626 0.042976
0.91188 0.076406
0.80125 0.055944
0.80529 0.043036
0.97856 0.039884
0.81639 0.053542
0.97868 0.040014
0.97867 0.040288
0.97862 0.039483
0.80477 0.03464
0.97842 0.038327
0.87721 0.072126
0.96609 0.074613
0.9784 0.038232
0.87586 0.071236
0.97652 0.03458
0.9049 0.07583
0.97609 0.034177
0.97688 0.034972
0.97506 0.033344
0.81484 0.044339
0.96917 0.072169
0.83965 0.057982
0.97169 0.031786
0.97347 0.032434
0.97274 0.032122
0.81445 0.036926
0.95719 0.063397
0.82099 0.046651
0.93187 0.070188
0.9699 0.031361
0.82478 0.048431
0.91139 0.073373
0.84503 0.05839
0.96336 0.036105
0.96273 0.032137
0.96362 0.036245
0.83357 0.050468
0.96592 0.037729
0.82998 0.044666
0.96763 0.039885
0.96697 0.038837
0.9676 0.03983
0.83042 0.044087
0.96961 0.043985
0.83784 0.048138
0.90136 0.071665
0.96926 0.043245
0.97051 0.052993
0.83751 0.044852
0.88732 0.069144
0.83447 0.036969
0.96383 0.057465
0.96811 0.05738
0.96504 0.057652
0.83607 0.034756
0.86264 0.061117
0.83698 0.025695
0.85975 0.058597
0.95629 0.055542
0.95573 0.054686
0.84204 0.032645
0.9543 0.053864
0.84662 0.033139
0.86375 0.056366
0.95344 0.053502
0.95215 0.053005
0.85563 0.044369
0.86858 0.056786
0.85198 0.027251
0.89036 0.06474
0.94896 0.052362
0.95127 0.051815
0.86278 0.044943
0.9509 0.051558
0.86721 0.046057
0.87804 0.056381
0.95101 0.051617
0.95059 0.051139
0.86295 0.032613
0.89087 0.060916
0.86745 0.031264
0.87849 0.051617
0.94834 0.050907
0.87666 0.04128
0.88853 0.0544
0.87323 0.028786
0.88749 0.05009
0.9276 0.064195
0.92365 0.064174
0.87939 0.036303
0.89134 0.051228
0.88334 0.032775
0.90062 0.053887
0.91987 0.063602
0.92295 0.06152
0.88779 0.034313
0.92547 0.060607
0.89743 0.043274
0.90116 0.048461
0.92637 0.060287
0.9325 0.055405
0.89907 0.039765
0.91116 0.04967
0.90374 0.039508
0.90986 0.044347
0.93346 0.052486
0.93357 0.049876
0.904 0.031034
0.91206 0.043174
0.90927 0.025724
0.92015 0.039122
0.93455 0.046044
0.93747 0.043171
0.91592 0.028877
0.92343 0.037166
0.92041 0.026002
0.94412 0.033715
0.94001 0.039519
0.9414 0.037124
0.93135 0.026334
0.94662 0.031007
0.96918 0.020886
0.96894 0.025499
