348
0.063521 0.020827
0.043287 0.024157
0.11406 0.020537
0.064495 0.024901
0.030248 0.024449
0.065249 0.024926
0.13732 0.021018
0.14493 0.022908
0.17128 0.021638
0.10141 0.028282
0.097671 0.027197
0.1018 0.028456
0.18762 0.024709
0.17579 0.026191
0.19149 0.027582
0.11865 0.027316
0.10942 0.028023
0.11721 0.027277
0.19807 0.030226
0.12247 0.028138
0.2035 0.028682
0.17888 0.038989
0.12104 0.028414
0.11394 0.029419
0.2001 0.032596
0.11392 0.02993
0.22502 0.025053
0.19344 0.037839
0.1113 0.030188
0.11945 0.030033
0.23487 0.027538
0.13037 0.031572
0.2453 0.025584
0.19281 0.038847
0.13026 0.031358
0.1265 0.031039
0.25374 0.023909
0.11516 0.030922
0.26732 0.025295
0.23164 0.03429
0.11192 0.031478
0.27634 0.021489
0.093506 0.032311
0.28337 0.026409
0.24633 0.032808
0.09234 0.0313
0.28454 0.030356
0.094956 0.033846
0.29646 0.023986
0.10829 0.033128
0.10549 0.03383
0.3004 0.028306
0.25427 0.034194
0.29973 0.030647
0.27066 0.035961
0.12984 0.036981
0.31323 0.030274
0.27902 0.037624
0.31625 0.032428
0.12191 0.033261
0.12703 0.034977
0.12356 0.033478
0.32306 0.032013
0.11013 0.0337
0.33901 0.026334
0.10368 0.035494
0.11009 0.033708
0.10356 0.03554
0.33224 0.030914
0.088954 0.030505
0.33446 0.033236
0.24971 0.035235
0.0953 0.036696
0.081038 0.029692
0.35243 0.027849
0.059649 0.031559
0.35686 0.027969
0.1969 0.039059
0.063914 0.031344
0.048712 0.032141
0.35927 0.027945
0.12981 0.039871
0.35404 0.041159
0.22814 0.0376
0.04123 0.030678
0.031621 0.027968
0.31514 0.041317
0.14485 0.039864
0.36097 0.039112
0.15361 0.03823
0.027746 0.02856
0.026461 0.031748
0.30973 0.041441
0.065147 0.03407
0.36973 0.02955
0.032398 0.036724
0.029156 0.035433
0.032486 0.036814
0.3397 0.03982
0.048635 0.03424
0.21004 0.036813
0.06276 0.037952
0.032728 0.037015
0.034163 0.038072
0.36831 0.039274
0.035082 0.039034
0.36671 0.041445
0.075685 0.032667
0.036254 0.039705
0.36918 0.041337
0.045629 0.035417
0.37411 0.037953
0.074946 0.03357
0.038102 0.039805
0.37389 0.04186
0.041025 0.039621
0.34886 0.04162
0.094946 0.0398
0.043268 0.039506
0.047712 0.039848
0.3284 0.039764
0.1292 0.039914
0.38204 0.028004
0.079573 0.037408
0.10768 0.039351
0.072516 0.038582
0.33692 0.039925
0.38261 0.029414
0.29721 0.040733
0.40709 0.022708
0.40477 0.02745
0.38499 0.036109
0.084545 0.04009
0.40816 0.034035
0.30148 0.040689
0.069459 0.038953
0.0682 0.039295
0.42775 0.033116
0.42231 0.035241
0.38614 0.041723
0.40332 0.037807
0.43197 0.040068
0.43158 0.040696
0.41613 0.039589
0.40241 0.039657
0.41705 0.039977
0.44842 0.043803
0.44972 0.022236
0.45698 0.025046
0.46834 0.020935
0.48518 0.022479
0.43584 0.026055
0.47187 0.024463
0.44235 0.033498
0.44294 0.035524
0.46841 0.033171
0.48119 0.02312
0.46632 0.042053
0.46915 0.043829
0.47586 0.034369
0.47874 0.025293
0.46248 0.045127
0.4709 0.045391
0.47417 0.030553
0.47748 0.030917
0.47126 0.045322
0.47951 0.045867
0.48376 0.028568
0.4823 0.036629
0.47937 0.046019
0.48107 0.029263
0.50678 0.021773
0.49675 0.021666
0.54944 0.020426
0.52093 0.023187
0.53674 0.025939
0.48924 0.022391
0.5109 0.033655
0.49579 0.025587
0.49448 0.026699
0.5263 0.032065
0.53025 0.036403
0.49184 0.027122
0.49976 0.031699
0.50349 0.039961
0.52143 0.039485
0.49259 0.031354
0.49814 0.038399
0.49895 0.04398
0.52106 0.043817
0.49729 0.038522
0.49086 0.034227
0.49673 0.044653
0.48479 0.046332
0.48779 0.031965
0.50353 0.044633
0.56124 0.021342
0.56271 0.027353
0.58091 0.029662
0.65565 0.03982
0.56731 0.03558
0.62 0.041086
0.5671 0.039879
0.54172 0.035994
0.87238 0.034854
0.5486 0.037591
0.54545 0.040749
0.96472 0.030478
0.96549 0.026101
0.53923 0.043346
0.55263 0.041784
0.89187 0.035817
0.59677 0.038322
0.52536 0.042258
0.48472 0.046329
0.60287 0.041798
0.56804 0.041053
0.59131 0.032072
0.95417 0.032896
0.62549 0.040027
0.90083 0.034693
0.95299 0.023697
0.97153 0.024067
0.96076 0.024795
0.96301 0.025261
0.81632 0.040603
0.58405 0.039499
0.59812 0.031041
0.97346 0.024389
0.62052 0.039237
0.97399 0.024418
0.97393 0.024478
0.97374 0.024301
0.5962 0.027501
0.97285 0.024045
0.72881 0.042709
0.93314 0.034609
0.97275 0.024024
0.72173 0.041874
0.96428 0.023284
0.79488 0.041952
0.96231 0.023262
0.9659 0.023326
0.95765 0.023186
0.61712 0.033502
0.94365 0.033405
0.66022 0.040283
0.94494 0.023006
0.95101 0.023103
0.94846 0.023057
0.61622 0.029203
0.91206 0.034692
0.62807 0.035241
0.86457 0.035402
0.9382 0.023131
0.63333 0.038847
0.81257 0.040522
0.67508 0.041778
0.91286 0.024323
0.91043 0.023375
0.91383 0.02434
0.64111 0.039131
0.92478 0.0246
0.63946 0.036448
0.93033 0.025117
0.92848 0.024784
0.93025 0.025099
0.64004 0.036122
0.93718 0.026651
0.65184 0.038002
0.77826 0.039901
0.93576 0.026393
0.94278 0.02891
0.65203 0.036092
0.74562 0.040219
0.6482 0.031221
0.91715 0.031374
0.93364 0.030038
0.92096 0.031282
0.65212 0.029799
0.6903 0.039168
0.65367 0.023758
0.68447 0.040446
0.90353 0.03217
0.90167 0.031855
0.66134 0.027384
0.89773 0.031642
0.67027 0.026851
0.6942 0.038674
0.89515 0.031428
0.89139 0.031016
0.68028 0.039468
0.70764 0.040724
0.67979 0.024996
0.75551 0.039448
0.88471 0.030156
0.88851 0.030204
0.69431 0.032831
0.8876 0.030015
0.7065 0.035701
0.72835 0.040479
0.88784 0.030061
0.88663 0.029741
0.69478 0.02637
0.75458 0.039237
0.70596 0.026582
0.72803 0.037895
0.88106 0.029376
0.72031 0.031583
0.7423 0.039516
0.71284 0.026186
0.73925 0.039053
0.84771 0.03802
0.83575 0.039061
0.72481 0.02914
0.74825 0.036103
0.73178 0.027714
0.768 0.03901
0.82725 0.038851
0.83216 0.038595
0.73781 0.029528
0.83624 0.038688
0.75963 0.033899
0.76639 0.038486
0.83856 0.038249
0.84814 0.036139
0.7611 0.032409
0.78979 0.035629
0.76737 0.032642
0.78218 0.031664
0.84627 0.034744
0.84362 0.033983
0.76539 0.02744
0.78689 0.032408
0.77325 0.023185
0.80011 0.031053
0.84048 0.032183
0.84282 0.029915
0.78726 0.024888
0.80538 0.028601
0.79487 0.023424
0.84754 0.024786
0.84371 0.027742
0.84448 0.026574
0.81672 0.022708
0.8536 0.023516
0.93541 0.020243
0.9346 0.021495
