348
0.026489 0.024944
0.026146 0.046741
0.035373 0.023077
0.031575 0.046823
0.022726 0.046741
0.031775 0.04683
0.039052 0.02572
0.043385 0.034049
0.046668 0.024868
0.047584 0.047539
0.042927 0.047239
0.04856 0.047611
0.05659 0.024676
0.054471 0.033494
0.062587 0.025904
0.063788 0.046819
0.058601 0.047101
0.063049 0.046854
0.075017 0.02806
0.074365 0.047463
0.080582 0.028037
0.083497 0.038754
0.076167 0.047731
0.082842 0.049029
0.088403 0.031084
0.091607 0.050107
0.096086 0.026485
0.098861 0.035262
0.087431 0.049793
0.095373 0.050417
0.10741 0.029397
0.10425 0.051965
0.11288 0.028315
0.11336 0.040937
0.10219 0.051345
0.10709 0.053273
0.11726 0.026449
0.1101 0.055447
0.12623 0.028321
0.12367 0.039092
0.11148 0.056383
0.13181 0.021997
0.1141 0.061994
0.13743 0.028291
0.13261 0.040311
0.11464 0.063053
0.14406 0.033433
0.11735 0.064705
0.14814 0.025832
0.12156 0.064913
0.12113 0.064894
0.15468 0.033495
0.14578 0.048186
0.15765 0.037482
0.15179 0.048749
0.12774 0.065156
0.16191 0.034228
0.15707 0.050491
0.16591 0.037309
0.12713 0.06988
0.12807 0.068155
0.12733 0.069485
0.17014 0.037789
0.12614 0.072189
0.17524 0.030343
0.12561 0.073437
0.12614 0.072195
0.1256 0.073462
0.1751 0.039611
0.11993 0.07573
0.17733 0.044355
0.16436 0.062721
0.12311 0.074998
0.11715 0.076018
0.18448 0.029587
0.1029 0.073889
0.18855 0.029067
0.16316 0.067032
0.10583 0.074593
0.091316 0.070817
0.19113 0.029268
0.14904 0.07639
0.18635 0.047331
0.16761 0.069392
0.083324 0.069146
0.069424 0.06692
0.17897 0.061067
0.1541 0.077425
0.19302 0.042005
0.15568 0.07788
0.062722 0.067058
0.059426 0.067655
0.17941 0.065752
0.10792 0.07893
0.1993 0.032755
0.05442 0.069862
0.056409 0.068735
0.054303 0.069973
0.18539 0.063943
0.084722 0.072564
0.16892 0.07791
0.10245 0.079532
0.054097 0.07028
0.053194 0.072436
0.19934 0.045323
0.051823 0.075131
0.1963 0.057032
0.11704 0.084861
0.051074 0.080639
0.19786 0.055625
0.073749 0.073358
0.20335 0.04305
0.11677 0.085953
0.052161 0.084267
0.19941 0.059704
0.054004 0.085798
0.18924 0.070533
0.12799 0.088192
0.055431 0.086036
0.058355 0.084499
0.1866 0.073203
0.14911 0.086287
0.2099 0.031129
0.10596 0.086029
0.13503 0.088943
0.080775 0.081721
0.18892 0.079649
0.21114 0.033492
0.18187 0.078667
0.22217 0.024588
0.22167 0.033394
0.21713 0.045433
0.10294 0.086775
0.22566 0.04239
0.18283 0.080455
0.079649 0.081286
0.078754 0.081293
0.23729 0.033401
0.23419 0.03855
0.22043 0.060442
0.22435 0.058574
0.24055 0.037711
0.24247 0.038217
0.23739 0.044194
0.25511 0.041643
0.26561 0.041965
0.27002 0.04099
0.271 0.021171
0.29143 0.021245
0.36695 0.020158
0.48203 0.021125
0.24763 0.02371
0.40035 0.020946
0.26185 0.027382
0.26222 0.028586
0.35489 0.021917
0.47162 0.02235
0.29743 0.025729
0.32371 0.024326
0.37725 0.022797
0.46724 0.02318
0.28952 0.0292
0.34961 0.025672
0.41351 0.023739
0.4505 0.024537
0.35484 0.025892
0.28898 0.033944
0.47726 0.025621
0.4171 0.026546
0.34585 0.027887
0.47062 0.026424
0.61981 0.020279
0.58 0.020698
0.76987 0.020451
0.71919 0.021087
0.75092 0.023382
0.52166 0.021467
0.67483 0.021859
0.57738 0.022384
0.57102 0.022931
0.72512 0.024998
0.72754 0.026961
0.55157 0.023237
0.59003 0.024441
0.68397 0.023407
0.72535 0.02925
0.5608 0.02465
0.60105 0.025524
0.70914 0.027921
0.6991 0.02756
0.59355 0.026678
0.54301 0.02577
0.65077 0.025467
0.70351 0.030723
0.51867 0.026184
0.6638 0.026958
0.7788 0.021645
0.78017 0.029216
0.789 0.042563
0.81046 0.076506
0.78165 0.042809
0.80027 0.068253
0.7732 0.046672
0.75189 0.029308
0.86761 0.087686
0.75697 0.032452
0.74762 0.03283
0.92951 0.076834
0.93553 0.075894
0.73758 0.032612
0.74214 0.036812
0.87026 0.088644
0.79341 0.074111
0.73241 0.037913
0.71714 0.035307
0.76445 0.056006
0.74786 0.042771
0.79239 0.049594
0.92187 0.077705
0.80289 0.064665
0.8747 0.086194
0.94555 0.072881
0.95744 0.079547
0.93966 0.075159
0.93806 0.075546
0.8479 0.084843
0.78953 0.071723
0.79456 0.04972
0.95992 0.081907
0.80125 0.059859
0.96136 0.082277
0.96071 0.08239
0.96152 0.08186
0.79563 0.038148
0.96129 0.080249
0.82887 0.077137
0.90342 0.080767
0.96123 0.080102
0.82834 0.075784
0.95632 0.073417
0.84126 0.07795
0.95561 0.072568
0.95699 0.074235
0.95454 0.070829
0.80193 0.049134
0.90879 0.077634
0.81433 0.064137
0.95203 0.067553
0.95342 0.068908
0.95286 0.068235
0.80306 0.039825
0.88169 0.080967
0.80679 0.05066
0.86895 0.07989
0.95065 0.06687
0.80927 0.052577
0.84798 0.074181
0.81859 0.061428
0.93454 0.066627
0.94355 0.066205
0.93423 0.06665
0.81547 0.053714
0.93171 0.066778
0.81492 0.047042
0.92834 0.066961
0.92996 0.066866
0.92844 0.066954
0.81544 0.046213
0.92162 0.067862
0.82003 0.049813
0.84121 0.066618
0.92283 0.067657
0.90785 0.070315
0.82103 0.045704
0.8375 0.063145
0.82099 0.036997
0.89209 0.072287
0.8988 0.071873
0.89364 0.072266
0.82316 0.034505
0.83381 0.054997
0.82569 0.025505
0.83495 0.052208
0.88566 0.071328
0.88573 0.070468
0.8302 0.031547
0.88497 0.06969
0.83526 0.031074
0.84198 0.048352
0.88458 0.069234
0.88417 0.068447
0.84082 0.038748
0.84652 0.047345
0.84269 0.025551
0.85303 0.051661
0.88258 0.067234
0.88551 0.066433
0.85014 0.036992
0.88576 0.065926
0.85516 0.03699
0.85828 0.043873
0.88568 0.066069
0.88666 0.064969
0.8585 0.027868
0.86543 0.045731
0.86632 0.026595
0.86618 0.039013
0.88608 0.063696
0.8742 0.031903
0.8765 0.03985
0.87683 0.024911
0.88263 0.036468
0.88364 0.056809
0.88549 0.054789
0.88421 0.028827
0.88676 0.037049
0.8943 0.026675
0.89547 0.038298
0.88979 0.051872
0.89711 0.050023
0.90153 0.027235
0.89961 0.049845
0.9096 0.031329
0.90785 0.03426
0.90044 0.049804
0.90786 0.049377
0.91803 0.029682
0.91814 0.037277
0.92612 0.03025
0.92611 0.033956
0.91743 0.048085
0.92502 0.046776
0.93644 0.02646
0.93055 0.033831
0.94509 0.024079
0.94427 0.035631
0.93527 0.046071
0.94262 0.046467
0.95332 0.027992
0.94889 0.036342
0.95802 0.026519
0.96252 0.047039
0.95373 0.046927
0.95764 0.046962
0.96629 0.030153
0.9656 0.047088
0.9782 0.025322
0.97588 0.047149
