348
0.064315 0.020882
0.045085 0.024172
0.1154 0.020582
0.065215 0.025233
0.031285 0.024054
0.065913 0.025265
0.13685 0.021027
0.14473 0.022905
0.17089 0.021646
0.10318 0.027815
0.098559 0.026648
0.10361 0.027998
0.18631 0.025129
0.17532 0.026557
0.18995 0.028416
0.11988 0.027879
0.1109 0.028145
0.11845 0.027832
0.19581 0.031492
0.12295 0.028774
0.20065 0.029966
0.17873 0.038916
0.12181 0.029067
0.11538 0.030214
0.19777 0.034208
0.11553 0.030773
0.21832 0.026474
0.1919 0.039987
0.11307 0.030897
0.12075 0.030822
0.22586 0.030014
0.13037 0.032655
0.23354 0.027427
0.19129 0.040246
0.13024 0.032448
0.1267 0.031935
0.2402 0.024928
0.11716 0.031797
0.25134 0.02644
0.22232 0.039003
0.11417 0.032514
0.25877 0.021747
0.093943 0.031157
0.26486 0.026731
0.23412 0.03704
0.092711 0.030159
0.26652 0.030833
0.09547 0.032628
0.27802 0.024149
0.11091 0.033207
0.10807 0.033366
0.28174 0.028551
0.24141 0.038186
0.28154 0.031025
0.25544 0.038632
0.13055 0.03869
0.29548 0.029042
0.26309 0.039593
0.29955 0.031245
0.12335 0.034419
0.12785 0.036361
0.12456 0.034641
0.30706 0.031338
0.11315 0.034666
0.32311 0.02592
0.10649 0.034843
0.11311 0.03466
0.10637 0.034879
0.31567 0.030636
0.088928 0.02993
0.31801 0.032951
0.23695 0.039154
0.095674 0.035311
0.08039 0.029708
0.33728 0.026826
0.060679 0.032352
0.3422 0.026571
0.19508 0.040429
0.064545 0.032166
0.049968 0.03246
0.34519 0.026483
0.1308 0.040643
0.33525 0.03849
0.21848 0.040912
0.043004 0.030558
0.032797 0.027337
0.30049 0.038793
0.14486 0.03939
0.34439 0.035689
0.15249 0.03814
0.02853 0.027773
0.026977 0.030668
0.29486 0.038905
0.065627 0.035199
0.35845 0.028429
0.032196 0.035404
0.029249 0.034023
0.032262 0.035495
0.32298 0.039219
0.049488 0.034592
0.20596 0.039932
0.063554 0.039568
0.032451 0.035704
0.033566 0.036832
0.35577 0.035954
0.034177 0.037806
0.35267 0.036814
0.075273 0.033257
0.035075 0.038423
0.35679 0.037808
0.045992 0.035646
0.36459 0.037067
0.074502 0.034287
0.036722 0.038677
0.36459 0.039043
0.039419 0.038894
0.32958 0.03968
0.095078 0.038073
0.042095 0.039103
0.047144 0.039775
0.31216 0.038134
0.13029 0.040694
0.37076 0.027127
0.078222 0.037833
0.11244 0.039156
0.071892 0.039239
0.32028 0.039303
0.37109 0.028305
0.28346 0.04103
0.37802 0.022675
0.37739 0.027064
0.37259 0.03403
0.083049 0.03907
0.37968 0.03429
0.28758 0.040803
0.069228 0.039879
0.068154 0.039987
0.39485 0.032992
0.3904 0.035762
0.37392 0.038576
0.37913 0.036764
0.40202 0.040067
0.4018 0.040259
0.38644 0.039695
0.37931 0.037829
0.38721 0.039804
0.4171 0.038563
0.41695 0.021773
0.4266 0.023916
0.44085 0.020699
0.46452 0.02174
0.40159 0.025893
0.44614 0.023244
0.40817 0.032379
0.40919 0.034206
0.44105 0.029827
0.45898 0.022256
0.43931 0.036952
0.44331 0.037942
0.45182 0.030199
0.45565 0.023883
0.4355 0.03935
0.44632 0.03893
0.44938 0.027579
0.45394 0.027872
0.44686 0.038825
0.45829 0.039018
0.46262 0.026073
0.46091 0.031912
0.45813 0.039135
0.45882 0.026706
0.49427 0.021327
0.48127 0.021216
0.55145 0.020288
0.51314 0.022525
0.5333 0.024357
0.4704 0.021639
0.4997 0.03017
0.4799 0.024051
0.47799 0.024814
0.51952 0.029645
0.5243 0.03282
0.47418 0.025039
0.48528 0.028706
0.4907 0.035251
0.51339 0.035538
0.4753 0.028068
0.48379 0.033606
0.48561 0.037974
0.51279 0.038906
0.48278 0.033633
0.47295 0.02998
0.48301 0.038266
0.46582 0.038527
0.46835 0.028258
0.49118 0.038938
0.5688 0.020936
0.57071 0.025131
0.59823 0.026168
0.69199 0.037995
0.57671 0.030802
0.65199 0.036427
0.57648 0.033687
0.53976 0.031374
0.90051 0.037474
0.55044 0.031933
0.54546 0.034241
0.96953 0.035607
0.97001 0.029061
0.5357 0.036324
0.5567 0.034933
0.91634 0.03878
0.62202 0.032607
0.51787 0.038011
0.46572 0.038534
0.63148 0.035298
0.57785 0.033873
0.61335 0.028222
0.9636 0.038317
0.65945 0.035403
0.92318 0.037941
0.96198 0.025175
0.97423 0.025973
0.9669 0.026916
0.96843 0.027685
0.85928 0.035164
0.6018 0.032298
0.62426 0.027589
0.97554 0.026445
0.65274 0.035178
0.97591 0.026488
0.97587 0.026576
0.97574 0.026315
0.62122 0.025145
0.97513 0.025941
0.77757 0.039293
0.94826 0.039097
0.97507 0.02591
0.76799 0.039429
0.96929 0.024847
0.83761 0.038388
0.96795 0.024737
0.9704 0.024946
0.96492 0.02454
0.64867 0.030815
0.95532 0.03864
0.69639 0.038177
0.9554 0.024135
0.96053 0.024305
0.95848 0.024237
0.64756 0.027365
0.93377 0.038821
0.66311 0.031955
0.89357 0.037022
0.95046 0.024174
0.67025 0.035561
0.85571 0.036168
0.71526 0.039129
0.93203 0.025483
0.93003 0.02426
0.9328 0.02552
0.67849 0.037256
0.94086 0.026319
0.67709 0.034555
0.94508 0.027168
0.94368 0.026709
0.94502 0.027145
0.67764 0.034345
0.94974 0.02889
0.6887 0.036864
0.81994 0.039148
0.94882 0.028596
0.95364 0.032179
0.68924 0.035064
0.79329 0.039769
0.6862 0.03067
0.93625 0.034997
0.94756 0.033618
0.93851 0.035301
0.69047 0.029182
0.7321 0.039361
0.69208 0.023495
0.72611 0.039284
0.92478 0.034831
0.92302 0.034407
0.70036 0.026658
0.92022 0.034172
0.71068 0.026016
0.73607 0.038618
0.91802 0.033845
0.91446 0.033294
0.72185 0.037939
0.75379 0.039049
0.72151 0.024553
0.8009 0.040103
0.90845 0.031861
0.91172 0.032303
0.73642 0.032733
0.91087 0.031991
0.75082 0.035297
0.77603 0.037696
0.91109 0.032069
0.90998 0.031543
0.73683 0.026297
0.80008 0.039738
0.74851 0.026377
0.77453 0.035408
0.90519 0.03097
0.76374 0.03083
0.79018 0.039528
0.75568 0.025867
0.78778 0.038326
0.87758 0.036897
0.86572 0.03701
0.76838 0.027761
0.79506 0.035761
0.7765 0.026768
0.81068 0.039354
0.86316 0.035774
0.86406 0.036875
0.78393 0.02894
0.86601 0.036891
0.80572 0.0342
0.80962 0.038821
0.86756 0.036697
0.87694 0.036427
0.8072 0.032423
0.83433 0.034496
0.81236 0.032634
0.82791 0.030635
0.87355 0.034473
0.87049 0.033269
0.81085 0.027253
0.83244 0.031617
0.81908 0.023033
0.84814 0.030001
0.86822 0.031131
0.86946 0.029018
0.83402 0.024535
0.85401 0.027545
0.84257 0.023086
0.8728 0.024498
0.86962 0.027038
0.87002 0.026012
0.86164 0.022013
0.88034 0.023372
0.94859 0.020328
0.94804 0.02202
