348
0.064359 0.020893
0.044441 0.024112
0.1139 0.020606
0.065262 0.025312
0.03091 0.024204
0.065961 0.025353
0.13611 0.020858
0.14637 0.022427
0.17239 0.02183
0.10219 0.028242
0.098009 0.026964
0.10259 0.028444
0.1864 0.025185
0.17641 0.027366
0.19024 0.028053
0.11776 0.028078
0.10962 0.028756
0.11645 0.028067
0.19637 0.029935
0.12099 0.028866
0.20243 0.028514
0.18225 0.040194
0.11975 0.029238
0.11392 0.030642
0.19823 0.032221
0.11397 0.031238
0.22356 0.026043
0.19275 0.038974
0.1117 0.031483
0.11839 0.031101
0.23096 0.029965
0.12843 0.031519
0.23855 0.027598
0.19211 0.039401
0.12833 0.031333
0.12452 0.031454
0.24444 0.024803
0.11513 0.032274
0.25726 0.025796
0.22672 0.038335
0.1125 0.033198
0.26516 0.021703
0.094375 0.03158
0.27128 0.02674
0.23896 0.037572
0.092808 0.03045
0.27298 0.030768
0.095883 0.033285
0.28469 0.023448
0.10934 0.034313
0.10663 0.034582
0.28961 0.02679
0.24599 0.037616
0.28939 0.028805
0.26186 0.037642
0.12768 0.037298
0.30776 0.027742
0.269 0.039867
0.31288 0.030232
0.12024 0.034697
0.12494 0.035473
0.12152 0.034657
0.32106 0.030921
0.11131 0.035637
0.3368 0.025713
0.10507 0.036037
0.11127 0.035633
0.10497 0.036064
0.32939 0.03021
0.088714 0.029985
0.3323 0.032588
0.24151 0.039066
0.096263 0.036319
0.079907 0.029699
0.35161 0.026644
0.06012 0.032296
0.35634 0.026932
0.19551 0.03823
0.064548 0.032335
0.048468 0.032256
0.35916 0.026903
0.12779 0.03819
0.35032 0.038516
0.22302 0.039641
0.041968 0.030473
0.032371 0.027563
0.31734 0.037734
0.14995 0.036094
0.35799 0.037104
0.15967 0.03828
0.028246 0.028044
0.026676 0.031035
0.31082 0.036624
0.065634 0.035464
0.37096 0.029288
0.03031 0.036077
0.028139 0.034537
0.03034 0.036173
0.33871 0.038781
0.046852 0.034506
0.20808 0.037069
0.06275 0.039745
0.030438 0.036393
0.031017 0.037562
0.36765 0.037605
0.031206 0.038588
0.36482 0.038872
0.075369 0.033702
0.031704 0.03912
0.36845 0.039312
0.042226 0.035701
0.37706 0.03749
0.074768 0.034811
0.032861 0.039288
0.37697 0.038738
0.034672 0.039433
0.34549 0.039184
0.096007 0.039416
0.036646 0.039551
0.040877 0.039873
0.32865 0.03782
0.12717 0.038153
0.38346 0.027117
0.079947 0.038105
0.11024 0.040296
0.072711 0.040128
0.336 0.038655
0.38385 0.028291
0.29144 0.035983
0.39038 0.02256
0.38977 0.02673
0.38602 0.033959
0.084968 0.038537
0.39231 0.034236
0.29933 0.036246
0.069788 0.040323
0.068567 0.040226
0.40688 0.03335
0.40283 0.036359
0.38776 0.038415
0.39191 0.036709
0.41222 0.039724
0.4119 0.039862
0.39904 0.039606
0.39215 0.037893
0.39975 0.039704
0.43006 0.039276
0.43119 0.021806
0.43946 0.024431
0.45249 0.020728
0.48004 0.021454
0.41392 0.025577
0.45754 0.02308
0.42116 0.031115
0.42194 0.033059
0.45268 0.030204
0.47292 0.021903
0.45012 0.037797
0.45355 0.0381
0.46424 0.028682
0.46885 0.023186
0.44594 0.039565
0.45712 0.038057
0.46128 0.02681
0.46675 0.026485
0.45784 0.037874
0.47392 0.036072
0.47767 0.02507
0.47601 0.029991
0.47373 0.036115
0.47272 0.025658
0.5147 0.021072
0.49984 0.021034
0.57562 0.020326
0.53936 0.022238
0.56036 0.024802
0.48642 0.021357
0.52274 0.027886
0.49819 0.023414
0.49589 0.024027
0.54619 0.028842
0.55216 0.032918
0.49109 0.02424
0.5047 0.027348
0.51207 0.032659
0.54234 0.034002
0.49251 0.026826
0.50399 0.031642
0.50711 0.03527
0.543 0.036694
0.50272 0.031705
0.48986 0.028352
0.50389 0.035481
0.48323 0.035532
0.48386 0.026823
0.51314 0.035311
0.59075 0.02109
0.59224 0.026017
0.61156 0.029735
0.69143 0.038202
0.59876 0.034772
0.65194 0.038151
0.601 0.039333
0.56567 0.032981
0.90259 0.039757
0.5755 0.033755
0.5708 0.037465
0.96999 0.035422
0.96984 0.028931
0.56337 0.038501
0.58045 0.03828
0.91616 0.039465
0.62691 0.034457
0.54752 0.036603
0.48317 0.03554
0.63538 0.037844
0.60283 0.039668
0.621 0.03102
0.96518 0.038554
0.6614 0.037615
0.92338 0.037616
0.96167 0.025234
0.97413 0.025872
0.96667 0.026864
0.96823 0.027582
0.86603 0.035861
0.61439 0.039536
0.63084 0.028216
0.97547 0.026336
0.65338 0.037105
0.97584 0.026378
0.9758 0.026465
0.97567 0.026208
0.62782 0.025821
0.97505 0.02584
0.77618 0.03891
0.95034 0.039299
0.97498 0.02581
0.76622 0.038189
0.96911 0.024778
0.84626 0.037103
0.96775 0.024683
0.97023 0.024865
0.96466 0.02454
0.65135 0.032273
0.95742 0.039239
0.69646 0.03905
0.95523 0.02429
0.96024 0.02438
0.9582 0.024344
0.65162 0.02841
0.93601 0.038516
0.6653 0.034122
0.89727 0.038773
0.9506 0.024407
0.66993 0.03929
0.86333 0.036842
0.71555 0.0397
0.93282 0.025289
0.93064 0.024047
0.93367 0.025356
0.67588 0.039682
0.9416 0.026493
0.67531 0.036909
0.94556 0.027589
0.94425 0.027033
0.9455 0.027562
0.67602 0.036491
0.94988 0.02935
0.68708 0.03736
0.82551 0.037927
0.94906 0.029053
0.95419 0.032781
0.68829 0.035482
0.79416 0.037452
0.6854 0.030782
0.93792 0.035222
0.94871 0.034485
0.9402 0.035763
0.69052 0.029273
0.73343 0.039064
0.69228 0.023458
0.72799 0.038519
0.92515 0.034303
0.92304 0.034216
0.70031 0.027155
0.91973 0.034467
0.70952 0.02656
0.73698 0.039555
0.91764 0.034452
0.91413 0.034425
0.72152 0.037351
0.75199 0.038808
0.71987 0.024394
0.80594 0.038513
0.90907 0.033484
0.91186 0.033706
0.73605 0.033501
0.91115 0.033468
0.74933 0.035276
0.77518 0.037681
0.91134 0.033528
0.9104 0.033022
0.73576 0.026657
0.80459 0.0379
0.74681 0.026331
0.77412 0.035531
0.90635 0.032336
0.76315 0.02995
0.79003 0.03804
0.75445 0.025432
0.78725 0.03743
0.88335 0.037813
0.87268 0.037959
0.76835 0.027256
0.79688 0.034015
0.77657 0.026638
0.81561 0.038661
0.86992 0.037088
0.8711 0.037929
0.78372 0.028684
0.87294 0.037922
0.8097 0.033934
0.81458 0.038599
0.87435 0.037849
0.8827 0.037507
0.81069 0.032206
0.84001 0.034265
0.81571 0.032249
0.83186 0.029806
0.87925 0.035458
0.87564 0.034177
0.81367 0.026978
0.8367 0.031121
0.82191 0.022904
0.85285 0.029972
0.8728 0.031871
0.87329 0.029554
0.83769 0.024348
0.85856 0.027656
0.84693 0.022944
0.87634 0.024744
0.87329 0.027447
0.87367 0.026356
0.86575 0.022074
0.88349 0.023538
0.94885 0.020346
0.94833 0.022137
