348
0.069178 0.020725
0.046892 0.023766
0.12762 0.020563
0.070284 0.024284
0.031918 0.023815
0.071141 0.024294
0.15119 0.020973
0.15907 0.022916
0.18338 0.02183
0.11534 0.027627
0.11069 0.026234
0.11577 0.027833
0.19859 0.024705
0.18731 0.026919
0.20271 0.027404
0.1321 0.027423
0.12317 0.028075
0.13059 0.02744
0.20937 0.030324
0.13554 0.028106
0.2148 0.029114
0.19004 0.039287
0.13425 0.02844
0.12766 0.029874
0.21157 0.032856
0.12781 0.030409
0.23446 0.025484
0.20454 0.037704
0.12544 0.030677
0.13307 0.030144
0.24354 0.028425
0.14424 0.031426
0.25236 0.026599
0.20381 0.037891
0.14407 0.031226
0.13993 0.030739
0.25955 0.024483
0.12938 0.0313
0.27165 0.02618
0.23987 0.03572
0.12658 0.032195
0.27912 0.021716
0.10636 0.030085
0.28536 0.026481
0.25451 0.035287
0.10468 0.029052
0.287 0.030474
0.10838 0.031623
0.29893 0.023747
0.12351 0.033114
0.12077 0.033361
0.30303 0.027717
0.26224 0.036839
0.30268 0.02997
0.27557 0.038173
0.14516 0.036991
0.3199 0.028239
0.28255 0.038939
0.32427 0.030586
0.13613 0.033304
0.14162 0.034631
0.13757 0.033394
0.33131 0.031529
0.12572 0.03439
0.34803 0.025291
0.11942 0.034868
0.12569 0.034387
0.11932 0.034902
0.33967 0.030168
0.10003 0.028493
0.34184 0.032195
0.25805 0.037424
0.10919 0.034206
0.089421 0.02772
0.36487 0.02615
0.064234 0.030376
0.37004 0.026237
0.20822 0.038305
0.069154 0.03001
0.05182 0.03104
0.37283 0.026347
0.1457 0.038692
0.36252 0.036812
0.23476 0.037471
0.044514 0.029598
0.033515 0.026873
0.32603 0.038214
0.16096 0.039697
0.37154 0.035429
0.16818 0.039233
0.029008 0.02736
0.027368 0.030101
0.32071 0.03726
0.070128 0.03246
0.38579 0.028262
0.032396 0.03452
0.029536 0.03329
0.032452 0.034605
0.34702 0.037202
0.050821 0.032981
0.22 0.038616
0.066702 0.03628
0.032619 0.034798
0.033599 0.035837
0.38265 0.035879
0.034082 0.036748
0.37943 0.037105
0.082744 0.030609
0.034878 0.037306
0.38353 0.037581
0.046713 0.034228
0.392 0.036042
0.081737 0.031445
0.036435 0.037488
0.39193 0.037822
0.038892 0.03761
0.35555 0.036998
0.10922 0.036794
0.041665 0.03768
0.047045 0.038042
0.33565 0.037808
0.14507 0.038639
0.3993 0.026474
0.087578 0.034189
0.12536 0.038794
0.078149 0.035463
0.34361 0.037803
0.3997 0.027534
0.30375 0.038787
0.40703 0.022367
0.40637 0.02626
0.40144 0.032655
0.094168 0.035023
0.40888 0.032726
0.31016 0.037438
0.074469 0.035926
0.072989 0.035994
0.42561 0.031015
0.42074 0.033711
0.40288 0.036679
0.40823 0.034909
0.43285 0.036386
0.4325 0.03649
0.41613 0.037007
0.40842 0.035877
0.41695 0.037011
0.45335 0.038444
0.45286 0.021742
0.46179 0.024329
0.47469 0.020692
0.49989 0.021795
0.43442 0.024808
0.48013 0.022986
0.44283 0.030315
0.44389 0.03204
0.47493 0.029702
0.49434 0.022248
0.4732 0.037072
0.47725 0.036873
0.48711 0.029389
0.49119 0.023658
0.46934 0.040279
0.48182 0.037443
0.4842 0.027011
0.48939 0.027262
0.48262 0.037384
0.49641 0.039091
0.49799 0.026199
0.49695 0.03208
0.49629 0.039148
0.49419 0.026672
0.52824 0.021354
0.51624 0.021268
0.58291 0.020348
0.5477 0.022543
0.56735 0.02485
0.5053 0.021669
0.5343 0.030152
0.51488 0.024215
0.51302 0.024979
0.55439 0.029664
0.55985 0.033726
0.50907 0.025166
0.52006 0.029065
0.52496 0.03564
0.55079 0.035495
0.51025 0.028329
0.51896 0.034248
0.52075 0.038738
0.5515 0.038491
0.51801 0.034288
0.50794 0.030186
0.51851 0.039063
0.50303 0.039155
0.50328 0.028404
0.52542 0.039209
0.59609 0.021221
0.59743 0.026652
0.61775 0.028879
0.69457 0.039221
0.60239 0.034496
0.65817 0.039597
0.60322 0.038487
0.57268 0.032997
0.90127 0.038665
0.58267 0.034479
0.57862 0.037404
0.96938 0.035388
0.96987 0.028932
0.57069 0.038466
0.58746 0.039274
0.91648 0.03942
0.63477 0.036766
0.55588 0.037828
0.50297 0.039169
0.64246 0.039815
0.60486 0.038795
0.62813 0.031331
0.96336 0.038109
0.66484 0.037536
0.92311 0.03842
0.96172 0.02512
0.97415 0.025888
0.96671 0.026827
0.96826 0.027581
0.86392 0.036786
0.62142 0.038018
0.63643 0.029996
0.97548 0.026353
0.65885 0.037878
0.97585 0.026395
0.97581 0.026482
0.97568 0.026225
0.634 0.026868
0.97506 0.025856
0.77653 0.0389
0.9479 0.039044
0.97499 0.025825
0.76812 0.039543
0.96914 0.02478
0.84571 0.039119
0.96778 0.024674
0.97026 0.024876
0.9647 0.024485
0.65553 0.033083
0.955 0.038498
0.6987 0.039339
0.95509 0.024104
0.96025 0.024262
0.95819 0.024198
0.65457 0.028953
0.9335 0.039099
0.668 0.033531
0.89494 0.038506
0.95012 0.024152
0.67459 0.037822
0.86093 0.037957
0.71855 0.040139
0.93179 0.025575
0.92983 0.024342
0.93254 0.025607
0.68187 0.039166
0.94047 0.026358
0.68067 0.036214
0.94471 0.027175
0.94331 0.026727
0.94465 0.027153
0.68115 0.035973
0.94939 0.028849
0.69146 0.038528
0.82624 0.037648
0.94847 0.028566
0.95331 0.032095
0.69193 0.036479
0.79517 0.03653
0.68897 0.031757
0.93593 0.035173
0.9472 0.033591
0.93815 0.035438
0.69287 0.029868
0.73351 0.039724
0.69432 0.023682
0.72808 0.040137
0.92467 0.035202
0.92295 0.034794
0.70211 0.026908
0.92021 0.034596
0.71236 0.026154
0.73713 0.038867
0.91809 0.034292
0.91467 0.033774
0.72425 0.038816
0.7545 0.038997
0.72273 0.024753
0.8052 0.038111
0.90889 0.03241
0.91204 0.032783
0.73722 0.032906
0.91122 0.03247
0.75152 0.035242
0.77541 0.037517
0.91143 0.032548
0.91036 0.032029
0.73756 0.026381
0.80426 0.037692
0.74919 0.026368
0.77436 0.035395
0.90576 0.031576
0.76448 0.030875
0.79087 0.036533
0.75636 0.025858
0.7878 0.036124
0.88045 0.038537
0.86973 0.038725
0.76906 0.027818
0.79782 0.033534
0.77705 0.026573
0.81548 0.037907
0.86738 0.037402
0.86822 0.038603
0.7848 0.028071
0.86999 0.038588
0.81015 0.03316
0.81435 0.037564
0.87138 0.038353
0.87987 0.038021
0.81164 0.031604
0.84168 0.034602
0.8171 0.031688
0.8341 0.029924
0.87677 0.03587
0.87397 0.034546
0.81547 0.026712
0.83914 0.031478
0.82447 0.0228
0.85376 0.031101
0.87186 0.032227
0.87296 0.029898
0.84051 0.024527
0.859 0.028387
0.84867 0.023287
0.87602 0.024932
0.8731 0.027723
0.87348 0.026594
0.8658 0.022223
0.88288 0.0237
0.94824 0.020327
0.94769 0.022015
