348
0.065768 0.02083
0.045418 0.024041
0.11634 0.020544
0.066808 0.024963
0.031378 0.024043
0.067613 0.025042
0.14003 0.020954
0.14865 0.022618
0.17241 0.021916
0.10375 0.027766
0.099843 0.026598
0.10416 0.027988
0.18862 0.024401
0.17668 0.027046
0.19321 0.0268
0.12095 0.027426
0.11211 0.027968
0.11918 0.027354
0.20012 0.02916
0.12486 0.028135
0.20668 0.02842
0.17993 0.038343
0.12345 0.028491
0.11631 0.029547
0.20172 0.031589
0.11627 0.030085
0.22594 0.026103
0.19433 0.036786
0.11398 0.030283
0.12181 0.03024
0.23394 0.029158
0.13336 0.032075
0.2427 0.027059
0.19347 0.037002
0.13318 0.031841
0.12889 0.03064
0.24872 0.024675
0.11732 0.031095
0.26141 0.025529
0.22738 0.038172
0.11454 0.031821
0.27009 0.021562
0.095793 0.031347
0.27691 0.026163
0.24159 0.036631
0.094147 0.030322
0.27867 0.030014
0.097205 0.032938
0.29072 0.023652
0.11111 0.033201
0.10771 0.034181
0.29504 0.027555
0.24868 0.037648
0.29492 0.029786
0.26455 0.03637
0.13468 0.038497
0.31091 0.028501
0.27305 0.03767
0.31559 0.031089
0.1245 0.033513
0.13043 0.0348
0.12612 0.033464
0.32301 0.031573
0.11309 0.034166
0.33935 0.024774
0.10552 0.035471
0.11306 0.034163
0.10539 0.035479
0.33083 0.029755
0.089901 0.029955
0.33295 0.031684
0.24396 0.038095
0.097002 0.036009
0.081753 0.030143
0.3578 0.02591
0.061 0.031823
0.36299 0.026381
0.19777 0.036787
0.06593 0.031458
0.049561 0.032038
0.36586 0.026308
0.13515 0.039264
0.35459 0.036001
0.2237 0.03992
0.042934 0.030151
0.032902 0.027279
0.31883 0.039393
0.15234 0.036328
0.36411 0.035805
0.16152 0.040318
0.0286 0.027732
0.027042 0.030581
0.31375 0.038391
0.067212 0.034467
0.37908 0.027857
0.030955 0.03551
0.02864 0.033978
0.030987 0.035604
0.33739 0.036192
0.04788 0.034353
0.21012 0.037747
0.063297 0.038746
0.031093 0.035821
0.031716 0.036975
0.37435 0.035578
0.031927 0.037984
0.37098 0.037024
0.077701 0.034124
0.032457 0.038517
0.37523 0.036818
0.043286 0.03536
0.38578 0.034279
0.077235 0.035218
0.033669 0.038708
0.38555 0.035278
0.035533 0.038886
0.34732 0.035805
0.096009 0.039166
0.037479 0.039026
0.042015 0.039215
0.32729 0.037885
0.1343 0.039018
0.39466 0.026076
0.082322 0.0392
0.11116 0.038685
0.075708 0.040258
0.33405 0.037008
0.39514 0.027097
0.29652 0.037864
0.40233 0.022273
0.4017 0.025965
0.39737 0.032134
0.086114 0.03943
0.40398 0.032838
0.30416 0.03868
0.072313 0.03954
0.070855 0.039481
0.42065 0.031583
0.41567 0.034463
0.39869 0.036205
0.40328 0.034972
0.42559 0.03843
0.4253 0.038422
0.41054 0.037756
0.4034 0.036056
0.41144 0.037785
0.44131 0.038198
0.44706 0.021639
0.45612 0.023937
0.47088 0.020671
0.4991 0.021685
0.42888 0.02528
0.47682 0.022858
0.43574 0.030612
0.43573 0.032594
0.47084 0.029448
0.49264 0.022041
0.4657 0.036099
0.46938 0.037012
0.48351 0.028348
0.48851 0.023237
0.46065 0.03746
0.47474 0.03678
0.48079 0.026339
0.48643 0.026424
0.47588 0.036686
0.49576 0.037725
0.49703 0.025695
0.49594 0.031026
0.49558 0.037709
0.49244 0.026056
0.5267 0.021443
0.51489 0.021286
0.57724 0.020343
0.54324 0.022911
0.56292 0.025087
0.50406 0.021653
0.53241 0.031306
0.51362 0.02426
0.51168 0.025077
0.54889 0.030254
0.55473 0.033847
0.50791 0.025323
0.51856 0.029162
0.52461 0.03727
0.54468 0.037492
0.50897 0.028637
0.51839 0.034637
0.52101 0.03944
0.54481 0.040222
0.5175 0.034752
0.50713 0.030414
0.51859 0.039219
0.50355 0.038844
0.50213 0.028171
0.5254 0.04013
0.59145 0.021198
0.59275 0.026586
0.61289 0.028828
0.69474 0.037371
0.59658 0.034786
0.65216 0.03741
0.59693 0.038863
0.5679 0.033768
0.90192 0.040056
0.57717 0.03447
0.57288 0.038264
0.97077 0.035574
0.96994 0.029035
0.56604 0.03954
0.58126 0.039479
0.91725 0.039554
0.6272 0.036682
0.54906 0.03935
0.5035 0.038837
0.63511 0.040073
0.60029 0.038526
0.62314 0.031821
0.96683 0.038588
0.66124 0.036915
0.92514 0.038869
0.96184 0.025379
0.97419 0.025926
0.9668 0.02698
0.96834 0.027685
0.8704 0.037436
0.6164 0.039482
0.63075 0.029548
0.97551 0.026394
0.65359 0.03688
0.97588 0.026436
0.97583 0.026524
0.97571 0.026265
0.62796 0.026597
0.97509 0.025894
0.78049 0.038867
0.95272 0.039391
0.97503 0.025863
0.77239 0.038041
0.96921 0.024832
0.84908 0.038934
0.96786 0.024752
0.97032 0.024918
0.9648 0.024637
0.65126 0.031669
0.96007 0.039175
0.69996 0.03768
0.95566 0.024467
0.96049 0.024514
0.95846 0.024497
0.65145 0.027944
0.93792 0.039288
0.66493 0.033335
0.89829 0.039597
0.95125 0.024609
0.66989 0.037366
0.86794 0.03853
0.72248 0.038612
0.93421 0.025603
0.93218 0.024254
0.93499 0.025668
0.67683 0.037323
0.94274 0.026809
0.67622 0.034785
0.94645 0.027915
0.94521 0.027348
0.9464 0.027888
0.67708 0.034498
0.95052 0.029756
0.69036 0.036265
0.82993 0.038886
0.94977 0.029434
0.95531 0.033294
0.69152 0.03452
0.79803 0.03927
0.68841 0.02992
0.93956 0.036234
0.95016 0.035076
0.94209 0.036779
0.69359 0.028714
0.74141 0.039284
0.69531 0.023283
0.73596 0.039223
0.92687 0.035295
0.92487 0.035029
0.70379 0.026862
0.92154 0.034912
0.71333 0.026067
0.74557 0.038735
0.9194 0.034612
0.91569 0.034058
0.72895 0.037216
0.76138 0.037434
0.72471 0.024271
0.80961 0.037344
0.91038 0.032744
0.91338 0.033012
0.74189 0.034293
0.91265 0.032744
0.7564 0.034203
0.7795 0.037719
0.91284 0.0328
0.9119 0.03225
0.73991 0.026966
0.80788 0.037455
0.75069 0.025748
0.77877 0.035286
0.9075 0.032199
0.76921 0.029594
0.79439 0.039919
0.76015 0.024872
0.79203 0.039193
0.88753 0.037654
0.87825 0.038244
0.77461 0.027214
0.80081 0.035312
0.7827 0.026697
0.82214 0.037987
0.87478 0.037967
0.87633 0.03833
0.79 0.028918
0.8785 0.038211
0.81449 0.033096
0.82115 0.037837
0.8799 0.038088
0.88695 0.037429
0.81548 0.031471
0.84269 0.035814
0.82167 0.031917
0.83668 0.030625
0.88345 0.035653
0.87978 0.034531
0.81905 0.026594
0.84073 0.032187
0.82766 0.022882
0.85622 0.030622
0.87583 0.032307
0.87556 0.029885
0.84246 0.02472
0.86184 0.028176
0.85074 0.023181
0.87847 0.024853
0.87539 0.027709
0.87576 0.026571
0.86841 0.022257
0.88573 0.023531
0.94959 0.02036
0.9491 0.022228
