348
0.069167 0.020607
0.043927 0.023754
0.13732 0.020511
0.070416 0.023587
0.030037 0.024489
0.071456 0.0236
0.16527 0.020822
0.17512 0.022443
0.20316 0.021502
0.12391 0.02656
0.11855 0.025137
0.12444 0.026764
0.22079 0.023931
0.20791 0.025688
0.22592 0.026107
0.14193 0.026471
0.13276 0.027469
0.14055 0.026615
0.23541 0.02781
0.14639 0.026837
0.24175 0.026911
0.22048 0.037398
0.14466 0.027172
0.13736 0.028954
0.24101 0.029708
0.13748 0.029433
0.26551 0.02442
0.23772 0.03393
0.13491 0.029644
0.1432 0.02869
0.27788 0.026073
0.15826 0.028756
0.29037 0.024972
0.2396 0.036191
0.15799 0.02861
0.15319 0.028934
0.29971 0.023805
0.13931 0.030213
0.31319 0.025571
0.27431 0.031501
0.13625 0.030868
0.32159 0.021452
0.11386 0.02804
0.32866 0.025783
0.29146 0.031154
0.11149 0.027469
0.32973 0.02902
0.11712 0.029351
0.34657 0.023106
0.13374 0.032178
0.1318 0.032446
0.35131 0.026863
0.30177 0.034163
0.35069 0.028695
0.31622 0.037
0.16176 0.032538
0.36647 0.027891
0.32302 0.038281
0.37121 0.029651
0.14794 0.030989
0.15726 0.031605
0.15028 0.031034
0.3799 0.029236
0.13566 0.032842
0.399 0.025596
0.13116 0.033668
0.13563 0.032847
0.13107 0.033685
0.39097 0.029303
0.10577 0.02715
0.3935 0.031184
0.29913 0.037126
0.12005 0.031596
0.093588 0.026605
0.41234 0.027606
0.064151 0.028559
0.41725 0.027336
0.24854 0.038201
0.070006 0.028071
0.049677 0.029997
0.42034 0.027568
0.16713 0.036973
0.41106 0.039914
0.27324 0.038133
0.040464 0.02976
0.031002 0.027937
0.37112 0.038278
0.18808 0.03846
0.4202 0.037741
0.20093 0.037921
0.027295 0.028739
0.026079 0.032211
0.36421 0.038385
0.07425 0.029706
0.42999 0.030854
0.031719 0.037274
0.02867 0.036444
0.031802 0.037347
0.39779 0.038422
0.050204 0.031782
0.26145 0.038121
0.07419 0.032341
0.032033 0.037501
0.033413 0.038258
0.42848 0.041004
0.034322 0.03905
0.42593 0.045664
0.088301 0.028439
0.035477 0.039517
0.42865 0.045621
0.046781 0.033685
0.43293 0.040004
0.08819 0.028998
0.037306 0.0393
0.43192 0.047476
0.040917 0.038626
0.40692 0.043272
0.12406 0.035685
0.043934 0.038124
0.050146 0.036878
0.38536 0.039007
0.1671 0.03782
0.44202 0.029438
0.098182 0.031586
0.13738 0.039634
0.093091 0.033494
0.39565 0.039549
0.44291 0.031401
0.35027 0.037896
0.45706 0.024293
0.45594 0.032254
0.44678 0.040768
0.10933 0.034634
0.45902 0.042205
0.35544 0.038643
0.089094 0.033965
0.087245 0.034255
0.46968 0.041298
0.46773 0.046531
0.45092 0.051311
0.45684 0.05317
0.47219 0.05216
0.47197 0.055368
0.46762 0.057585
0.46408 0.068805
0.47024 0.067762
0.48046 0.063374
0.48341 0.023753
0.48857 0.02722
0.49648 0.021393
0.50698 0.023265
0.47554 0.028453
0.49881 0.026945
0.48044 0.041923
0.48074 0.04494
0.49763 0.039571
0.50437 0.024679
0.49743 0.0516
0.50041 0.056105
0.50266 0.043082
0.50301 0.028282
0.49424 0.058614
0.50213 0.061919
0.50117 0.036675
0.50311 0.037371
0.50229 0.061669
0.50614 0.066859
0.50598 0.031963
0.50575 0.04542
0.50618 0.067813
0.50462 0.033943
0.52469 0.022582
0.51825 0.022118
0.55645 0.020582
0.53483 0.024642
0.54635 0.027412
0.51087 0.022608
0.52711 0.039462
0.51747 0.026896
0.51625 0.027947
0.53675 0.037628
0.53764 0.043131
0.51355 0.027605
0.52008 0.036062
0.52133 0.048982
0.53235 0.050406
0.51431 0.032511
0.51872 0.044483
0.51881 0.054833
0.53087 0.065537
0.51797 0.043911
0.51243 0.035108
0.51657 0.053623
0.5078 0.066383
0.50953 0.033849
0.52101 0.062004
0.5653 0.021546
0.56665 0.028467
0.57772 0.03442
0.64507 0.03994
0.56839 0.040501
0.60856 0.044084
0.56175 0.049075
0.54749 0.040152
0.89586 0.040002
0.55006 0.045375
0.5465 0.0502
0.96881 0.036923
0.97115 0.030236
0.54178 0.052552
0.54547 0.058418
0.9107 0.041351
0.59186 0.042608
0.53302 0.058052
0.50778 0.066475
0.55581 0.063471
0.54976 0.063432
0.58619 0.03436
0.9582 0.039002
0.6149 0.042039
0.9174 0.040474
0.96398 0.02561
0.97501 0.026902
0.96863 0.027694
0.96989 0.028621
0.84649 0.039082
0.57543 0.045152
0.59276 0.034308
0.97614 0.027448
0.60912 0.041228
0.97646 0.027497
0.97642 0.027599
0.97631 0.027298
0.59207 0.029134
0.97579 0.026865
0.7391 0.036683
0.93813 0.040611
0.97573 0.026829
0.73059 0.037313
0.97073 0.025461
0.81833 0.040725
0.96957 0.02531
0.97169 0.025608
0.96684 0.025001
0.60713 0.036004
0.94753 0.038273
0.64917 0.038295
0.95784 0.024229
0.96261 0.024635
0.96066 0.024466
0.60676 0.031353
0.92512 0.041512
0.61777 0.035611
0.89012 0.038735
0.95308 0.02391
0.62475 0.037392
0.84175 0.038377
0.66872 0.036213
0.93335 0.026048
0.93158 0.024677
0.93408 0.026039
0.63578 0.040003
0.94167 0.026014
0.63173 0.036482
0.94676 0.026585
0.94492 0.026259
0.94669 0.026567
0.6323 0.03613
0.95199 0.02822
0.64182 0.036853
0.80109 0.039688
0.95111 0.027898
0.95347 0.031605
0.64172 0.035079
0.771 0.03928
0.6381 0.031193
0.93323 0.035308
0.94566 0.033038
0.93604 0.034652
0.64073 0.029342
0.69861 0.037708
0.64198 0.023527
0.69415 0.036813
0.92235 0.036654
0.92149 0.036066
0.65132 0.026416
0.9194 0.035318
0.66164 0.025778
0.70117 0.036021
0.91808 0.034922
0.91602 0.034401
0.68389 0.030621
0.71126 0.036838
0.67342 0.023169
0.77835 0.040539
0.91076 0.033773
0.91419 0.033561
0.69961 0.030752
0.91348 0.033376
0.70952 0.031973
0.74011 0.033226
0.91367 0.033419
0.91278 0.033105
0.69902 0.025363
0.77778 0.039295
0.7093 0.025186
0.74034 0.031644
0.90837 0.032907
0.73162 0.028421
0.76785 0.0347
0.72159 0.023971
0.76376 0.032891
0.87248 0.039207
0.86422 0.039605
0.73813 0.026329
0.77334 0.033952
0.74792 0.025042
0.79074 0.039252
0.85787 0.038949
0.86168 0.038416
0.75895 0.026259
0.86522 0.038306
0.78412 0.032592
0.79029 0.03653
0.8668 0.038333
0.87644 0.034905
0.78575 0.031183
0.81613 0.033143
0.79293 0.031343
0.80857 0.030989
0.87613 0.033532
0.87421 0.032519
0.79113 0.026586
0.81415 0.030716
0.79978 0.022899
0.83034 0.028229
0.87276 0.03097
0.87662 0.02922
0.81468 0.024173
0.83669 0.026648
0.82357 0.022841
0.88331 0.024862
0.87874 0.027461
0.87969 0.026423
0.85108 0.022531
0.88847 0.023724
0.95111 0.0203
0.95048 0.021852
