348
0.075916 0.020689
0.051137 0.02326
0.13348 0.020575
0.077113 0.02409
0.0338 0.023296
0.07804 0.024116
0.15539 0.020952
0.16392 0.02288
0.18886 0.021682
0.12022 0.027435
0.11531 0.026394
0.1207 0.027604
0.20411 0.025139
0.19333 0.026696
0.20773 0.028246
0.13747 0.027875
0.1288 0.027923
0.13621 0.027795
0.21351 0.030635
0.14048 0.028809
0.21915 0.028907
0.19699 0.039155
0.13931 0.029114
0.13361 0.030098
0.21495 0.032993
0.13379 0.030661
0.24068 0.0253
0.20892 0.039593
0.13131 0.030711
0.13831 0.030851
0.2498 0.028483
0.14818 0.031752
0.25856 0.027222
0.20827 0.039969
0.14806 0.03157
0.14439 0.031611
0.26464 0.025027
0.13526 0.031725
0.27549 0.026656
0.24393 0.035442
0.13246 0.032361
0.28251 0.02176
0.11144 0.030788
0.28876 0.026408
0.25882 0.036901
0.10999 0.029837
0.29048 0.030317
0.11278 0.032248
0.30272 0.023718
0.12901 0.032923
0.12586 0.032777
0.30691 0.027799
0.26514 0.0389
0.30666 0.030081
0.27743 0.039191
0.14808 0.037482
0.3231 0.028781
0.28434 0.03923
0.32725 0.03166
0.14064 0.034458
0.14535 0.035686
0.14191 0.034539
0.33391 0.032571
0.13146 0.034481
0.34948 0.025539
0.12411 0.034123
0.13142 0.034474
0.12398 0.034154
0.3412 0.030652
0.10588 0.029546
0.34359 0.032849
0.26138 0.039316
0.11286 0.034943
0.09634 0.028147
0.36437 0.026907
0.070562 0.029611
0.36871 0.027078
0.21158 0.039474
0.07589 0.02951
0.056859 0.029719
0.3713 0.027172
0.14828 0.038724
0.36156 0.038982
0.23811 0.036746
0.048378 0.028284
0.035648 0.025938
0.32953 0.04026
0.16463 0.039637
0.36861 0.037716
0.17104 0.039562
0.03043 0.026358
0.028531 0.028724
0.32441 0.038485
0.076939 0.03189
0.38298 0.029508
0.034353 0.032545
0.031041 0.031484
0.034418 0.032618
0.34913 0.03782
0.055699 0.031382
0.22213 0.037742
0.073218 0.035281
0.034611 0.032785
0.035746 0.033681
0.37796 0.038082
0.036304 0.034468
0.3751 0.039383
0.089697 0.030757
0.037226 0.034949
0.37822 0.039873
0.05093 0.032308
0.38697 0.03797
0.088664 0.03153
0.039029 0.035105
0.38655 0.039244
0.041856 0.035207
0.3562 0.038624
0.11225 0.037765
0.04507 0.035265
0.051315 0.03562
0.3383 0.03898
0.14772 0.03882
0.39499 0.026896
0.094273 0.034792
0.13091 0.038749
0.084952 0.035262
0.34586 0.038389
0.39537 0.028013
0.30779 0.038846
0.40266 0.022359
0.40199 0.026231
0.39672 0.033308
0.10006 0.036359
0.40415 0.032961
0.3137 0.038098
0.081338 0.035479
0.079886 0.035449
0.42085 0.032954
0.41619 0.035323
0.39765 0.037368
0.40325 0.035265
0.42588 0.03997
0.42561 0.040075
0.41146 0.03785
0.40332 0.036325
0.41232 0.038035
0.44221 0.038456
0.44455 0.021724
0.45355 0.024244
0.4662 0.020789
0.48961 0.021793
0.42765 0.025775
0.47072 0.023506
0.43439 0.031448
0.43494 0.033347
0.46641 0.031077
0.48372 0.022311
0.46433 0.038973
0.46741 0.039789
0.47658 0.030196
0.48036 0.023815
0.46045 0.040223
0.4706 0.040676
0.47408 0.027903
0.47865 0.027696
0.47124 0.04055
0.48448 0.039588
0.48765 0.02622
0.48625 0.032213
0.48433 0.039641
0.48356 0.026868
0.51747 0.021374
0.50557 0.021284
0.56999 0.02032
0.53601 0.022778
0.55482 0.025031
0.49469 0.021676
0.5237 0.030382
0.50422 0.024238
0.50233 0.024996
0.54176 0.030277
0.54676 0.034225
0.4984 0.025258
0.50947 0.029121
0.51564 0.036083
0.53774 0.036933
0.49953 0.028467
0.50894 0.034456
0.5116 0.039026
0.53793 0.040083
0.50789 0.034531
0.49739 0.030353
0.50889 0.039248
0.49194 0.039158
0.49267 0.028413
0.51669 0.039526
0.58551 0.021045
0.58705 0.025718
0.60781 0.029527
0.69164 0.039388
0.59375 0.033645
0.65157 0.036199
0.59568 0.037808
0.55964 0.033235
0.90003 0.038834
0.56944 0.033485
0.56441 0.037375
0.97028 0.03705
0.97085 0.029904
0.55708 0.039081
0.57416 0.03769
0.91768 0.037743
0.62356 0.034078
0.5419 0.039105
0.49189 0.039168
0.63232 0.036634
0.59766 0.038171
0.6171 0.030781
0.96493 0.039688
0.66233 0.035125
0.92585 0.036648
0.9635 0.025495
0.97472 0.026525
0.96801 0.027454
0.96941 0.028322
0.8671 0.037446
0.61045 0.038679
0.62734 0.027824
0.97592 0.027041
0.65311 0.035178
0.97626 0.027087
0.97622 0.027184
0.9761 0.026899
0.62428 0.025687
0.97555 0.02649
0.77939 0.038924
0.95072 0.038674
0.97548 0.026456
0.76673 0.036559
0.9702 0.025278
0.84993 0.037279
0.96897 0.025122
0.97121 0.025405
0.9662 0.024864
0.65012 0.030999
0.95684 0.039165
0.69643 0.039135
0.95706 0.024299
0.9622 0.024552
0.96014 0.024448
0.65006 0.027535
0.93866 0.038339
0.66642 0.032111
0.89431 0.038798
0.9523 0.024275
0.67346 0.037804
0.86484 0.038305
0.7169 0.039078
0.93435 0.025278
0.93215 0.024046
0.9352 0.025341
0.68001 0.039933
0.94303 0.026431
0.67898 0.03692
0.9471 0.02749
0.94575 0.026949
0.94705 0.027464
0.67946 0.036659
0.95155 0.029075
0.68827 0.039323
0.82721 0.036168
0.95071 0.028829
0.95532 0.032621
0.68908 0.037048
0.79461 0.038814
0.68632 0.032103
0.94007 0.035067
0.94976 0.034174
0.94188 0.035565
0.69065 0.03002
0.73506 0.039109
0.69219 0.02367
0.72964 0.038551
0.92718 0.033643
0.92505 0.033416
0.70022 0.026946
0.92177 0.033424
0.71015 0.02626
0.73786 0.039667
0.91911 0.033268
0.91484 0.032997
0.72324 0.037069
0.75059 0.038427
0.72071 0.02434
0.80546 0.038419
0.90889 0.032135
0.91216 0.032195
0.73724 0.033542
0.91133 0.031938
0.749 0.035197
0.77804 0.037434
0.91155 0.032002
0.91047 0.031552
0.7369 0.026673
0.8041 0.038238
0.7476 0.026468
0.77662 0.035161
0.90574 0.031434
0.76433 0.029254
0.79124 0.039782
0.7551 0.025289
0.78887 0.039415
0.88113 0.039218
0.8723 0.039551
0.77004 0.026711
0.79682 0.035051
0.77916 0.026656
0.81567 0.037406
0.87017 0.038648
0.87104 0.039528
0.7856 0.029375
0.8725 0.039504
0.80962 0.033322
0.81453 0.037371
0.87364 0.039393
0.88059 0.038892
0.81072 0.031649
0.84344 0.033613
0.81593 0.031466
0.8338 0.029007
0.87793 0.036752
0.87533 0.035424
0.81387 0.026606
0.83966 0.030459
0.82297 0.022663
0.85557 0.030505
0.87329 0.03298
0.87406 0.03046
0.84053 0.024117
0.86083 0.028244
0.84969 0.023001
0.87692 0.025176
0.87416 0.028153
0.87451 0.026956
0.8673 0.022293
0.88346 0.023829
0.95049 0.020337
0.94996 0.022094
