348
0.063627 0.020924
0.0443 0.02416
0.11251 0.020546
0.064461 0.025507
0.030838 0.024217
0.065107 0.025561
0.13613 0.020995
0.14389 0.022898
0.16993 0.021647
0.10017 0.028164
0.096295 0.026975
0.10055 0.028349
0.18627 0.02468
0.17441 0.026205
0.19017 0.027509
0.117 0.027345
0.10799 0.02819
0.11559 0.027336
0.19681 0.03006
0.12077 0.02808
0.20235 0.028494
0.17754 0.03899
0.11932 0.028389
0.1124 0.029586
0.19886 0.032365
0.11238 0.030107
0.22433 0.02504
0.19214 0.037631
0.10985 0.03043
0.11778 0.030049
0.23411 0.02775
0.12913 0.031213
0.24404 0.026008
0.19151 0.038639
0.129 0.03101
0.12505 0.030825
0.25171 0.024406
0.11366 0.031076
0.26322 0.026585
0.23089 0.034482
0.11055 0.031749
0.27023 0.021809
0.09192 0.03171
0.27599 0.027007
0.24485 0.033836
0.090634 0.03069
0.2769 0.03112
0.093563 0.033261
0.28971 0.023644
0.10714 0.033343
0.10446 0.033887
0.29393 0.027404
0.25179 0.036036
0.2932 0.029533
0.26432 0.040169
0.12919 0.036459
0.30918 0.028694
0.27 0.040979
0.31323 0.030878
0.12045 0.03318
0.12599 0.03465
0.1222 0.033328
0.32086 0.031257
0.10898 0.034034
0.33625 0.026097
0.10284 0.035441
0.10894 0.034041
0.10273 0.035479
0.32965 0.030857
0.087007 0.030081
0.3319 0.033022
0.24772 0.036689
0.094083 0.036023
0.078673 0.030173
0.35086 0.027169
0.060171 0.032616
0.35571 0.027487
0.19564 0.038771
0.063874 0.032706
0.049527 0.03242
0.35834 0.02758
0.12948 0.039188
0.35305 0.039458
0.22741 0.037655
0.04228 0.030597
0.032291 0.027596
0.3133 0.038238
0.14502 0.039898
0.3609 0.038529
0.15308 0.038492
0.028192 0.028093
0.026823 0.031107
0.30542 0.037684
0.064826 0.035878
0.36881 0.029714
0.032998 0.035996
0.029619 0.034592
0.033089 0.036087
0.3368 0.038994
0.049394 0.034565
0.20908 0.036339
0.062694 0.039986
0.033339 0.036296
0.034818 0.037413
0.36741 0.039487
0.035757 0.038411
0.36605 0.041375
0.07388 0.034068
0.036963 0.039153
0.36816 0.041543
0.04643 0.035577
0.37263 0.038053
0.073193 0.035191
0.038885 0.039399
0.3722 0.041763
0.041813 0.039455
0.34697 0.039785
0.093834 0.038979
0.044009 0.039521
0.048339 0.040218
0.32689 0.039135
0.12882 0.039258
0.38103 0.02777
0.076875 0.038653
0.10705 0.039635
0.070859 0.041085
0.33436 0.039202
0.38163 0.029115
0.2885 0.038975
0.40603 0.02308
0.40404 0.028274
0.38374 0.035456
0.081808 0.040255
0.40721 0.036152
0.29369 0.038352
0.068273 0.041534
0.067209 0.041716
0.42394 0.034869
0.41945 0.037476
0.38467 0.040538
0.40331 0.039592
0.4271 0.04253
0.42677 0.042986
0.41421 0.041962
0.40269 0.04094
0.41498 0.042235
0.44211 0.041438
0.44522 0.021998
0.45358 0.024437
0.46631 0.02084
0.48483 0.022293
0.43106 0.026573
0.47025 0.024028
0.43637 0.03352
0.43665 0.035468
0.46646 0.031825
0.48055 0.022865
0.46431 0.039648
0.46753 0.041331
0.47481 0.033066
0.47788 0.024838
0.46003 0.041978
0.46955 0.042794
0.47281 0.029564
0.4765 0.029956
0.46996 0.042752
0.47929 0.043706
0.48331 0.027905
0.48195 0.035304
0.47915 0.043838
0.48042 0.028503
0.5078 0.021689
0.49723 0.021568
0.55302 0.020394
0.52261 0.023034
0.53927 0.025566
0.48918 0.022228
0.51208 0.033052
0.4962 0.025251
0.4948 0.026286
0.52825 0.03146
0.5324 0.035551
0.49197 0.026661
0.50047 0.03105
0.50438 0.038944
0.52298 0.038546
0.4928 0.030629
0.4988 0.037344
0.49971 0.042724
0.52252 0.042664
0.4979 0.037442
0.491 0.03329
0.49737 0.043312
0.48486 0.044438
0.48767 0.03112
0.50444 0.043486
0.56539 0.021378
0.56673 0.027649
0.58335 0.030508
0.65584 0.039092
0.57144 0.036907
0.61971 0.041556
0.57163 0.041469
0.54472 0.03486
0.87372 0.037817
0.55282 0.036246
0.54933 0.039069
0.96413 0.030073
0.96494 0.025866
0.54196 0.041494
0.55814 0.040617
0.89028 0.03667
0.59823 0.039848
0.52714 0.041124
0.48478 0.044431
0.60392 0.042505
0.57248 0.042455
0.59299 0.033144
0.95313 0.032356
0.62503 0.040222
0.89854 0.035068
0.9519 0.023541
0.97121 0.023917
0.96002 0.024603
0.96235 0.025055
0.82531 0.039896
0.58595 0.040759
0.59937 0.031947
0.9732 0.024226
0.62018 0.039809
0.97376 0.024254
0.9737 0.024312
0.9735 0.024141
0.59749 0.02813
0.97258 0.023896
0.73672 0.04051
0.93128 0.034153
0.97248 0.023875
0.72717 0.039016
0.96367 0.023156
0.80005 0.039879
0.96163 0.023134
0.96535 0.023198
0.95677 0.023056
0.617 0.034084
0.94214 0.032893
0.66073 0.039524
0.94349 0.022888
0.94983 0.02297
0.94717 0.02293
0.61614 0.02963
0.90976 0.034558
0.62767 0.035239
0.86796 0.038943
0.93649 0.023023
0.63272 0.038762
0.82007 0.03957
0.67602 0.040476
0.91056 0.024279
0.90811 0.023358
0.91154 0.024292
0.64016 0.038974
0.92265 0.024495
0.63877 0.03631
0.92837 0.024969
0.92647 0.024656
0.9283 0.024953
0.63934 0.035976
0.93543 0.026425
0.65176 0.037586
0.78202 0.04002
0.93397 0.026182
0.94123 0.028574
0.65198 0.035719
0.7529 0.041412
0.64808 0.03101
0.91489 0.031207
0.93179 0.029721
0.91873 0.031071
0.65213 0.029573
0.69154 0.037628
0.65371 0.023664
0.68559 0.039034
0.90116 0.032375
0.8993 0.032127
0.66154 0.027126
0.89559 0.032053
0.67094 0.026516
0.69551 0.037111
0.89315 0.031925
0.8896 0.03165
0.68141 0.038245
0.71009 0.038695
0.68095 0.024685
0.76125 0.04034
0.88326 0.031255
0.88684 0.031011
0.69641 0.03172
0.88597 0.030877
0.7095 0.034157
0.73586 0.038802
0.8862 0.030907
0.88504 0.030651
0.69716 0.02581
0.76044 0.04016
0.70959 0.025921
0.73516 0.036452
0.87983 0.030658
0.72564 0.030262
0.75002 0.040498
0.71716 0.025533
0.74738 0.039576
0.85602 0.0416
0.84616 0.041284
0.73075 0.028064
0.75488 0.036959
0.73859 0.027335
0.77302 0.040016
0.83725 0.040201
0.84243 0.040645
0.74477 0.02957
0.84648 0.041045
0.76547 0.034635
0.7716 0.039515
0.84831 0.040862
0.85567 0.03974
0.76681 0.033069
0.7947 0.034197
0.77262 0.033435
0.78658 0.031379
0.85349 0.037712
0.85091 0.036493
0.77084 0.027843
0.79173 0.031622
0.77822 0.023318
0.80654 0.030224
0.84755 0.034146
0.8487 0.031577
0.7924 0.024545
0.81213 0.028001
0.80075 0.023139
0.85228 0.025713
0.84906 0.02906
0.8497 0.027718
0.82438 0.022655
0.85737 0.024279
0.93361 0.020235
0.93277 0.021447
