348
0.06679 0.020671
0.043906 0.023992
0.13056 0.020507
0.067921 0.023962
0.030212 0.024414
0.068863 0.023977
0.15655 0.020922
0.16539 0.022726
0.19168 0.021537
0.11693 0.026651
0.11176 0.025305
0.11745 0.026845
0.20879 0.024221
0.1966 0.025837
0.21352 0.026528
0.13526 0.026603
0.1259 0.027355
0.13386 0.026694
0.22244 0.028242
0.13967 0.027162
0.22853 0.027233
0.20807 0.038672
0.13801 0.027438
0.1306 0.028889
0.22781 0.030166
0.13073 0.029371
0.25126 0.024616
0.22462 0.034647
0.1281 0.029479
0.13656 0.028935
0.26304 0.026411
0.15042 0.029833
0.27484 0.025262
0.22643 0.036979
0.15018 0.02967
0.14583 0.029757
0.28367 0.024002
0.13262 0.03026
0.29666 0.025599
0.25968 0.032105
0.12953 0.030722
0.30525 0.021456
0.10729 0.028436
0.3123 0.026288
0.27587 0.031801
0.10504 0.027902
0.31332 0.029958
0.1104 0.029703
0.32689 0.023923
0.12705 0.031974
0.12506 0.032284
0.33062 0.028434
0.28568 0.034839
0.33012 0.030744
0.30004 0.036932
0.15355 0.034066
0.34403 0.028073
0.30737 0.038508
0.34888 0.029508
0.1412 0.031616
0.14957 0.033031
0.14331 0.031819
0.35795 0.029678
0.12908 0.032641
0.37388 0.026121
0.12448 0.033512
0.12905 0.032645
0.12438 0.033533
0.3675 0.031094
0.099591 0.027725
0.36927 0.033264
0.2832 0.038028
0.11323 0.031912
0.088662 0.027442
0.38863 0.026395
0.062246 0.029447
0.39464 0.026462
0.23498 0.039038
0.067549 0.028914
0.049124 0.030967
0.39823 0.026931
0.15761 0.03906
0.38659 0.036896
0.25866 0.03907
0.040764 0.030186
0.031193 0.027847
0.34992 0.038007
0.17566 0.039922
0.39963 0.036381
0.18767 0.038219
0.027422 0.028589
0.026185 0.032002
0.34206 0.039239
0.071394 0.030747
0.40787 0.030918
0.031923 0.037149
0.028821 0.036162
0.032008 0.037229
0.3714 0.040959
0.049602 0.032963
0.24736 0.03888
0.071339 0.033664
0.032242 0.037405
0.033646 0.038302
0.40751 0.041342
0.034572 0.039196
0.40606 0.047432
0.08399 0.029497
0.035746 0.039797
0.4081 0.047716
0.046496 0.03478
0.41112 0.040169
0.083891 0.030124
0.037607 0.039784
0.41064 0.050125
0.041176 0.039487
0.37901 0.043757
0.11723 0.035892
0.043913 0.039274
0.04955 0.038564
0.36404 0.041984
0.15754 0.040014
0.41981 0.028952
0.092723 0.032862
0.13144 0.039537
0.088224 0.035217
0.36988 0.043648
0.4207 0.030731
0.3297 0.042347
0.43702 0.023482
0.43577 0.030027
0.4247 0.038789
0.10302 0.035605
0.44061 0.037543
0.33362 0.042109
0.084691 0.035731
0.083057 0.036023
0.45455 0.036399
0.45271 0.040543
0.42991 0.045739
0.43912 0.045481
0.45907 0.045628
0.4609 0.048444
0.45765 0.04954
0.46601 0.06292
0.47034 0.063723
0.47609 0.061763
0.47099 0.023063
0.47717 0.026129
0.48612 0.021197
0.49893 0.022416
0.46096 0.026596
0.48875 0.025807
0.46791 0.037725
0.46838 0.040707
0.48541 0.036715
0.49519 0.023611
0.48446 0.052376
0.48883 0.060223
0.48916 0.040277
0.49348 0.026529
0.48507 0.061363
0.49219 0.069262
0.48968 0.033655
0.49161 0.033858
0.49223 0.068942
0.49591 0.077524
0.4972 0.029013
0.49203 0.043555
0.49588 0.078825
0.4946 0.030786
0.52528 0.021747
0.51568 0.02143
0.5734 0.02041
0.54007 0.023125
0.55771 0.024733
0.50471 0.021808
0.53062 0.033183
0.51452 0.024655
0.5127 0.025363
0.54256 0.03177
0.54351 0.035493
0.50869 0.02511
0.5202 0.03085
0.52774 0.044077
0.53843 0.043455
0.50999 0.028441
0.52175 0.038512
0.51474 0.056623
0.5142 0.069766
0.51984 0.037679
0.50717 0.030148
0.51171 0.056665
0.49736 0.077383
0.50247 0.029841
0.50918 0.069563
0.58498 0.021276
0.58657 0.027149
0.59872 0.033686
0.67509 0.042812
0.58906 0.037814
0.63805 0.039225
0.58092 0.042021
0.5587 0.032841
0.90378 0.042558
0.56258 0.036039
0.55613 0.039244
0.97235 0.043657
0.97371 0.034268
0.54764 0.042374
0.5507 0.045595
0.92066 0.039736
0.6113 0.040142
0.53116 0.051589
0.49734 0.077501
0.56799 0.04831
0.55592 0.047331
0.60702 0.033367
0.96528 0.046911
0.64558 0.038401
0.92912 0.038978
0.96851 0.02782
0.97642 0.029621
0.97185 0.030723
0.97276 0.032016
0.86584 0.041977
0.59667 0.044073
0.61393 0.032416
0.97723 0.030381
0.63817 0.036537
0.97746 0.030449
0.97743 0.030592
0.97736 0.030172
0.61361 0.027981
0.97698 0.029569
0.76247 0.040554
0.95283 0.046589
0.97694 0.029519
0.75589 0.0406
0.97335 0.027612
0.83573 0.039917
0.97252 0.027402
0.97404 0.027817
0.97056 0.026967
0.63429 0.03226
0.95844 0.045734
0.67817 0.040969
0.9641 0.025904
0.96752 0.026464
0.96612 0.02623
0.63293 0.02868
0.93911 0.040778
0.64756 0.033115
0.9002 0.04266
0.96067 0.025467
0.65581 0.035688
0.86142 0.039742
0.69382 0.038034
0.94591 0.026673
0.94419 0.024962
0.94658 0.026767
0.66738 0.040978
0.95255 0.027813
0.66315 0.036202
0.95617 0.029105
0.95486 0.028504
0.95612 0.029075
0.66368 0.035974
0.95991 0.031496
0.67237 0.038513
0.81839 0.040769
0.95928 0.031048
0.96133 0.03622
0.67217 0.036556
0.7894 0.040385
0.66859 0.03188
0.94723 0.037087
0.95624 0.037878
0.94963 0.037358
0.67082 0.030176
0.72418 0.037501
0.67194 0.023878
0.71964 0.036949
0.93491 0.035515
0.93384 0.034925
0.68014 0.027436
0.93134 0.034209
0.68886 0.02671
0.72684 0.035663
0.92981 0.03383
0.92746 0.03333
0.70962 0.030873
0.73802 0.03653
0.69934 0.023374
0.7972 0.040272
0.92152 0.032704
0.9254 0.032537
0.72499 0.030584
0.92462 0.03236
0.73561 0.031603
0.76312 0.036321
0.92483 0.032402
0.92384 0.032104
0.72437 0.025293
0.79646 0.03911
0.7352 0.025019
0.76324 0.034373
0.91892 0.031937
0.75599 0.03007
0.78617 0.036
0.7474 0.024335
0.78245 0.034551
0.88753 0.042302
0.87964 0.042984
0.76133 0.027776
0.79144 0.034478
0.76919 0.026211
0.81011 0.039456
0.87406 0.042514
0.87732 0.041663
0.77825 0.027351
0.88058 0.041146
0.80243 0.032242
0.80941 0.036613
0.88204 0.040942
0.89088 0.03756
0.804 0.030906
0.83376 0.032501
0.81145 0.03161
0.82586 0.031084
0.89051 0.035911
0.8887 0.03457
0.80955 0.026644
0.8318 0.030283
0.8177 0.023026
0.84897 0.028004
0.8873 0.032668
0.89065 0.030859
0.83243 0.023993
0.8554 0.02673
0.84186 0.022706
0.89616 0.025917
0.89247 0.028882
0.89324 0.027682
0.86868 0.022935
0.90031 0.024538
0.95926 0.02042
0.95881 0.022591
