348
0.067086 0.020891
0.047978 0.024098
0.11625 0.020602
0.067973 0.025287
0.033087 0.023558
0.06866 0.02532
0.13731 0.021029
0.14524 0.022876
0.17134 0.021682
0.10446 0.028164
0.10005 0.026982
0.10488 0.028351
0.18768 0.024443
0.17566 0.026401
0.19203 0.027062
0.12055 0.02809
0.11191 0.028478
0.11919 0.028059
0.19905 0.030013
0.12355 0.028965
0.20452 0.028951
0.1786 0.037922
0.12242 0.029281
0.11631 0.030563
0.20128 0.032536
0.1165 0.031141
0.22374 0.026003
0.19397 0.036964
0.11414 0.031313
0.12146 0.031101
0.23173 0.029419
0.13105 0.032787
0.2397 0.027161
0.1932 0.037112
0.13091 0.032581
0.12738 0.032131
0.24647 0.024726
0.11813 0.032177
0.25828 0.026047
0.2285 0.037684
0.11532 0.032981
0.2662 0.021632
0.09584 0.031787
0.27276 0.026304
0.24176 0.036469
0.094605 0.030745
0.27454 0.030241
0.0974 0.033322
0.28633 0.023925
0.11226 0.033774
0.10954 0.033885
0.29038 0.028051
0.24913 0.03747
0.29009 0.030386
0.26301 0.03744
0.13158 0.038893
0.30609 0.028586
0.27085 0.038259
0.31042 0.031142
0.12421 0.03475
0.12876 0.036616
0.12541 0.034948
0.31719 0.03212
0.11452 0.035254
0.33294 0.025628
0.10815 0.035451
0.11448 0.035249
0.10805 0.035491
0.32496 0.0307
0.091012 0.030513
0.32727 0.03278
0.24515 0.038486
0.097809 0.036157
0.082911 0.03008
0.34747 0.027506
0.063195 0.032463
0.35157 0.027662
0.19785 0.037703
0.067094 0.03229
0.052589 0.032524
0.35404 0.027697
0.13194 0.040754
0.34775 0.040109
0.22401 0.039158
0.045901 0.030203
0.034841 0.026521
0.31246 0.039093
0.1463 0.03913
0.3546 0.038575
0.15426 0.038027
0.029892 0.026703
0.028091 0.029199
0.30706 0.038004
0.067916 0.03536
0.36516 0.029365
0.034056 0.033619
0.030683 0.03211
0.03413 0.033706
0.33344 0.038305
0.051923 0.034668
0.20976 0.038503
0.065336 0.039758
0.034343 0.033913
0.035601 0.035053
0.36352 0.038068
0.03628 0.036005
0.36115 0.039486
0.077847 0.03363
0.037294 0.036684
0.36451 0.040006
0.04848 0.035462
0.37142 0.038029
0.077048 0.034669
0.039171 0.03715
0.37152 0.040113
0.042047 0.037738
0.34198 0.039672
0.097465 0.039098
0.044572 0.038309
0.049264 0.0397
0.32187 0.038733
0.13143 0.040805
0.37705 0.027258
0.081021 0.038451
0.11424 0.039873
0.074202 0.039645
0.32998 0.038668
0.37738 0.028453
0.29173 0.039469
0.38421 0.022693
0.38357 0.027118
0.37887 0.034246
0.08582 0.039766
0.38582 0.034349
0.29704 0.038389
0.07135 0.040068
0.070205 0.040087
0.40086 0.032948
0.39626 0.035742
0.38015 0.038824
0.38524 0.036849
0.40724 0.03992
0.40698 0.040106
0.3922 0.039617
0.3854 0.037916
0.39294 0.039733
0.42343 0.039569
0.42337 0.021861
0.43206 0.024295
0.44555 0.020685
0.47011 0.021733
0.40784 0.025854
0.45121 0.023052
0.41438 0.032258
0.41531 0.03411
0.4458 0.029615
0.4645 0.022213
0.44437 0.03678
0.44915 0.037027
0.45738 0.029817
0.46134 0.023777
0.44011 0.039588
0.45285 0.037933
0.45468 0.027243
0.45957 0.027621
0.45347 0.037911
0.46535 0.038762
0.46818 0.026017
0.46673 0.031765
0.46523 0.038867
0.46434 0.026575
0.49948 0.02138
0.48705 0.021239
0.5524 0.0203
0.5177 0.022713
0.53557 0.0249
0.4761 0.021615
0.50481 0.030557
0.48574 0.024111
0.48391 0.024857
0.52362 0.030674
0.5282 0.034516
0.47994 0.025024
0.49088 0.028988
0.49648 0.03588
0.51899 0.036775
0.48113 0.028072
0.48967 0.033974
0.49169 0.038639
0.51896 0.040332
0.48869 0.03396
0.47869 0.029912
0.48915 0.038725
0.47225 0.038324
0.47401 0.028111
0.49723 0.039657
0.56937 0.020938
0.57129 0.025125
0.5992 0.026035
0.68961 0.040574
0.57729 0.030722
0.65368 0.036725
0.57705 0.033589
0.54136 0.03244
0.89994 0.037395
0.5515 0.032471
0.54687 0.035185
0.96939 0.0354
0.96988 0.02894
0.53819 0.038157
0.55747 0.035387
0.91579 0.038741
0.62352 0.032361
0.52356 0.039885
0.47216 0.038341
0.63315 0.03507
0.57843 0.033753
0.61466 0.028048
0.96338 0.038091
0.66101 0.036035
0.92265 0.03789
0.96174 0.025112
0.97416 0.025893
0.96672 0.026827
0.96827 0.027584
0.85868 0.035456
0.60285 0.032031
0.6258 0.027444
0.97548 0.026359
0.65444 0.035488
0.97585 0.026401
0.97581 0.026489
0.97568 0.026231
0.62271 0.025044
0.97507 0.025862
0.77458 0.039384
0.94786 0.038915
0.975 0.025831
0.76626 0.039796
0.96915 0.024783
0.83814 0.039541
0.96779 0.024676
0.97027 0.02488
0.96472 0.024483
0.6504 0.030903
0.955 0.038435
0.69325 0.040062
0.95509 0.02409
0.96027 0.024254
0.9582 0.024188
0.6493 0.027411
0.93327 0.038732
0.66444 0.03258
0.89295 0.036906
0.95009 0.024132
0.67096 0.036742
0.85525 0.036556
0.7126 0.03841
0.93152 0.02546
0.92952 0.024245
0.9323 0.025495
0.67843 0.03916
0.94039 0.026274
0.67729 0.036078
0.94465 0.027107
0.94324 0.026655
0.9446 0.027084
0.6778 0.035881
0.94936 0.0288
0.68698 0.039443
0.82274 0.039566
0.94843 0.028512
0.9533 0.032048
0.68761 0.03739
0.79245 0.037485
0.68543 0.032201
0.93576 0.034913
0.94716 0.033491
0.93803 0.035204
0.68922 0.030552
0.73038 0.038589
0.69061 0.023966
0.72416 0.03852
0.92425 0.034787
0.92248 0.034367
0.69782 0.027042
0.91968 0.034137
0.70844 0.025806
0.73454 0.03805
0.91747 0.033814
0.91391 0.033269
0.71977 0.037247
0.75266 0.039115
0.71969 0.024377
0.80224 0.038698
0.90789 0.031838
0.91116 0.032284
0.73511 0.032361
0.91031 0.031973
0.74971 0.03531
0.77346 0.037915
0.91053 0.032051
0.90941 0.031526
0.73566 0.02612
0.80126 0.03831
0.74749 0.026356
0.77243 0.035704
0.90462 0.030937
0.76267 0.030996
0.78838 0.037568
0.75464 0.0259
0.78546 0.037008
0.87686 0.036894
0.86506 0.03719
0.76719 0.027923
0.7949 0.03423
0.77508 0.02675
0.81273 0.038594
0.8625 0.035995
0.8634 0.037091
0.78257 0.02845
0.86535 0.037063
0.80695 0.033434
0.81154 0.038108
0.86689 0.036833
0.87622 0.036432
0.80832 0.031802
0.83505 0.035527
0.81378 0.032254
0.8289 0.031368
0.87285 0.034506
0.8698 0.033325
0.81197 0.026965
0.83314 0.032503
0.82056 0.023071
0.84786 0.030369
0.86754 0.031212
0.86877 0.029069
0.83446 0.024864
0.85356 0.027744
0.84247 0.023243
0.8721 0.024511
0.86893 0.027076
0.86934 0.026041
0.86098 0.022045
0.87961 0.023365
0.9482 0.020324
0.94765 0.022001
