348
0.066567 0.020761
0.045098 0.023995
0.121 0.020524
0.067542 0.024522
0.030888 0.024146
0.068353 0.024561
0.14565 0.020909
0.15475 0.02254
0.18218 0.021749
0.10698 0.026424
0.10155 0.025599
0.10752 0.026581
0.1965 0.024908
0.18633 0.026937
0.20071 0.027377
0.12531 0.027035
0.11645 0.027373
0.12403 0.02707
0.2087 0.029046
0.12935 0.027723
0.2144 0.027756
0.19489 0.04205
0.12783 0.028029
0.12103 0.029189
0.2137 0.030931
0.12115 0.029695
0.2359 0.024802
0.21014 0.03597
0.1187 0.029642
0.12649 0.029592
0.24739 0.02683
0.13946 0.030083
0.25797 0.026363
0.21167 0.038389
0.13922 0.029928
0.13504 0.030228
0.26475 0.025184
0.12294 0.030749
0.27459 0.027281
0.24423 0.032631
0.12018 0.031013
0.28125 0.021836
0.097137 0.02982
0.28701 0.027755
0.25927 0.034436
0.095303 0.02964
0.28781 0.032287
0.10009 0.030549
0.29857 0.025238
0.11797 0.032111
0.11585 0.032255
0.30121 0.031508
0.26688 0.039422
0.30084 0.03462
0.27738 0.041803
0.14233 0.03418
0.31089 0.03106
0.28317 0.043243
0.3144 0.032928
0.13073 0.032446
0.13831 0.033424
0.13261 0.032541
0.32115 0.032937
0.12002 0.032957
0.33337 0.027738
0.11536 0.033432
0.11999 0.032959
0.11526 0.033444
0.3283 0.034402
0.091427 0.030447
0.32954 0.037113
0.26539 0.043698
0.10301 0.032203
0.084094 0.030508
0.3455 0.02737
0.062659 0.03046
0.35082 0.027024
0.21911 0.040322
0.067222 0.030152
0.050199 0.031238
0.35415 0.027228
0.14643 0.038618
0.34269 0.039888
0.24348 0.039855
0.042076 0.030052
0.031934 0.027405
0.31482 0.044408
0.16791 0.038171
0.35397 0.036984
0.18075 0.039813
0.027913 0.028056
0.026664 0.031257
0.30913 0.046453
0.070611 0.032558
0.36397 0.030163
0.033257 0.036252
0.029744 0.035159
0.033358 0.036336
0.33073 0.047065
0.050694 0.033343
0.23162 0.039709
0.070595 0.035937
0.033635 0.036522
0.035288 0.037491
0.36166 0.040155
0.036419 0.038429
0.35834 0.048147
0.081113 0.032791
0.037815 0.039116
0.3611 0.047743
0.04787 0.034969
0.36683 0.038508
0.081106 0.033624
0.039933 0.039273
0.36471 0.049894
0.04343 0.039296
0.33621 0.050234
0.10739 0.035292
0.045819 0.039312
0.050746 0.03911
0.32516 0.049007
0.14632 0.039561
0.37731 0.028511
0.086952 0.038749
0.1228 0.04042
0.084245 0.041471
0.32943 0.050887
0.37826 0.030266
0.30073 0.051024
0.39464 0.023294
0.39333 0.029599
0.38334 0.038439
0.09339 0.039868
0.39833 0.036003
0.30335 0.051057
0.08209 0.041423
0.081098 0.041471
0.41471 0.032378
0.41194 0.036003
0.38871 0.046393
0.39679 0.044332
0.41967 0.038245
0.42177 0.039854
0.41729 0.041849
0.43093 0.047918
0.43882 0.046694
0.4479 0.045139
0.44045 0.021736
0.45199 0.023352
0.46818 0.020634
0.49405 0.02119
0.42417 0.024469
0.47311 0.023012
0.43412 0.030705
0.43438 0.032445
0.46548 0.028955
0.48632 0.021767
0.45739 0.039152
0.46981 0.046892
0.471 0.030635
0.48279 0.023228
0.46349 0.04701
0.48845 0.057817
0.47467 0.027043
0.4786 0.027019
0.48829 0.057359
0.49165 0.07085
0.49047 0.02442
0.47621 0.03201
0.49165 0.072961
0.4851 0.025289
0.54349 0.021078
0.52714 0.020783
0.60975 0.020338
0.56542 0.022324
0.58794 0.023495
0.50565 0.020902
0.5523 0.028712
0.52498 0.022517
0.52144 0.022844
0.56864 0.028948
0.57008 0.031866
0.51351 0.022585
0.53478 0.026239
0.55162 0.035728
0.56529 0.037538
0.51609 0.024341
0.54083 0.031216
0.53783 0.046465
0.51493 0.057992
0.5373 0.030399
0.51051 0.025092
0.53173 0.046146
0.49255 0.070395
0.50122 0.024885
0.50687 0.057519
0.62282 0.02102
0.62491 0.025567
0.64272 0.031634
0.7145 0.045817
0.62882 0.033421
0.67705 0.044224
0.61786 0.03868
0.58892 0.029431
0.91774 0.044967
0.5945 0.031496
0.5842 0.034384
0.97388 0.048712
0.97483 0.037106
0.57487 0.037806
0.57784 0.041313
0.93228 0.044652
0.65649 0.043934
0.55819 0.043558
0.49254 0.070586
0.60392 0.045037
0.58263 0.042647
0.65154 0.03409
0.96833 0.053017
0.68241 0.04357
0.93913 0.044173
0.97042 0.029391
0.97702 0.031535
0.97323 0.032856
0.97401 0.034407
0.87981 0.041297
0.64401 0.043017
0.65692 0.034262
0.9777 0.032446
0.67708 0.040484
0.97789 0.032528
0.97787 0.032699
0.9778 0.032196
0.65614 0.029126
0.97748 0.031472
0.77715 0.044925
0.95842 0.053291
0.97745 0.031413
0.77268 0.04491
0.97446 0.029126
0.84645 0.03887
0.97376 0.028874
0.97503 0.029372
0.97213 0.028353
0.67378 0.034831
0.96288 0.051912
0.71693 0.044308
0.96674 0.027177
0.96959 0.027782
0.96842 0.027531
0.67254 0.030435
0.94724 0.046364
0.68397 0.036589
0.91448 0.044407
0.96388 0.026709
0.68969 0.03805
0.87555 0.039305
0.72725 0.04458
0.95217 0.028491
0.95081 0.026321
0.95269 0.028606
0.7031 0.039709
0.95737 0.029804
0.69726 0.035883
0.96023 0.031314
0.95919 0.030605
0.96019 0.031278
0.69792 0.035531
0.96337 0.034136
0.7098 0.038299
0.83118 0.042821
0.96282 0.033611
0.96475 0.039859
0.70907 0.03625
0.80461 0.043694
0.70397 0.031152
0.95356 0.041697
0.96073 0.042201
0.95547 0.041939
0.70637 0.029739
0.74692 0.045075
0.70758 0.023766
0.74404 0.044385
0.94372 0.03981
0.94284 0.039061
0.71551 0.028401
0.94083 0.038158
0.72253 0.02866
0.74879 0.042135
0.93961 0.03768
0.93774 0.037031
0.73744 0.035598
0.75646 0.040969
0.73025 0.024699
0.81003 0.042799
0.93304 0.036017
0.93611 0.035985
0.74799 0.035057
0.93549 0.035735
0.75531 0.035039
0.77815 0.038879
0.93566 0.035795
0.93487 0.035381
0.74768 0.027545
0.80952 0.041215
0.75532 0.026521
0.77847 0.036601
0.93099 0.034842
0.77322 0.03175
0.80132 0.037599
0.76566 0.024939
0.79731 0.035508
0.90238 0.041813
0.8941 0.041523
0.77772 0.028972
0.80584 0.036143
0.78434 0.026948
0.82301 0.039774
0.88822 0.041214
0.89165 0.040197
0.7931 0.027645
0.89509 0.039814
0.8151 0.033078
0.82219 0.036807
0.89664 0.039749
0.90584 0.03758
0.8167 0.031423
0.84484 0.032126
0.82413 0.031905
0.83734 0.031718
0.9055 0.035884
0.90371 0.034345
0.8222 0.026725
0.84293 0.03023
0.83032 0.023235
0.86228 0.027493
0.90231 0.032346
0.90574 0.030857
0.84367 0.023939
0.86881 0.026526
0.85428 0.022433
0.91109 0.026174
0.90755 0.029008
0.90831 0.027839
0.88232 0.022796
0.91495 0.024891
0.96271 0.020517
0.96234 0.023197
