348
0.064025 0.020898
0.043893 0.024054
0.11194 0.020603
0.064923 0.025352
0.0305 0.024344
0.065618 0.0254
0.13511 0.020849
0.14474 0.022662
0.17055 0.021653
0.099976 0.028353
0.095711 0.027282
0.10038 0.028532
0.18623 0.024713
0.17506 0.026552
0.19039 0.027384
0.11575 0.027949
0.10757 0.028704
0.11454 0.027963
0.197 0.029453
0.1187 0.028648
0.20343 0.028448
0.17786 0.038386
0.11755 0.029044
0.11207 0.030584
0.1987 0.031745
0.11226 0.031153
0.22384 0.025431
0.19137 0.037424
0.10994 0.03149
0.11657 0.030867
0.23317 0.028003
0.12699 0.030736
0.24289 0.026548
0.19054 0.03784
0.12686 0.030581
0.12283 0.030989
0.24956 0.024541
0.11369 0.032089
0.2616 0.02594
0.22641 0.035426
0.11111 0.033105
0.26947 0.021648
0.092409 0.032401
0.27611 0.026312
0.24342 0.035315
0.090983 0.031325
0.27783 0.030306
0.093837 0.03405
0.2893 0.023882
0.10799 0.034172
0.10517 0.034191
0.29335 0.028114
0.25077 0.037057
0.29309 0.030489
0.26532 0.03746
0.12696 0.035982
0.30921 0.02844
0.27342 0.038585
0.31368 0.030893
0.11896 0.034172
0.12394 0.034711
0.12025 0.034084
0.32117 0.031755
0.11032 0.035504
0.33638 0.025876
0.10378 0.035748
0.11029 0.035503
0.10367 0.035786
0.32899 0.030836
0.087328 0.031077
0.33116 0.033262
0.24658 0.037452
0.094276 0.037154
0.079383 0.030283
0.35108 0.026695
0.059858 0.032262
0.35571 0.026924
0.19468 0.037048
0.064104 0.032401
0.0484 0.031947
0.35848 0.02705
0.12719 0.037086
0.34837 0.038511
0.221 0.037546
0.041442 0.030405
0.031907 0.027777
0.31597 0.03863
0.14542 0.038215
0.35637 0.037364
0.15192 0.038752
0.027936 0.028358
0.026427 0.031466
0.30993 0.037651
0.065048 0.035572
0.36996 0.029412
0.030352 0.036554
0.028065 0.035105
0.03039 0.036648
0.33578 0.038946
0.047123 0.03407
0.20718 0.03748
0.062334 0.039748
0.030509 0.03686
0.03121 0.03799
0.36573 0.037881
0.031504 0.039002
0.36326 0.039146
0.074385 0.034062
0.032086 0.039575
0.36613 0.039663
0.042682 0.035413
0.37446 0.03739
0.073665 0.035119
0.033324 0.039661
0.3741 0.038667
0.035259 0.039623
0.34256 0.039038
0.094087 0.040416
0.037383 0.03952
0.042172 0.03949
0.32633 0.038813
0.12658 0.037263
0.3826 0.026643
0.077987 0.038945
0.1101 0.040175
0.071135 0.040181
0.33308 0.039243
0.38301 0.027734
0.29409 0.039609
0.39057 0.022364
0.38993 0.02622
0.38444 0.032929
0.083029 0.040046
0.39192 0.033081
0.29957 0.038496
0.068518 0.040472
0.067448 0.040379
0.40767 0.033043
0.40295 0.035715
0.38543 0.036948
0.39101 0.035327
0.41234 0.039672
0.41202 0.039802
0.39835 0.038569
0.39105 0.036395
0.39911 0.038721
0.42999 0.037602
0.4324 0.02163
0.44219 0.02383
0.45677 0.02066
0.48554 0.021462
0.41498 0.025637
0.46233 0.022858
0.42195 0.031127
0.42247 0.032972
0.45699 0.02926
0.47831 0.021882
0.45398 0.036052
0.4578 0.036492
0.46951 0.028296
0.47419 0.023106
0.44926 0.037385
0.46177 0.036722
0.46645 0.026425
0.47205 0.026263
0.46258 0.036606
0.47933 0.035936
0.48314 0.025071
0.48146 0.029955
0.47913 0.035972
0.47812 0.025595
0.51872 0.021155
0.50477 0.021085
0.57615 0.020323
0.5413 0.022413
0.56114 0.024967
0.49176 0.021385
0.52612 0.028594
0.50319 0.02357
0.50097 0.024193
0.54773 0.029435
0.55333 0.033622
0.4963 0.024377
0.50934 0.027771
0.51626 0.033583
0.5441 0.035029
0.49768 0.027065
0.50867 0.032297
0.5116 0.036223
0.54472 0.0379
0.50747 0.032336
0.49511 0.028601
0.50857 0.036349
0.48867 0.035736
0.48928 0.026922
0.51726 0.036455
0.59186 0.021022
0.59341 0.025613
0.61489 0.029142
0.69547 0.038192
0.60088 0.033411
0.65692 0.037177
0.60381 0.037363
0.56637 0.033257
0.90048 0.038997
0.57604 0.033622
0.57142 0.037543
0.97036 0.037181
0.97092 0.02998
0.56411 0.038997
0.58123 0.037827
0.91807 0.037815
0.63104 0.03484
0.54898 0.037678
0.4886 0.035742
0.63934 0.037588
0.60596 0.037525
0.6248 0.030976
0.96505 0.039836
0.66678 0.036419
0.9262 0.036721
0.96363 0.025536
0.97476 0.026575
0.9681 0.027511
0.96949 0.028385
0.86815 0.037981
0.61976 0.038583
0.63404 0.028329
0.97595 0.027095
0.65835 0.036148
0.97628 0.027142
0.97625 0.027239
0.97613 0.026952
0.63112 0.02598
0.97558 0.02654
0.78236 0.038617
0.95094 0.038806
0.97552 0.026506
0.77216 0.037988
0.97027 0.025318
0.85176 0.038363
0.96906 0.025161
0.97128 0.025446
0.9663 0.024901
0.65557 0.031626
0.95701 0.039305
0.70092 0.038107
0.95724 0.02433
0.96233 0.024586
0.96029 0.024481
0.6555 0.027963
0.93896 0.038443
0.67059 0.033259
0.89484 0.039017
0.9525 0.024305
0.67637 0.038786
0.86595 0.038943
0.72237 0.039178
0.93467 0.025305
0.93248 0.024066
0.93552 0.025369
0.68225 0.039974
0.9433 0.026471
0.68147 0.037069
0.94734 0.02754
0.94601 0.026995
0.94729 0.027514
0.68205 0.036726
0.95176 0.02914
0.69167 0.038021
0.83109 0.038092
0.95092 0.028891
0.95551 0.032712
0.69273 0.035917
0.80138 0.037969
0.69006 0.031387
0.94036 0.035155
0.94998 0.034273
0.94215 0.035659
0.69484 0.029374
0.74035 0.038561
0.6965 0.023444
0.73473 0.038096
0.92753 0.033704
0.92542 0.033475
0.70514 0.026622
0.92215 0.03348
0.71528 0.026228
0.74375 0.039016
0.9195 0.033322
0.91525 0.033047
0.72817 0.037187
0.75793 0.038607
0.72572 0.024346
0.81207 0.039773
0.90932 0.032184
0.91257 0.032241
0.74254 0.03313
0.91175 0.031982
0.75563 0.035073
0.78142 0.037338
0.91196 0.032047
0.91089 0.031595
0.74204 0.026474
0.81085 0.039314
0.75331 0.026239
0.78045 0.035246
0.90618 0.031499
0.76963 0.02991
0.79717 0.038124
0.76103 0.025412
0.79417 0.037286
0.88184 0.039587
0.87322 0.040025
0.77488 0.027167
0.80372 0.034732
0.78331 0.026508
0.82102 0.039332
0.87115 0.039122
0.87199 0.040016
0.79061 0.028555
0.87342 0.039975
0.8154 0.034726
0.82001 0.039279
0.87453 0.039848
0.88132 0.03926
0.81628 0.032887
0.84566 0.034706
0.82098 0.032731
0.83686 0.029959
0.87871 0.037104
0.87618 0.035771
0.81902 0.027323
0.84211 0.031404
0.82716 0.022971
0.85705 0.031053
0.87419 0.033288
0.87494 0.030703
0.84291 0.02448
0.86204 0.028593
0.85153 0.023192
0.87773 0.025288
0.87504 0.028342
0.87537 0.027116
0.86835 0.022363
0.88414 0.023898
0.95071 0.02034
0.95018 0.022109
