348
0.065947 0.02079
0.04607 0.024204
0.11872 0.020559
0.067074 0.02469
0.031975 0.023878
0.067946 0.024736
0.14056 0.020916
0.15071 0.022235
0.17549 0.02201
0.10586 0.0275
0.10178 0.026374
0.10628 0.027716
0.19141 0.024371
0.17949 0.027286
0.19602 0.02681
0.12313 0.027821
0.1144 0.028012
0.12155 0.027677
0.20292 0.029262
0.12661 0.028734
0.20933 0.028592
0.18181 0.038766
0.12532 0.029051
0.11869 0.029816
0.20445 0.031744
0.11865 0.030365
0.22852 0.025994
0.19686 0.036833
0.11632 0.03044
0.12386 0.030825
0.2367 0.028913
0.13397 0.032602
0.24574 0.02682
0.19597 0.037028
0.13386 0.032383
0.13019 0.031652
0.252 0.024503
0.1198 0.031465
0.26513 0.025372
0.22999 0.037791
0.11697 0.032032
0.27402 0.021527
0.097442 0.030966
0.28101 0.026056
0.24459 0.036081
0.095787 0.029975
0.2828 0.029853
0.09887 0.032503
0.29497 0.023623
0.11348 0.033127
0.10998 0.03369
0.29933 0.027507
0.25196 0.036996
0.29921 0.029723
0.26835 0.035937
0.1339 0.039146
0.31524 0.028479
0.27706 0.03731
0.31993 0.031053
0.12617 0.034455
0.13102 0.036202
0.12755 0.03452
0.32738 0.031521
0.11558 0.0343
0.34384 0.024716
0.10774 0.034934
0.11555 0.034294
0.10761 0.034942
0.33524 0.029685
0.091446 0.029668
0.33738 0.031585
0.24704 0.037462
0.0986 0.035472
0.083092 0.029707
0.36262 0.025765
0.060448 0.03168
0.36797 0.026203
0.2004 0.036916
0.065967 0.030904
0.04987 0.032809
0.37093 0.02612
0.13413 0.03987
0.35934 0.035644
0.22623 0.039664
0.043749 0.030412
0.03358 0.027047
0.32319 0.03932
0.15461 0.034162
0.36912 0.035351
0.16572 0.039907
0.029051 0.027346
0.0274 0.030053
0.31809 0.038336
0.066987 0.03365
0.3846 0.027575
0.031669 0.034826
0.029161 0.033281
0.031706 0.034919
0.34185 0.036013
0.048283 0.035118
0.21261 0.038057
0.06212 0.038232
0.031826 0.035135
0.032533 0.036294
0.37968 0.035051
0.032796 0.037281
0.37621 0.036474
0.078449 0.033342
0.033387 0.037846
0.38059 0.036243
0.044178 0.035759
0.39156 0.03373
0.077817 0.034351
0.034708 0.038158
0.39132 0.034691
0.03674 0.038532
0.35194 0.035533
0.097466 0.038526
0.038866 0.038887
0.043158 0.039666
0.33169 0.037791
0.13351 0.039786
0.4008 0.025861
0.082733 0.038354
0.11374 0.038572
0.075567 0.039013
0.33848 0.036854
0.4013 0.026848
0.30082 0.03776
0.40873 0.0222
0.40807 0.025771
0.40361 0.031719
0.086797 0.038791
0.41043 0.032433
0.30848 0.038626
0.071946 0.038119
0.070366 0.037945
0.42754 0.031363
0.42248 0.034132
0.40497 0.03566
0.4097 0.034496
0.43256 0.038169
0.43226 0.038153
0.41719 0.037279
0.40982 0.035546
0.41813 0.037319
0.44831 0.038414
0.45396 0.021674
0.46281 0.024056
0.47705 0.020691
0.50533 0.021597
0.4359 0.025234
0.48279 0.022902
0.44283 0.030641
0.44282 0.032628
0.477 0.029724
0.49869 0.021985
0.47204 0.036696
0.4756 0.037563
0.48948 0.028352
0.49453 0.023199
0.46716 0.038055
0.48078 0.037121
0.48673 0.026381
0.49243 0.026385
0.48189 0.036982
0.50213 0.037014
0.50315 0.025443
0.50206 0.030584
0.50194 0.037011
0.49849 0.025896
0.53571 0.021329
0.52261 0.021162
0.58925 0.020326
0.55343 0.022726
0.57453 0.024906
0.51073 0.021535
0.54214 0.030554
0.52117 0.023847
0.51903 0.024582
0.55974 0.029331
0.5663 0.03304
0.51492 0.024833
0.5269 0.028285
0.5348 0.035668
0.55555 0.036361
0.51608 0.0278
0.52763 0.033209
0.53147 0.037474
0.55591 0.03892
0.52659 0.03331
0.51409 0.029501
0.52885 0.03731
0.51087 0.037499
0.50862 0.027649
0.53621 0.038512
0.60392 0.021223
0.60515 0.0268
0.62387 0.029068
0.70195 0.039879
0.61002 0.035839
0.66563 0.039128
0.61122 0.040215
0.5796 0.033483
0.89702 0.039378
0.58952 0.033767
0.58506 0.037639
0.96994 0.034394
0.96912 0.028337
0.5781 0.039102
0.59482 0.038715
0.91364 0.039186
0.63921 0.035083
0.5606 0.037554
0.51081 0.037498
0.6495 0.038819
0.61384 0.039972
0.63432 0.030958
0.96557 0.037054
0.67334 0.039164
0.92136 0.038891
0.96036 0.024896
0.97372 0.02548
0.96572 0.026407
0.96739 0.027072
0.86602 0.038907
0.62744 0.039526
0.64295 0.028641
0.97514 0.025913
0.66665 0.038523
0.97554 0.025952
0.9755 0.026034
0.97536 0.025794
0.63978 0.025933
0.97469 0.025451
0.78317 0.03965
0.94942 0.037341
0.97462 0.025422
0.77575 0.039323
0.96833 0.024453
0.84859 0.040336
0.96687 0.024369
0.96953 0.024541
0.96357 0.024241
0.664 0.032773
0.95797 0.037386
0.70666 0.040271
0.95345 0.024023
0.95883 0.024099
0.95657 0.02407
0.66374 0.028705
0.93308 0.038768
0.67626 0.035158
0.89327 0.039003
0.94855 0.024145
0.68114 0.040172
0.86366 0.040133
0.72569 0.039264
0.93052 0.02558
0.92852 0.024326
0.93129 0.02562
0.68725 0.040399
0.93902 0.026452
0.68639 0.037367
0.9432 0.027332
0.94182 0.026858
0.94315 0.027308
0.6871 0.037063
0.94773 0.028813
0.69818 0.038668
0.82995 0.039489
0.9469 0.028561
0.95288 0.031963
0.69897 0.036651
0.80025 0.040154
0.6959 0.031564
0.935 0.035655
0.94688 0.033642
0.93736 0.035942
0.70015 0.029984
0.74605 0.039332
0.70163 0.023754
0.73972 0.038635
0.92307 0.03539
0.92119 0.035043
0.70928 0.027759
0.91816 0.034794
0.71765 0.026805
0.75017 0.03902
0.91591 0.034422
0.91201 0.033751
0.73238 0.037056
0.76524 0.038348
0.72808 0.0244
0.81045 0.040342
0.90648 0.03228
0.90961 0.032668
0.74628 0.034062
0.90885 0.032312
0.76051 0.03491
0.78232 0.038413
0.90905 0.032399
0.90808 0.031803
0.74395 0.026824
0.80908 0.040139
0.75456 0.025987
0.78155 0.035949
0.9035 0.031772
0.77211 0.03028
0.79657 0.039985
0.76353 0.025141
0.79418 0.038871
0.88221 0.03773
0.87312 0.039269
0.77719 0.027665
0.80312 0.036366
0.78461 0.026904
0.82093 0.039935
0.86997 0.0393
0.87135 0.039569
0.79201 0.028925
0.87335 0.039207
0.81446 0.035235
0.81976 0.039925
0.87466 0.038928
0.88162 0.037559
0.81535 0.033233
0.84296 0.03674
0.82067 0.033034
0.83589 0.031052
0.87838 0.03606
0.87493 0.035209
0.81846 0.027382
0.84033 0.032832
0.82669 0.022988
0.85399 0.03171
0.87153 0.033147
0.8715 0.030568
0.84125 0.024991
0.85897 0.028967
0.84881 0.02344
0.87421 0.025112
0.87136 0.028249
0.8717 0.027018
0.86489 0.02246
0.88114 0.023584
0.94669 0.020327
0.94615 0.02203
