348
0.036161 0.022003
0.028782 0.031603
0.057836 0.021488
0.036504 0.031809
0.023895 0.031603
0.036808 0.031832
0.065284 0.023176
0.06777 0.028601
0.076431 0.02406
0.052328 0.03601
0.049933 0.03444
0.052604 0.036364
0.085962 0.025748
0.078956 0.033318
0.090287 0.028302
0.060513 0.041015
0.056868 0.039625
0.060025 0.040808
0.097746 0.032372
0.062668 0.043993
0.10145 0.032402
0.089356 0.047546
0.062235 0.044449
0.060069 0.045731
0.10283 0.037311
0.060431 0.047028
0.11196 0.029681
0.1038 0.043915
0.05915 0.046147
0.062749 0.048229
0.1181 0.033111
0.068731 0.052079
0.12347 0.03115
0.10689 0.049933
0.068487 0.051602
0.067089 0.051826
0.12736 0.028478
0.061938 0.050136
0.13383 0.03073
0.11857 0.045334
0.060772 0.049923
0.1385 0.022552
0.049459 0.045939
0.14287 0.030372
0.12564 0.045426
0.0487 0.045777
0.1441 0.036367
0.050795 0.047193
0.15169 0.026726
0.060232 0.051693
0.059066 0.051163
0.15423 0.034728
0.13016 0.051733
0.1543 0.038727
0.13725 0.05122
0.07447 0.063694
0.16174 0.03412
0.14177 0.051681
0.16469 0.036527
0.067318 0.05683
0.071901 0.060718
0.068395 0.057518
0.16987 0.036567
0.062026 0.054372
0.1789 0.029982
0.059431 0.05342
0.062012 0.054367
0.059373 0.053399
0.17546 0.038508
0.047372 0.047828
0.17664 0.042072
0.12897 0.060998
0.052516 0.050364
0.044298 0.046385
0.18828 0.029819
0.03509 0.048237
0.19225 0.029581
0.11594 0.064763
0.03666 0.046403
0.030917 0.052488
0.19467 0.02998
0.08169 0.080863
0.18697 0.046408
0.12173 0.064229
0.028067 0.049235
0.024264 0.040878
0.16606 0.051504
0.086421 0.075897
0.19507 0.043634
0.09023 0.075412
0.022836 0.042521
0.022489 0.051641
0.16165 0.054167
0.038348 0.051379
0.20164 0.034354
0.025817 0.065661
0.024085 0.062197
0.02588 0.065881
0.17787 0.055188
0.03167 0.058464
0.11958 0.067582
0.039441 0.059197
0.026045 0.066378
0.027041 0.0689
0.2004 0.048756
0.027834 0.071189
0.19816 0.059916
0.043616 0.051396
0.028721 0.072972
0.19987 0.059505
0.031191 0.062605
0.20379 0.04648
0.043918 0.053175
0.029745 0.073506
0.20182 0.063384
0.031119 0.073642
0.18199 0.059852
0.0559 0.0557
0.032013 0.073716
0.033843 0.073689
0.17359 0.057559
0.082852 0.086188
0.21098 0.032036
0.04936 0.065202
0.073364 0.074462
0.050593 0.07151
0.17677 0.060462
0.21165 0.034505
0.15529 0.060251
0.22335 0.024494
0.22228 0.033184
0.2152 0.046235
0.054185 0.069074
0.2252 0.041418
0.15723 0.060166
0.049412 0.071288
0.048964 0.071398
0.23897 0.032763
0.23532 0.037681
0.2185 0.058919
0.22369 0.055491
0.24221 0.036892
0.24423 0.037381
0.23844 0.042733
0.25789 0.039952
0.27308 0.039825
0.28016 0.040598
0.27468 0.021232
0.29024 0.022154
0.32344 0.020149
0.47586 0.020335
0.25001 0.023533
0.35587 0.020419
0.26506 0.026999
0.26546 0.028147
0.31463 0.023287
0.44135 0.020507
0.29406 0.031263
0.30399 0.032708
0.33961 0.021555
0.42817 0.020791
0.29405 0.036295
0.31185 0.031602
0.36644 0.021067
0.40937 0.021272
0.3146 0.030121
0.3062 0.045614
0.45625 0.02122
0.37687 0.021714
0.31272 0.038586
0.43688 0.02144
0.68895 0.020473
0.64825 0.020334
0.76795 0.020463
0.72506 0.021917
0.74983 0.023624
0.53197 0.0205
0.70691 0.0251
0.64272 0.021123
0.62911 0.021322
0.72872 0.027689
0.73025 0.030294
0.58189 0.021212
0.66835 0.022392
0.70997 0.029723
0.72649 0.034572
0.60522 0.021897
0.68306 0.024779
0.71387 0.038865
0.70835 0.041024
0.67473 0.024128
0.55808 0.022121
0.69653 0.029893
0.70065 0.04742
0.52288 0.02202
0.69989 0.037155
0.7768 0.021549
0.77816 0.028504
0.78988 0.038175
0.83581 0.062123
0.78058 0.040571
0.80964 0.05855
0.77324 0.04748
0.75076 0.029933
0.92985 0.070444
0.75582 0.033123
0.74635 0.034094
0.97565 0.058647
0.97619 0.042578
0.73592 0.035854
0.73936 0.039514
0.93734 0.064235
0.80063 0.059524
0.72435 0.042914
0.70094 0.048934
0.76378 0.055403
0.74523 0.042803
0.79538 0.042373
0.97143 0.065042
0.81296 0.056668
0.94526 0.05863
0.97275 0.032354
0.97776 0.035175
0.97494 0.036914
0.97554 0.038953
0.90864 0.075566
0.79358 0.056263
0.79859 0.042916
0.97828 0.036374
0.81 0.05263
0.97842 0.036482
0.9784 0.036707
0.97835 0.036044
0.79829 0.034575
0.97811 0.035093
0.86951 0.068467
0.96377 0.066899
0.97808 0.035014
0.86771 0.067761
0.9758 0.032007
0.90154 0.074419
0.97527 0.031675
0.97624 0.03233
0.97402 0.030989
0.80852 0.043907
0.96736 0.064165
0.83695 0.059148
0.96992 0.029706
0.97209 0.030239
0.9712 0.029983
0.80816 0.036752
0.9539 0.058
0.81497 0.046207
0.92874 0.068905
0.96774 0.029375
0.81896 0.047977
0.90814 0.072574
0.84169 0.06073
0.95996 0.033457
0.95907 0.030155
0.96028 0.033567
0.82828 0.050262
0.96309 0.03474
0.82426 0.044498
0.96519 0.036478
0.96438 0.03563
0.96516 0.036433
0.82471 0.043955
0.96764 0.03986
0.83259 0.048534
0.89787 0.070214
0.96721 0.039242
0.96887 0.047519
0.83207 0.045189
0.88196 0.066942
0.82858 0.037123
0.96107 0.051962
0.96608 0.051484
0.96248 0.052011
0.83009 0.034942
0.85356 0.062788
0.83077 0.025778
0.85169 0.061239
0.95277 0.050929
0.95214 0.050199
0.83596 0.032987
0.9506 0.049567
0.84036 0.03364
0.85503 0.057984
0.94965 0.049306
0.94824 0.048979
0.84882 0.045989
0.85988 0.057288
0.84528 0.027612
0.88499 0.063327
0.94479 0.048825
0.94724 0.047985
0.85518 0.045943
0.94682 0.047796
0.8595 0.046625
0.87078 0.055693
0.94693 0.047837
0.94645 0.047451
0.85564 0.033035
0.88523 0.060001
0.86008 0.031528
0.87132 0.051169
0.94401 0.047565
0.86932 0.04137
0.88218 0.053799
0.86584 0.02889
0.88077 0.049684
0.92389 0.063125
0.91992 0.063227
0.87204 0.036412
0.88489 0.05076
0.87594 0.032833
0.89494 0.053429
0.91602 0.062777
0.91893 0.060617
0.88047 0.034345
0.92138 0.059627
0.89073 0.043192
0.89492 0.04823
0.92226 0.059282
0.92798 0.054225
0.89221 0.039843
0.90543 0.049551
0.89695 0.039663
0.90359 0.044427
0.92869 0.051284
0.92854 0.048744
0.89659 0.031121
0.90573 0.043318
0.9017 0.025794
0.9135 0.039083
0.92907 0.044924
0.93169 0.041786
0.90825 0.028965
0.91656 0.03699
0.91266 0.025995
0.93758 0.032367
0.93386 0.038032
0.93503 0.035695
0.92383 0.026142
0.94015 0.029771
0.96686 0.020732
0.96658 0.024546
