348
0.067882 0.02075
0.046265 0.023871
0.12446 0.020573
0.068951 0.02443
0.031659 0.023902
0.06978 0.024442
0.14769 0.020985
0.15548 0.022943
0.17968 0.021828
0.11245 0.027824
0.10793 0.026412
0.11288 0.028034
0.19497 0.024677
0.18363 0.026898
0.19911 0.027357
0.12887 0.027546
0.12008 0.028248
0.12739 0.027568
0.20582 0.03025
0.13226 0.028234
0.21129 0.029035
0.18637 0.039204
0.13098 0.028575
0.1245 0.030061
0.20803 0.032759
0.12466 0.030604
0.23121 0.025397
0.20095 0.037587
0.12232 0.030892
0.12983 0.030309
0.24044 0.028271
0.14082 0.031583
0.24944 0.026464
0.20022 0.037775
0.14065 0.031381
0.13657 0.030897
0.25678 0.024389
0.12619 0.031502
0.26915 0.026044
0.2367 0.035447
0.12344 0.032433
0.27679 0.021687
0.10371 0.030403
0.2831 0.026406
0.25163 0.03497
0.10208 0.029348
0.28476 0.030366
0.10569 0.031973
0.29677 0.023732
0.12042 0.033392
0.11774 0.033665
0.30089 0.0277
0.25952 0.03648
0.30054 0.029946
0.27316 0.037825
0.14173 0.037221
0.31773 0.028124
0.28028 0.038678
0.32221 0.030354
0.13284 0.033511
0.13823 0.034841
0.13425 0.033598
0.32952 0.031141
0.1226 0.034677
0.34697 0.025009
0.11643 0.035218
0.12256 0.034674
0.11632 0.035254
0.33816 0.029727
0.097574 0.028797
0.34049 0.031634
0.25525 0.037058
0.10647 0.034627
0.087395 0.028038
0.36385 0.026871
0.063102 0.030714
0.36814 0.027378
0.20466 0.038176
0.067859 0.030348
0.051055 0.031363
0.37045 0.02763
0.14226 0.038942
0.36283 0.038354
0.23151 0.037191
0.043954 0.029857
0.033221 0.027034
0.32412 0.037756
0.15734 0.039865
0.36966 0.038547
0.16453 0.039344
0.028812 0.027524
0.027208 0.030325
0.31855 0.036994
0.068801 0.032884
0.38138 0.029445
0.032127 0.034854
0.029328 0.033585
0.032182 0.03494
0.34641 0.036297
0.050084 0.033357
0.21653 0.038416
0.065489 0.03682
0.032344 0.035139
0.033304 0.036207
0.37809 0.038397
0.033776 0.037142
0.3756 0.040058
0.080987 0.031019
0.034554 0.037718
0.37864 0.040315
0.046091 0.034622
0.38657 0.037881
0.08002 0.031884
0.036078 0.037913
0.38639 0.039875
0.038481 0.038052
0.35582 0.037048
0.1065 0.03729
0.041185 0.038141
0.046414 0.038545
0.33423 0.037118
0.14164 0.038892
0.39361 0.027087
0.085627 0.034763
0.12225 0.039173
0.076556 0.036035
0.34271 0.03694
0.39397 0.028245
0.30161 0.03875
0.40073 0.022573
0.40013 0.02681
0.39545 0.033828
0.091952 0.035621
0.40239 0.033811
0.30801 0.037449
0.072998 0.036494
0.071567 0.036555
0.41793 0.031845
0.41336 0.034779
0.39668 0.0382
0.40175 0.03619
0.42468 0.037538
0.42436 0.037657
0.40906 0.03837
0.40192 0.037238
0.40983 0.038369
0.44466 0.038314
0.44395 0.021735
0.45298 0.024081
0.46747 0.020621
0.49446 0.021718
0.42613 0.025134
0.4737 0.022734
0.43401 0.030713
0.43504 0.032452
0.46775 0.028714
0.48858 0.022108
0.46658 0.035244
0.47143 0.035282
0.48091 0.028818
0.48524 0.023463
0.46227 0.03807
0.4765 0.036069
0.47784 0.026515
0.48334 0.026878
0.47726 0.036061
0.49147 0.038008
0.49245 0.025892
0.49148 0.031434
0.49135 0.038057
0.48842 0.026253
0.52255 0.021452
0.51102 0.021298
0.57612 0.020326
0.54046 0.022677
0.55981 0.024738
0.50025 0.021629
0.52806 0.031029
0.50968 0.024294
0.50785 0.025056
0.54696 0.029954
0.55209 0.033825
0.50396 0.025109
0.51479 0.02942
0.51981 0.03657
0.54296 0.036157
0.50513 0.028272
0.51404 0.034757
0.51605 0.03956
0.54341 0.039238
0.51312 0.034745
0.5029 0.030035
0.51395 0.039813
0.49872 0.038471
0.49827 0.028149
0.52042 0.040537
0.59045 0.021174
0.59192 0.026504
0.61036 0.030137
0.6864 0.039141
0.59826 0.035127
0.64939 0.039303
0.59989 0.039529
0.56544 0.032459
0.90062 0.038406
0.57608 0.033574
0.5719 0.036454
0.96933 0.035318
0.96982 0.028892
0.56338 0.037791
0.58188 0.03787
0.916 0.039204
0.62552 0.037407
0.5479 0.038265
0.49864 0.038479
0.63298 0.039975
0.6012 0.040223
0.61947 0.032174
0.96329 0.038015
0.65598 0.037217
0.92271 0.038221
0.96164 0.025092
0.97412 0.025861
0.96665 0.026794
0.96821 0.027546
0.8628 0.036705
0.61322 0.040157
0.62766 0.030263
0.97546 0.026325
0.65014 0.037604
0.97583 0.026366
0.97579 0.026453
0.97566 0.026197
0.62533 0.027141
0.97504 0.02583
0.77557 0.038661
0.94773 0.03891
0.97497 0.025799
0.767 0.039089
0.96909 0.024758
0.84456 0.039144
0.96772 0.024652
0.97021 0.024854
0.96464 0.024463
0.64684 0.032907
0.95488 0.038385
0.69052 0.038966
0.95497 0.024079
0.96016 0.024239
0.95809 0.024174
0.64596 0.028808
0.93321 0.038911
0.6593 0.033269
0.89418 0.038218
0.94997 0.024125
0.66596 0.037145
0.85979 0.037889
0.71032 0.037674
0.93148 0.025519
0.9295 0.024297
0.93224 0.025551
0.67346 0.038518
0.94025 0.026304
0.67233 0.035586
0.94452 0.02712
0.9431 0.026674
0.94446 0.027098
0.67286 0.03537
0.94923 0.028789
0.68336 0.038292
0.82518 0.03776
0.9483 0.028507
0.95318 0.03202
0.68393 0.03631
0.79427 0.036562
0.68122 0.031508
0.93567 0.035031
0.94702 0.033494
0.93791 0.035301
0.68519 0.029816
0.7288 0.036949
0.68668 0.023677
0.72204 0.037194
0.92429 0.035039
0.92254 0.034634
0.69437 0.026703
0.91978 0.034436
0.70536 0.025607
0.73331 0.036545
0.91764 0.034134
0.91417 0.033619
0.71736 0.036224
0.75273 0.038018
0.71702 0.024121
0.80428 0.0382
0.90833 0.032263
0.91151 0.032638
0.73389 0.031339
0.91068 0.032328
0.74959 0.034362
0.77443 0.037277
0.9109 0.032405
0.90981 0.031891
0.73447 0.025619
0.80334 0.037774
0.74722 0.025942
0.77336 0.03517
0.90516 0.031429
0.7633 0.030541
0.78998 0.036545
0.75484 0.02558
0.78691 0.036092
0.87945 0.038317
0.86865 0.038598
0.76796 0.027651
0.79693 0.033571
0.7761 0.026493
0.81449 0.038022
0.86629 0.037298
0.86714 0.038487
0.78391 0.028032
0.86892 0.038461
0.80919 0.033244
0.81337 0.037676
0.87032 0.038216
0.87886 0.037812
0.81067 0.031678
0.84054 0.03464
0.81609 0.031762
0.83299 0.029975
0.87574 0.03571
0.87292 0.034419
0.81448 0.026755
0.838 0.031518
0.82342 0.022818
0.85262 0.031086
0.87079 0.032133
0.8719 0.029816
0.83937 0.024541
0.85786 0.028361
0.84753 0.023288
0.87499 0.024884
0.87205 0.027659
0.87243 0.026538
0.86469 0.02221
0.88192 0.023652
0.94807 0.020324
0.94752 0.022001
