348
0.045878 0.02123
0.032854 0.026975
0.08939 0.02062
0.046534 0.027256
0.025584 0.028141
0.047042 0.027268
0.11002 0.021004
0.1189 0.022561
0.14431 0.022002
0.078241 0.028948
0.074898 0.027552
0.078598 0.029164
0.15809 0.025598
0.14778 0.027583
0.1612 0.02936
0.093358 0.02831
0.085273 0.029139
0.092226 0.028293
0.16648 0.033422
0.096564 0.029297
0.17024 0.031765
0.15081 0.044171
0.095342 0.029595
0.089347 0.030863
0.1679 0.036767
0.089359 0.031446
0.18585 0.026244
0.16327 0.042996
0.087036 0.03166
0.09413 0.031409
0.1947 0.028354
0.10401 0.032128
0.204 0.026506
0.16282 0.044395
0.10391 0.031932
0.10059 0.032497
0.21115 0.024616
0.090633 0.032576
0.22304 0.026262
0.18981 0.036351
0.087786 0.033148
0.23042 0.021748
0.070766 0.032358
0.23631 0.027038
0.20251 0.035055
0.069445 0.031403
0.237 0.031005
0.072487 0.03412
0.25079 0.02339
0.084873 0.034867
0.082798 0.035449
0.25521 0.027129
0.20819 0.037539
0.25434 0.029097
0.22273 0.038875
0.10372 0.037661
0.2697 0.028993
0.23013 0.040912
0.27283 0.030882
0.096442 0.035141
0.10148 0.03662
0.097852 0.035381
0.28105 0.030094
0.086559 0.035597
0.29942 0.02534
0.0815 0.037112
0.086527 0.035605
0.081395 0.037147
0.29194 0.029526
0.065783 0.030817
0.29379 0.031436
0.20414 0.040618
0.073152 0.037122
0.057686 0.031511
0.31634 0.025878
0.042538 0.037382
0.32245 0.025605
0.16598 0.046361
0.045315 0.036753
0.035618 0.039366
0.32613 0.025601
0.10343 0.04253
0.31506 0.035746
0.18381 0.04307
0.031273 0.038229
0.02617 0.03451
0.26919 0.039315
0.12492 0.037407
0.32591 0.033299
0.13777 0.040816
0.024099 0.035708
0.02338 0.041923
0.26285 0.039246
0.045883 0.040679
0.34061 0.027119
0.026315 0.051335
0.024705 0.049228
0.026356 0.051491
0.29641 0.038127
0.035573 0.043059
0.1733 0.045378
0.043981 0.047559
0.026472 0.051833
0.027161 0.053559
0.3368 0.033956
0.027585 0.055125
0.33307 0.037704
0.053024 0.036409
0.02815 0.056065
0.33681 0.037375
0.033778 0.045879
0.34505 0.033777
0.052366 0.037751
0.029093 0.055822
0.34339 0.038557
0.030778 0.054649
0.30701 0.03767
0.073056 0.041018
0.032098 0.05377
0.034706 0.053001
0.28434 0.039235
0.10293 0.04311
0.35674 0.026592
0.055014 0.04125
0.085525 0.042915
0.049767 0.046318
0.2938 0.0387
0.35736 0.027826
0.24958 0.039472
0.38304 0.022779
0.38051 0.027536
0.3601 0.033595
0.059503 0.042478
0.38306 0.034279
0.25361 0.038817
0.047703 0.048319
0.046804 0.049352
0.40186 0.032537
0.39612 0.035458
0.36098 0.039237
0.37638 0.03745
0.4032 0.038198
0.40222 0.039462
0.38989 0.039784
0.37479 0.039363
0.39046 0.040665
0.42746 0.036667
0.43116 0.021533
0.44273 0.023229
0.45975 0.020667
0.48338 0.02157
0.41267 0.024797
0.4643 0.023273
0.42071 0.03014
0.421 0.031519
0.45931 0.029361
0.4772 0.022084
0.45685 0.03542
0.46058 0.03729
0.46906 0.030268
0.47377 0.023649
0.45109 0.038625
0.46243 0.039736
0.46744 0.027696
0.47199 0.02765
0.46276 0.039581
0.47228 0.038823
0.48104 0.025529
0.47749 0.031046
0.47212 0.039093
0.47702 0.026197
0.51462 0.021305
0.50257 0.021198
0.57116 0.020342
0.53667 0.022317
0.55578 0.024841
0.49025 0.021461
0.52118 0.02913
0.50125 0.023942
0.49917 0.024581
0.54333 0.029621
0.54725 0.033473
0.49467 0.024504
0.50631 0.028788
0.5096 0.034789
0.53779 0.03446
0.49593 0.027346
0.50378 0.033366
0.50416 0.037936
0.53715 0.03976
0.50249 0.033256
0.49271 0.028821
0.50039 0.03796
0.47957 0.03791
0.48766 0.027321
0.5088 0.039685
0.58704 0.020932
0.58909 0.025108
0.61449 0.026673
0.7082 0.040342
0.59809 0.031019
0.66961 0.036021
0.60002 0.034035
0.56156 0.033014
0.92372 0.042246
0.56952 0.034063
0.56537 0.036777
0.97358 0.043894
0.97367 0.034024
0.55687 0.039109
0.57429 0.037181
0.9358 0.047451
0.64002 0.03368
0.54172 0.038309
0.47944 0.037932
0.64962 0.037019
0.60255 0.035203
0.62993 0.028405
0.96934 0.047633
0.67825 0.036294
0.94028 0.047605
0.96827 0.027919
0.97633 0.029373
0.97164 0.030717
0.9726 0.031933
0.87744 0.044926
0.62343 0.033264
0.6392 0.028582
0.97716 0.030114
0.66955 0.034364
0.97739 0.030181
0.97736 0.03032
0.97729 0.02991
0.63642 0.025744
0.9769 0.029323
0.78916 0.040543
0.95824 0.047005
0.97686 0.029274
0.78123 0.03957
0.97318 0.027508
0.85796 0.040395
0.97232 0.027366
0.97388 0.027654
0.97031 0.026993
0.66406 0.030091
0.96398 0.046921
0.71198 0.038984
0.96424 0.026123
0.96735 0.026575
0.96609 0.026381
0.66248 0.026995
0.94581 0.047911
0.67958 0.032031
0.91748 0.040481
0.96076 0.025993
0.68755 0.036303
0.87475 0.044833
0.73097 0.040548
0.94677 0.028074
0.94542 0.026369
0.94731 0.028061
0.69697 0.040266
0.95353 0.028244
0.69398 0.036234
0.95672 0.029374
0.95568 0.028702
0.95668 0.029339
0.69443 0.035988
0.96017 0.032615
0.70419 0.038789
0.83772 0.040324
0.95946 0.032001
0.96314 0.037823
0.70394 0.036821
0.80844 0.041027
0.69956 0.032072
0.94898 0.040619
0.95842 0.038617
0.95118 0.040016
0.70258 0.030321
0.75357 0.03911
0.70417 0.0239
0.74739 0.03881
0.94179 0.042973
0.94089 0.042174
0.71204 0.026893
0.93893 0.041072
0.72206 0.026463
0.75608 0.038492
0.9376 0.04006
0.93556 0.038532
0.73836 0.034912
0.7644 0.03984
0.73199 0.024287
0.81693 0.041138
0.93147 0.036466
0.93389 0.036888
0.75228 0.032244
0.93333 0.036498
0.762 0.034673
0.78853 0.037475
0.93348 0.036594
0.93271 0.03597
0.75107 0.026033
0.81615 0.04088
0.76075 0.026222
0.78805 0.035248
0.9289 0.034728
0.77857 0.03002
0.80513 0.038631
0.76978 0.024957
0.80243 0.037341
0.9018 0.041845
0.89294 0.042495
0.78439 0.027951
0.81041 0.036626
0.79144 0.026893
0.82865 0.04037
0.88625 0.04277
0.89021 0.041717
0.79898 0.028712
0.89334 0.041754
0.82023 0.034293
0.82682 0.039264
0.8951 0.04168
0.90248 0.038992
0.82141 0.032862
0.8505 0.033109
0.82789 0.033329
0.84194 0.031265
0.90128 0.037426
0.89926 0.0366
0.82573 0.027866
0.8476 0.030547
0.83331 0.023221
0.8629 0.030657
0.89702 0.034451
0.89913 0.031802
0.84786 0.024106
0.86722 0.029234
0.85708 0.023148
0.90324 0.025645
0.89995 0.029211
0.90062 0.027812
0.87753 0.023175
0.90844 0.024071
0.95936 0.020456
0.95895 0.022787
