348
0.045025 0.021256
0.032369 0.027226
0.088427 0.020615
0.04567 0.027403
0.025374 0.02846
0.04617 0.02741
0.10926 0.020991
0.11825 0.022546
0.14346 0.022064
0.077207 0.028909
0.073855 0.027525
0.077565 0.029123
0.15667 0.025867
0.14679 0.027869
0.15965 0.029829
0.092424 0.028242
0.084279 0.029083
0.091283 0.028228
0.16458 0.03414
0.095654 0.029213
0.16817 0.032422
0.14942 0.045267
0.094422 0.029511
0.088384 0.030786
0.16587 0.037678
0.088397 0.031365
0.18328 0.026278
0.16132 0.044136
0.086057 0.031584
0.093203 0.031313
0.19224 0.028214
0.10317 0.031994
0.20173 0.026326
0.16086 0.045588
0.10308 0.031801
0.099713 0.03237
0.20915 0.024457
0.08968 0.032483
0.22135 0.026236
0.18727 0.036221
0.086813 0.03306
0.22862 0.021775
0.069721 0.032326
0.23441 0.027412
0.20015 0.034667
0.068393 0.031385
0.23526 0.031649
0.07145 0.034077
0.24746 0.023904
0.083878 0.034778
0.081788 0.035364
0.25127 0.028067
0.20608 0.036971
0.25053 0.030358
0.22134 0.03879
0.10289 0.037466
0.26481 0.029118
0.22926 0.041104
0.26799 0.030824
0.095536 0.035005
0.10062 0.036448
0.096958 0.035236
0.27624 0.029919
0.085577 0.035498
0.29515 0.025256
0.08048 0.037023
0.085546 0.035505
0.080374 0.037059
0.28744 0.029255
0.064721 0.030837
0.28935 0.031128
0.20182 0.040043
0.072124 0.037068
0.056662 0.031615
0.31202 0.025962
0.041816 0.037813
0.31806 0.025725
0.16387 0.047647
0.04454 0.037115
0.03511 0.040002
0.32163 0.025744
0.10259 0.042288
0.31076 0.035947
0.18121 0.04335
0.0309 0.03892
0.025953 0.035078
0.26475 0.03963
0.12425 0.037385
0.32142 0.033637
0.13697 0.041195
0.023957 0.036323
0.023274 0.042755
0.25863 0.040525
0.045138 0.041112
0.33565 0.02732
0.026145 0.052429
0.024577 0.050264
0.026185 0.052589
0.29206 0.037732
0.035098 0.043792
0.17096 0.046489
0.04334 0.048187
0.026297 0.052941
0.026968 0.054715
0.33196 0.034381
0.02738 0.056324
0.32834 0.038271
0.052116 0.036628
0.02793 0.05729
0.33196 0.037903
0.033379 0.046729
0.33996 0.034131
0.051481 0.037998
0.028847 0.057041
0.33834 0.039052
0.030487 0.055816
0.30278 0.037655
0.072039 0.040957
0.031771 0.054875
0.034309 0.054012
0.27962 0.038829
0.10209 0.042865
0.35143 0.026662
0.054113 0.0415
0.084539 0.042777
0.049006 0.046772
0.28936 0.038198
0.35203 0.027898
0.24765 0.042145
0.37833 0.022568
0.37563 0.027048
0.35467 0.033623
0.058531 0.042658
0.37805 0.033206
0.25089 0.041378
0.046999 0.048867
0.046128 0.049945
0.39969 0.031988
0.39341 0.034177
0.35545 0.039235
0.37089 0.036648
0.40164 0.037601
0.40084 0.038708
0.38601 0.037701
0.36918 0.038609
0.38671 0.038426
0.42498 0.03631
0.42865 0.021488
0.44058 0.023147
0.45797 0.020654
0.48188 0.021596
0.41002 0.024876
0.4626 0.023211
0.41791 0.0301
0.41825 0.031464
0.45752 0.029173
0.47574 0.022084
0.45501 0.035102
0.45882 0.036948
0.46745 0.030084
0.47225 0.023615
0.44912 0.038216
0.46071 0.039353
0.4658 0.027555
0.47044 0.027541
0.46105 0.039203
0.47074 0.038569
0.47963 0.025588
0.47604 0.031055
0.47057 0.038827
0.47556 0.026194
0.51213 0.021328
0.50039 0.021236
0.56973 0.020324
0.5344 0.022269
0.55375 0.02475
0.48851 0.021513
0.51854 0.029136
0.49911 0.024068
0.4971 0.024733
0.5412 0.029479
0.54515 0.033319
0.49276 0.024664
0.50404 0.029044
0.50724 0.035193
0.53555 0.034177
0.49398 0.027603
0.50158 0.033774
0.50195 0.03848
0.5349 0.039363
0.50032 0.03367
0.49088 0.029145
0.49828 0.038542
0.47815 0.038027
0.48601 0.027531
0.50647 0.040231
0.58653 0.020879
0.58871 0.024813
0.6156 0.02637
0.71269 0.038785
0.59826 0.030398
0.67147 0.036128
0.60031 0.033251
0.5596 0.032602
0.92455 0.042516
0.568 0.033369
0.56362 0.036103
0.9737 0.044225
0.97376 0.0342
0.55485 0.038703
0.57304 0.036268
0.93653 0.047819
0.64185 0.033292
0.53957 0.038013
0.47802 0.038043
0.65167 0.036453
0.60298 0.034362
0.63154 0.028227
0.96955 0.048039
0.67975 0.035897
0.94096 0.047994
0.96841 0.028021
0.97637 0.029491
0.97174 0.030852
0.9727 0.032083
0.87878 0.04504
0.6249 0.032861
0.64101 0.028344
0.97719 0.030241
0.67155 0.034458
0.97742 0.030308
0.9774 0.03045
0.97732 0.030035
0.63817 0.025596
0.97694 0.02944
0.78927 0.040512
0.95864 0.047413
0.97689 0.029391
0.78078 0.040609
0.97326 0.027602
0.85924 0.040066
0.97242 0.027459
0.97396 0.02775
0.97043 0.027081
0.66652 0.030076
0.96428 0.04732
0.71688 0.037765
0.96443 0.026205
0.96751 0.02666
0.96626 0.026465
0.66495 0.02696
0.94641 0.048327
0.68169 0.031668
0.91838 0.040713
0.961 0.026077
0.68993 0.035341
0.87609 0.044901
0.73784 0.040721
0.94722 0.028197
0.9459 0.026465
0.94776 0.028184
0.70021 0.038838
0.95388 0.028369
0.69704 0.035131
0.95702 0.029511
0.956 0.02883
0.95698 0.029475
0.69755 0.034895
0.96043 0.032793
0.70827 0.037352
0.83838 0.040016
0.95973 0.032171
0.9634 0.038065
0.70801 0.035539
0.80922 0.041727
0.70329 0.031195
0.94947 0.04094
0.95875 0.038884
0.95163 0.040325
0.7066 0.029545
0.75803 0.041014
0.70833 0.023602
0.75283 0.040467
0.94241 0.043305
0.94152 0.042493
0.71687 0.026452
0.93957 0.04137
0.72739 0.026287
0.76013 0.040446
0.93826 0.040341
0.93623 0.038786
0.74453 0.035615
0.76687 0.04204
0.73741 0.024348
0.81759 0.04157
0.93217 0.036683
0.93457 0.037116
0.75663 0.033454
0.93401 0.03672
0.76511 0.03639
0.78896 0.037566
0.93416 0.036817
0.9334 0.036183
0.75539 0.026615
0.81682 0.041348
0.76418 0.026936
0.78873 0.035361
0.92963 0.034917
0.77989 0.030686
0.80603 0.039183
0.77218 0.025566
0.80342 0.037757
0.9029 0.042101
0.89415 0.042784
0.7857 0.028179
0.81123 0.037241
0.79276 0.026904
0.82929 0.040273
0.88752 0.04302
0.89143 0.042009
0.80032 0.028862
0.89454 0.042035
0.82083 0.034498
0.82746 0.039251
0.89627 0.041955
0.90354 0.039212
0.82201 0.033012
0.85153 0.032773
0.82853 0.033287
0.84273 0.031047
0.90234 0.037632
0.90035 0.036802
0.82635 0.02788
0.84854 0.030283
0.83399 0.023186
0.86418 0.030553
0.89812 0.034633
0.90017 0.031946
0.84882 0.024002
0.86851 0.029195
0.85829 0.023093
0.90422 0.02571
0.90097 0.029322
0.90163 0.027905
0.87883 0.02319
0.90937 0.024113
0.95961 0.020462
0.95921 0.022827
