348
0.064404 0.020848
0.043835 0.024062
0.11339 0.020632
0.065372 0.025032
0.030493 0.024353
0.06612 0.025064
0.13413 0.02095
0.14299 0.022835
0.16835 0.021644
0.10184 0.028441
0.097579 0.027251
0.10222 0.028634
0.18366 0.024897
0.17284 0.026687
0.18764 0.027722
0.11706 0.028522
0.10916 0.028999
0.1159 0.028472
0.19398 0.030051
0.11994 0.029445
0.20012 0.029205
0.17677 0.038795
0.11883 0.029805
0.11339 0.031092
0.19602 0.032612
0.11349 0.031711
0.21803 0.026207
0.18966 0.038325
0.11126 0.031888
0.1176 0.031732
0.22619 0.029114
0.12673 0.032356
0.23472 0.027168
0.18887 0.038673
0.12664 0.032165
0.12314 0.032338
0.24084 0.02476
0.11474 0.032826
0.25298 0.025889
0.22155 0.037694
0.1122 0.033683
0.26087 0.021634
0.094309 0.032228
0.2676 0.026276
0.23567 0.03668
0.092819 0.031101
0.26935 0.030204
0.095763 0.033945
0.28112 0.023767
0.10913 0.034679
0.10644 0.034642
0.28533 0.027858
0.24239 0.037707
0.28501 0.030162
0.2565 0.037319
0.12588 0.03855
0.30129 0.028768
0.26429 0.038468
0.30559 0.031506
0.11932 0.035622
0.12351 0.03673
0.12046 0.035649
0.31261 0.032258
0.1112 0.036138
0.32748 0.025814
0.10499 0.036194
0.11117 0.036132
0.10489 0.036228
0.32019 0.031046
0.089072 0.030799
0.32245 0.033431
0.23848 0.038621
0.096252 0.037102
0.080879 0.02985
0.34267 0.026466
0.059744 0.031765
0.34738 0.026891
0.19296 0.038151
0.064547 0.031698
0.048024 0.031984
0.3502 0.027176
0.12589 0.039857
0.34107 0.037986
0.21751 0.040119
0.041287 0.03043
0.031899 0.027792
0.30853 0.039737
0.14336 0.039297
0.34876 0.037411
0.14997 0.03936
0.027931 0.028364
0.026362 0.031473
0.30308 0.038444
0.065724 0.034631
0.36111 0.029794
0.029785 0.036619
0.027726 0.035115
0.029812 0.036716
0.32751 0.038803
0.046381 0.034135
0.20537 0.03954
0.062479 0.038782
0.029905 0.036934
0.030453 0.038084
0.35754 0.038455
0.030627 0.039111
0.35543 0.039667
0.076392 0.033374
0.031104 0.039608
0.35798 0.040299
0.041586 0.03551
0.36575 0.037996
0.075793 0.034371
0.03222 0.039684
0.36544 0.039326
0.033979 0.039679
0.3347 0.038695
0.096176 0.040383
0.035912 0.03963
0.040217 0.039609
0.31773 0.039375
0.12534 0.039967
0.37349 0.026853
0.081785 0.038279
0.1105 0.040911
0.073724 0.039111
0.32471 0.039332
0.37388 0.027979
0.28573 0.039123
0.38111 0.022443
0.38048 0.026429
0.37528 0.033344
0.086414 0.039486
0.38243 0.033508
0.29214 0.038279
0.070377 0.038854
0.069001 0.038867
0.3979 0.033102
0.39323 0.0359
0.37625 0.037497
0.38154 0.03584
0.40258 0.039619
0.40227 0.039759
0.38872 0.038927
0.38159 0.036944
0.38946 0.039054
0.42064 0.036851
0.42318 0.021552
0.43352 0.023585
0.44929 0.02061
0.4803 0.021357
0.40524 0.02559
0.4553 0.022646
0.41228 0.030853
0.41281 0.032637
0.44952 0.028563
0.47252 0.021748
0.44627 0.034835
0.4504 0.035254
0.46303 0.027698
0.46807 0.022885
0.44115 0.036116
0.4547 0.035484
0.45974 0.025957
0.46577 0.025816
0.45557 0.03538
0.47361 0.034798
0.47771 0.024708
0.4759 0.029243
0.4734 0.034831
0.4723 0.025195
0.51623 0.021051
0.50105 0.021
0.57939 0.020297
0.54133 0.022188
0.56301 0.024549
0.487 0.021285
0.52441 0.027746
0.49933 0.023295
0.49692 0.023874
0.54835 0.028616
0.55448 0.032469
0.4919 0.024054
0.50602 0.027151
0.51354 0.032406
0.54439 0.03367
0.49338 0.026539
0.50529 0.031319
0.50848 0.034906
0.54507 0.036292
0.50399 0.031362
0.49061 0.027971
0.50519 0.03505
0.48367 0.034606
0.48433 0.026425
0.51464 0.035009
0.59644 0.02095
0.59813 0.025231
0.62074 0.028973
0.6983 0.037932
0.60608 0.032676
0.66017 0.039126
0.60914 0.036503
0.56872 0.032146
0.90139 0.039979
0.57927 0.032516
0.57422 0.036095
0.96882 0.035063
0.96961 0.028724
0.56625 0.037403
0.5849 0.036405
0.9175 0.03877
0.63665 0.035456
0.54972 0.036166
0.4836 0.034611
0.64458 0.038932
0.61139 0.036724
0.63057 0.031165
0.96259 0.038271
0.66884 0.038269
0.92468 0.038033
0.96127 0.025157
0.97401 0.025747
0.96638 0.026713
0.96797 0.027399
0.86929 0.036884
0.62566 0.038567
0.63958 0.02878
0.97537 0.026201
0.66145 0.037979
0.97575 0.026242
0.9757 0.026327
0.97557 0.026076
0.63673 0.02623
0.97494 0.025716
0.78167 0.039666
0.9475 0.039684
0.97487 0.025686
0.77216 0.038629
0.96887 0.02466
0.85151 0.039234
0.96748 0.024573
0.97002 0.02476
0.96433 0.024454
0.65913 0.032945
0.95379 0.039151
0.70359 0.038816
0.95466 0.024268
0.95978 0.024324
0.95759 0.024303
0.65911 0.028867
0.93553 0.039817
0.67241 0.03462
0.8967 0.040302
0.95011 0.024417
0.67705 0.039728
0.86645 0.038076
0.72214 0.039641
0.93325 0.025725
0.93124 0.024408
0.93403 0.025783
0.68264 0.039839
0.94128 0.026854
0.68202 0.037067
0.94516 0.027916
0.94387 0.027365
0.94511 0.027889
0.68273 0.036619
0.9494 0.029436
0.69387 0.03707
0.83163 0.037223
0.9486 0.029253
0.95277 0.032734
0.69508 0.035236
0.79906 0.03767
0.6921 0.030603
0.93741 0.036207
0.94711 0.034936
0.93902 0.036683
0.69728 0.029148
0.74066 0.038958
0.69906 0.023416
0.73503 0.038273
0.92619 0.034845
0.92433 0.034508
0.70721 0.027111
0.92141 0.034378
0.71639 0.026567
0.74405 0.039558
0.91907 0.034102
0.91508 0.033639
0.72835 0.037131
0.75838 0.039066
0.72677 0.024347
0.81114 0.038216
0.90942 0.032526
0.91255 0.032695
0.74319 0.033477
0.91175 0.032396
0.75604 0.035455
0.78087 0.038309
0.91196 0.032471
0.91093 0.031965
0.74291 0.026641
0.80979 0.037764
0.75386 0.026395
0.78008 0.036066
0.90639 0.031904
0.76985 0.030203
0.79501 0.038447
0.76143 0.025527
0.79237 0.037994
0.8857 0.040154
0.87601 0.03931
0.77498 0.027462
0.80209 0.034156
0.78295 0.026898
0.82092 0.038168
0.87319 0.038103
0.87439 0.039101
0.78978 0.029107
0.87626 0.039293
0.81518 0.03364
0.81987 0.038102
0.87771 0.039349
0.88518 0.03975
0.81625 0.031938
0.84638 0.035228
0.82129 0.031908
0.8382 0.029823
0.88224 0.037169
0.87891 0.035483
0.81934 0.026801
0.84333 0.031585
0.82798 0.0228
0.85743 0.031197
0.8761 0.032798
0.87649 0.030329
0.84422 0.024572
0.86258 0.028427
0.85238 0.023346
0.87937 0.025203
0.87648 0.028051
0.87684 0.026884
0.86933 0.022222
0.88569 0.02401
0.94839 0.020354
0.94789 0.022206
