348
0.077349 0.020713
0.053317 0.023221
0.13457 0.02054
0.078578 0.024216
0.035176 0.023043
0.079529 0.024227
0.15851 0.020889
0.16835 0.0224
0.19367 0.021826
0.1219 0.027605
0.11747 0.026343
0.12234 0.027801
0.20897 0.024778
0.19806 0.027047
0.21312 0.027528
0.13928 0.027242
0.12999 0.027813
0.13758 0.027219
0.21961 0.029938
0.14317 0.028003
0.22546 0.029044
0.20232 0.038773
0.14179 0.028309
0.13458 0.029478
0.22131 0.032516
0.13462 0.03001
0.24543 0.02577
0.21497 0.038484
0.13215 0.030191
0.14024 0.029955
0.25349 0.029445
0.15165 0.031444
0.26147 0.02775
0.21426 0.038723
0.15149 0.031234
0.14735 0.030582
0.26683 0.025121
0.13591 0.03096
0.27849 0.02597
0.24785 0.036991
0.13294 0.031726
0.28664 0.021668
0.11338 0.030423
0.2931 0.026899
0.26139 0.038071
0.11174 0.029349
0.29474 0.031382
0.11484 0.03202
0.30473 0.024408
0.12943 0.0328
0.12632 0.033445
0.30835 0.029176
0.26738 0.039151
0.30822 0.031875
0.28183 0.03765
0.15268 0.037369
0.32236 0.02901
0.29004 0.039291
0.32677 0.031337
0.14324 0.033222
0.1489 0.034621
0.14469 0.03325
0.33423 0.032034
0.13152 0.033871
0.34883 0.025851
0.12441 0.034912
0.13149 0.033865
0.12428 0.034937
0.34194 0.030934
0.10719 0.028879
0.34377 0.033328
0.26346 0.039997
0.11488 0.034781
0.097233 0.028201
0.36469 0.026303
0.07156 0.030028
0.36979 0.026637
0.21806 0.03833
0.077454 0.029841
0.058477 0.030048
0.37262 0.026673
0.15311 0.038208
0.36113 0.037468
0.24318 0.038813
0.050319 0.028044
0.037209 0.025518
0.32918 0.039419
0.17246 0.035652
0.37079 0.036513
0.18223 0.039033
0.03147 0.025787
0.029377 0.027933
0.32346 0.039114
0.078781 0.032258
0.38458 0.029012
0.034877 0.031637
0.031649 0.030458
0.034927 0.031709
0.34738 0.039451
0.056642 0.031696
0.229 0.038798
0.07411 0.035918
0.035086 0.031876
0.036021 0.032773
0.38076 0.037364
0.036385 0.033542
0.37745 0.038673
0.091984 0.031321
0.037159 0.033973
0.38159 0.038962
0.051251 0.032144
0.39084 0.036821
0.091219 0.03221
0.038863 0.034192
0.39075 0.03799
0.041508 0.034445
0.35513 0.038343
0.11424 0.037476
0.044373 0.034678
0.050195 0.03519
0.33932 0.039392
0.15238 0.038007
0.39769 0.027179
0.097626 0.035471
0.13006 0.038011
0.08851 0.036343
0.34487 0.039625
0.39811 0.028387
0.30899 0.041493
0.40426 0.022675
0.40372 0.027027
0.40051 0.034311
0.10259 0.036291
0.4058 0.034885
0.31418 0.041045
0.084459 0.035764
0.082727 0.035692
0.41999 0.032457
0.41531 0.035908
0.40205 0.039079
0.40537 0.037443
0.42556 0.03878
0.42518 0.038852
0.41092 0.040141
0.40552 0.038674
0.41165 0.040046
0.44332 0.039482
0.44563 0.021821
0.45369 0.024537
0.46643 0.020785
0.49038 0.021775
0.4284 0.025314
0.4713 0.023327
0.43552 0.031002
0.43601 0.033021
0.46661 0.031032
0.48472 0.02225
0.4639 0.038885
0.468 0.039731
0.47687 0.029922
0.4813 0.023772
0.45946 0.039904
0.4721 0.039495
0.47442 0.027549
0.47943 0.027585
0.4728 0.039397
0.48794 0.039026
0.48848 0.026105
0.48764 0.031903
0.48781 0.039041
0.48456 0.02669
0.52026 0.021314
0.507 0.021172
0.57283 0.020349
0.53852 0.022719
0.55828 0.025015
0.49564 0.021643
0.52649 0.030315
0.50554 0.023888
0.50356 0.024639
0.5447 0.029919
0.55024 0.033702
0.49955 0.025002
0.51142 0.028361
0.51959 0.035402
0.54066 0.03666
0.50068 0.027998
0.51205 0.033329
0.51615 0.03787
0.54108 0.039655
0.5109 0.033389
0.49875 0.029901
0.51321 0.037686
0.49518 0.038891
0.49353 0.028354
0.52118 0.038689
0.58676 0.021186
0.58816 0.026559
0.60726 0.029568
0.69834 0.037162
0.59434 0.035201
0.65067 0.035082
0.59657 0.039768
0.56359 0.033573
0.90193 0.039706
0.57288 0.034767
0.56859 0.038204
0.97012 0.035635
0.96997 0.029053
0.5616 0.039149
0.57755 0.039745
0.91571 0.039093
0.62263 0.034539
0.54549 0.038598
0.49513 0.038903
0.63153 0.037288
0.59879 0.039889
0.61684 0.031129
0.96538 0.038732
0.66179 0.034613
0.92308 0.037187
0.96192 0.025269
0.97421 0.025953
0.96685 0.026938
0.96839 0.027675
0.86676 0.037156
0.61115 0.039389
0.62631 0.028164
0.97553 0.026423
0.65226 0.034456
0.9759 0.026465
0.97585 0.026554
0.97573 0.026294
0.62324 0.025816
0.97512 0.025921
0.78451 0.038488
0.95058 0.039233
0.97505 0.02589
0.77533 0.039226
0.96926 0.02484
0.85058 0.040306
0.96791 0.024738
0.97036 0.024932
0.96487 0.024582
0.64926 0.030207
0.95768 0.039293
0.70433 0.038366
0.95548 0.024294
0.96051 0.024403
0.95846 0.02436
0.64914 0.026987
0.93609 0.038119
0.66577 0.031608
0.89664 0.038878
0.95084 0.024393
0.67241 0.035763
0.86431 0.038447
0.72526 0.038644
0.93281 0.025154
0.93056 0.023933
0.93368 0.025225
0.6801 0.036187
0.94181 0.0264
0.67899 0.033775
0.94577 0.027518
0.94446 0.026956
0.94572 0.027491
0.67986 0.033575
0.95011 0.029314
0.69344 0.035757
0.83452 0.040276
0.94929 0.02901
0.95444 0.032781
0.69434 0.034118
0.80304 0.038728
0.6905 0.029662
0.93806 0.034933
0.94894 0.034409
0.9404 0.03551
0.69545 0.02853
0.74432 0.037461
0.69729 0.023232
0.73749 0.037384
0.92491 0.033936
0.92274 0.033873
0.70586 0.026931
0.91933 0.034153
0.7151 0.026353
0.74897 0.037369
0.91721 0.034161
0.91364 0.034171
0.73084 0.036712
0.76452 0.039035
0.72601 0.024287
0.81363 0.039321
0.90851 0.033315
0.91134 0.033486
0.74478 0.032611
0.91062 0.033259
0.76011 0.034956
0.78327 0.037404
0.91081 0.033317
0.90986 0.032832
0.74235 0.026242
0.81216 0.038888
0.75438 0.02576
0.78188 0.035216
0.90575 0.032233
0.7711 0.030543
0.79928 0.038669
0.76301 0.025342
0.79652 0.037749
0.88295 0.038371
0.87299 0.038894
0.77586 0.027607
0.80499 0.035166
0.7839 0.026518
0.82485 0.03966
0.87041 0.038153
0.87153 0.038944
0.79178 0.028496
0.87322 0.038847
0.81701 0.034471
0.82357 0.039489
0.87453 0.03872
0.88231 0.038078
0.81774 0.032645
0.84522 0.036917
0.82304 0.032813
0.8372 0.03149
0.87902 0.036066
0.87565 0.034834
0.82025 0.027175
0.84185 0.033146
0.82818 0.023143
0.85476 0.031456
0.87293 0.032488
0.87333 0.030042
0.84199 0.025126
0.8596 0.028574
0.84957 0.023476
0.87622 0.024958
0.87333 0.027827
0.87369 0.026676
0.86618 0.022248
0.88307 0.023648
0.94908 0.020344
0.94856 0.022125
