348
0.066983 0.020764
0.046561 0.024112
0.11942 0.02054
0.068151 0.024535
0.032183 0.02381
0.069054 0.024576
0.14195 0.020882
0.15254 0.022144
0.17824 0.021992
0.10608 0.027401
0.10184 0.02644
0.10651 0.027595
0.19377 0.024609
0.18232 0.027331
0.1982 0.02733
0.12398 0.027573
0.11494 0.02773
0.12235 0.027429
0.20448 0.030271
0.12756 0.028469
0.2101 0.02979
0.18478 0.039045
0.12624 0.028772
0.11939 0.029488
0.20587 0.03311
0.11934 0.030018
0.2284 0.025766
0.19956 0.038201
0.11691 0.03008
0.12471 0.030485
0.23702 0.028536
0.13511 0.032199
0.24637 0.026612
0.19869 0.038339
0.135 0.031988
0.13123 0.031308
0.25279 0.024399
0.1205 0.031086
0.26614 0.025325
0.22934 0.036911
0.11752 0.031622
0.27507 0.021524
0.097548 0.031352
0.28208 0.02606
0.24502 0.035566
0.096094 0.030418
0.28386 0.029866
0.098713 0.032849
0.29598 0.02364
0.1138 0.032661
0.11009 0.033201
0.30032 0.02755
0.25265 0.036605
0.30021 0.029778
0.26937 0.035856
0.13496 0.038536
0.31612 0.028537
0.27813 0.037294
0.32078 0.031122
0.127 0.034014
0.13201 0.035715
0.12843 0.034084
0.32819 0.031583
0.11595 0.033803
0.34457 0.024727
0.10762 0.034594
0.11591 0.033798
0.10748 0.034613
0.33601 0.029725
0.092083 0.030338
0.33813 0.031628
0.24754 0.036959
0.098204 0.035935
0.084343 0.030104
0.36336 0.025738
0.061345 0.031338
0.36875 0.026159
0.2027 0.038574
0.067049 0.030549
0.0505 0.032514
0.37174 0.026067
0.13519 0.039233
0.36006 0.035595
0.22502 0.039385
0.044188 0.030191
0.033816 0.026919
0.32401 0.039434
0.15661 0.033606
0.36991 0.035234
0.1682 0.039219
0.029209 0.027221
0.027528 0.029881
0.31894 0.038455
0.068283 0.033197
0.38556 0.027459
0.031876 0.034565
0.029323 0.033054
0.031914 0.034656
0.34259 0.036058
0.048904 0.034777
0.21252 0.040085
0.063377 0.037679
0.032037 0.034868
0.032758 0.036003
0.38056 0.034857
0.033026 0.036972
0.37706 0.03629
0.08032 0.033556
0.033628 0.037523
0.38148 0.036026
0.044674 0.035422
0.39265 0.03348
0.079764 0.034533
0.034974 0.037822
0.39241 0.034424
0.037043 0.038178
0.35266 0.035537
0.096984 0.039209
0.039207 0.038514
0.043648 0.039252
0.33248 0.037875
0.13455 0.03916
0.40207 0.025743
0.084619 0.039102
0.11375 0.037914
0.077857 0.039034
0.33923 0.036912
0.40257 0.02671
0.30181 0.037865
0.41017 0.022152
0.4095 0.025646
0.40494 0.031477
0.088051 0.039968
0.41191 0.032166
0.30941 0.038762
0.073877 0.03776
0.072168 0.03743
0.42936 0.03117
0.42421 0.033873
0.40632 0.035331
0.41117 0.034182
0.43446 0.037956
0.43416 0.037933
0.41882 0.036938
0.41129 0.035209
0.41978 0.036982
0.45021 0.0386
0.4558 0.021699
0.46451 0.024144
0.47837 0.020709
0.50585 0.021652
0.43786 0.025197
0.48396 0.022981
0.4448 0.030668
0.44479 0.03266
0.47832 0.029986
0.49944 0.022047
0.47349 0.037145
0.47695 0.038036
0.49047 0.028578
0.49539 0.023292
0.46874 0.03851
0.482 0.037583
0.48779 0.026553
0.49334 0.026566
0.48308 0.03744
0.50277 0.037568
0.50375 0.025623
0.5027 0.030929
0.50259 0.037564
0.49924 0.026079
0.53496 0.021379
0.5225 0.021215
0.58873 0.020321
0.55244 0.022721
0.57377 0.024824
0.51107 0.021591
0.54115 0.030782
0.52113 0.024018
0.51909 0.024779
0.55874 0.029261
0.5654 0.032868
0.51512 0.025025
0.52658 0.02869
0.5341 0.036294
0.55455 0.036299
0.51624 0.028117
0.52728 0.033862
0.53093 0.038318
0.55492 0.038842
0.52628 0.033957
0.51431 0.029874
0.52844 0.038181
0.5112 0.038142
0.50903 0.02792
0.53544 0.039186
0.60382 0.021168
0.60512 0.026479
0.62462 0.029043
0.70291 0.038436
0.61087 0.034961
0.6637 0.039521
0.61272 0.039199
0.57893 0.033261
0.90057 0.039888
0.58908 0.033546
0.58457 0.037353
0.9705 0.035235
0.96973 0.028822
0.57741 0.038787
0.59467 0.038225
0.91512 0.040078
0.63995 0.035806
0.55961 0.037411
0.51114 0.03814
0.64902 0.040213
0.61565 0.039162
0.63498 0.03134
0.96637 0.038023
0.67176 0.039005
0.92233 0.039316
0.96144 0.025164
0.97406 0.025801
0.96651 0.026771
0.96808 0.027479
0.87056 0.038868
0.62935 0.039827
0.64314 0.029138
0.97541 0.026259
0.66482 0.038828
0.97579 0.0263
0.97575 0.026387
0.97561 0.026133
0.64021 0.026225
0.97499 0.025769
0.77996 0.039545
0.95095 0.038213
0.97492 0.02574
0.77317 0.040496
0.96897 0.024711
0.85213 0.038588
0.96759 0.024619
0.97011 0.024806
0.96447 0.024479
0.66263 0.033104
0.95917 0.038321
0.70838 0.038705
0.95488 0.024233
0.96 0.024321
0.95784 0.024286
0.66265 0.028936
0.93467 0.038924
0.67497 0.034893
0.89687 0.039265
0.95021 0.024348
0.67992 0.039518
0.86851 0.039943
0.72873 0.039484
0.93262 0.025593
0.93062 0.02432
0.9334 0.025644
0.68664 0.039354
0.94113 0.026609
0.68569 0.036518
0.94512 0.027589
0.9438 0.027074
0.94507 0.027563
0.68646 0.036192
0.94943 0.029225
0.69859 0.037386
0.83129 0.038589
0.94863 0.028943
0.95432 0.032582
0.69936 0.035495
0.79936 0.038896
0.69584 0.030798
0.93684 0.035867
0.94856 0.034249
0.93927 0.036257
0.70032 0.02928
0.74708 0.040482
0.70194 0.023483
0.7414 0.03957
0.92455 0.035637
0.92265 0.035374
0.71025 0.027139
0.91964 0.03526
0.71935 0.026564
0.75079 0.04022
0.91763 0.034973
0.91413 0.034439
0.73462 0.037757
0.76421 0.040033
0.72966 0.024502
0.81034 0.039371
0.90914 0.033008
0.91201 0.033406
0.74718 0.034885
0.91133 0.033082
0.76026 0.036146
0.7792 0.038451
0.91151 0.033164
0.91065 0.032558
0.74487 0.027202
0.80888 0.039143
0.75486 0.026415
0.77876 0.036077
0.90639 0.032349
0.77089 0.031197
0.79521 0.038626
0.76319 0.025598
0.7926 0.037522
0.88591 0.037627
0.87727 0.039361
0.77557 0.027999
0.80262 0.035415
0.78291 0.026751
0.8216 0.039013
0.87433 0.039458
0.87565 0.039741
0.79091 0.028265
0.87748 0.03929
0.81471 0.034515
0.82034 0.039
0.87868 0.038974
0.88531 0.037469
0.81567 0.032609
0.84533 0.035488
0.82129 0.032431
0.83725 0.030401
0.88201 0.036038
0.87859 0.035248
0.81897 0.027038
0.84208 0.031951
0.82758 0.022852
0.85709 0.030962
0.87512 0.033234
0.87481 0.030641
0.84292 0.02464
0.86232 0.028617
0.85121 0.023141
0.87739 0.025132
0.87458 0.028309
0.87491 0.027066
0.86819 0.022437
0.88434 0.023569
0.94844 0.020341
0.94792 0.022117
