348
0.071183 0.020858
0.05051 0.023606
0.12371 0.020525
0.072215 0.02508
0.034037 0.023311
0.073015 0.025098
0.14701 0.020842
0.15819 0.022005
0.18664 0.021857
0.11 0.027215
0.10565 0.02626
0.11045 0.027405
0.20247 0.024415
0.19087 0.026966
0.20706 0.026838
0.1284 0.02736
0.11911 0.027523
0.12672 0.027222
0.21399 0.029198
0.13209 0.028224
0.22043 0.028528
0.19386 0.038301
0.13072 0.028523
0.12368 0.029227
0.21537 0.031654
0.12363 0.029744
0.24106 0.025902
0.20768 0.036892
0.12114 0.029807
0.12916 0.030189
0.24863 0.029955
0.13987 0.031741
0.25616 0.028015
0.20684 0.037106
0.13975 0.03154
0.13586 0.030939
0.26138 0.025217
0.12481 0.03078
0.27311 0.026054
0.24283 0.037617
0.12176 0.031306
0.28093 0.021686
0.10123 0.031004
0.28745 0.026546
0.255 0.038938
0.099764 0.030089
0.28912 0.030593
0.10237 0.032464
0.30052 0.023793
0.11793 0.032323
0.11409 0.032856
0.30475 0.02779
0.26064 0.039723
0.30464 0.030092
0.27574 0.037873
0.13972 0.037844
0.32029 0.028705
0.28364 0.038936
0.32484 0.031353
0.13151 0.033613
0.13667 0.035186
0.13298 0.033667
0.33209 0.031852
0.12013 0.033431
0.34797 0.024923
0.11153 0.034217
0.1201 0.033426
0.11138 0.034238
0.33975 0.030034
0.095594 0.029985
0.3418 0.032026
0.25679 0.040516
0.10176 0.035451
0.087547 0.029986
0.36588 0.026052
0.066298 0.031929
0.37098 0.026516
0.2112 0.036887
0.071242 0.031846
0.055157 0.031446
0.3738 0.026428
0.13996 0.03851
0.36275 0.036418
0.23833 0.038742
0.04781 0.028923
0.035918 0.026019
0.32801 0.039853
0.16263 0.032582
0.37208 0.036131
0.17601 0.037177
0.03061 0.026265
0.028674 0.028576
0.32304 0.038831
0.072281 0.034776
0.38682 0.027931
0.033761 0.032655
0.030775 0.031326
0.033808 0.032734
0.34607 0.036688
0.053501 0.033242
0.22307 0.037544
0.068306 0.03907
0.033955 0.032919
0.034819 0.033911
0.38212 0.035778
0.035156 0.034755
0.37883 0.037282
0.082977 0.033859
0.035872 0.035241
0.38299 0.037023
0.048646 0.033505
0.39349 0.034248
0.08228 0.034929
0.037448 0.035513
0.39326 0.035253
0.039873 0.035844
0.35571 0.036292
0.10039 0.038607
0.042452 0.036158
0.047693 0.036847
0.33629 0.038373
0.1393 0.038455
0.40245 0.025959
0.08707 0.038864
0.11785 0.037437
0.079812 0.039881
0.34286 0.037512
0.40294 0.026955
0.30621 0.038371
0.41035 0.022191
0.4097 0.02576
0.40527 0.03184
0.090729 0.039213
0.41209 0.032317
0.31369 0.039101
0.076708 0.039103
0.075349 0.038986
0.42982 0.030761
0.4247 0.033507
0.40669 0.035772
0.41142 0.034389
0.43627 0.037329
0.4359 0.037303
0.41919 0.036775
0.41157 0.035425
0.42022 0.036766
0.45218 0.038542
0.45657 0.02167
0.46562 0.023936
0.48045 0.020688
0.50709 0.021754
0.43873 0.025074
0.486 0.022942
0.44576 0.030555
0.44605 0.032513
0.4806 0.029674
0.50104 0.022145
0.47689 0.036288
0.48152 0.037441
0.49247 0.028822
0.49733 0.023422
0.47169 0.037287
0.4865 0.037348
0.48981 0.02669
0.49531 0.026794
0.48753 0.037264
0.50537 0.038528
0.5051 0.025944
0.50436 0.031525
0.50521 0.038517
0.50087 0.026367
0.53489 0.021399
0.52283 0.02127
0.5874 0.020365
0.55254 0.022685
0.57366 0.025019
0.51204 0.021682
0.54094 0.030755
0.52149 0.024208
0.51964 0.025014
0.55897 0.029277
0.56537 0.033078
0.51587 0.025292
0.52678 0.029055
0.53313 0.036449
0.55433 0.036145
0.51693 0.028539
0.52692 0.034433
0.52978 0.038961
0.55458 0.038854
0.52596 0.034542
0.51508 0.030404
0.52745 0.038915
0.51243 0.039256
0.5101 0.028427
0.53398 0.039437
0.6006 0.021256
0.60189 0.026906
0.62119 0.029175
0.69894 0.038
0.60746 0.035356
0.66188 0.039574
0.60935 0.039657
0.57881 0.034211
0.90238 0.039395
0.5877 0.035441
0.58396 0.039214
0.97121 0.036596
0.97057 0.02961
0.57737 0.039943
0.5922 0.040834
0.91956 0.039832
0.63625 0.035661
0.55959 0.037424
0.51238 0.039257
0.64619 0.039233
0.61245 0.039436
0.63139 0.031466
0.96735 0.039478
0.66872 0.03967
0.92651 0.039923
0.96297 0.025492
0.97455 0.026319
0.96762 0.027321
0.96906 0.028128
0.87181 0.035739
0.62643 0.04018
0.63944 0.02894
0.97579 0.026818
0.66277 0.038961
0.97613 0.026863
0.97609 0.026957
0.97597 0.026681
0.6364 0.026164
0.9754 0.026285
0.78536 0.039367
0.95312 0.039082
0.97534 0.026252
0.77762 0.039593
0.96988 0.025134
0.85042 0.038464
0.96861 0.025012
0.97092 0.025235
0.96575 0.024811
0.66014 0.033111
0.96068 0.039497
0.7046 0.038395
0.95675 0.024404
0.96164 0.024573
0.95968 0.024505
0.65972 0.028949
0.93775 0.039863
0.67153 0.035463
0.89817 0.03915
0.95213 0.024452
0.67562 0.039917
0.86907 0.036322
0.72608 0.037465
0.93502 0.02592
0.93317 0.024601
0.93574 0.02596
0.68182 0.039316
0.94316 0.026811
0.68119 0.036535
0.9471 0.027723
0.9458 0.027229
0.94705 0.027698
0.68205 0.036166
0.9514 0.029422
0.69462 0.036886
0.83204 0.04047
0.95059 0.0291
0.95623 0.033078
0.6956 0.035068
0.80297 0.039236
0.69241 0.030471
0.93947 0.036403
0.95076 0.034547
0.94191 0.036681
0.69707 0.029041
0.7475 0.038251
0.69873 0.023399
0.74076 0.037201
0.92814 0.036409
0.92636 0.035904
0.70724 0.027024
0.92358 0.035512
0.71649 0.026185
0.7518 0.03849
0.92162 0.035039
0.91766 0.034194
0.7329 0.0355
0.76706 0.03872
0.72795 0.023989
0.81344 0.040097
0.9121 0.032405
0.91523 0.033009
0.74764 0.033323
0.91447 0.032642
0.76229 0.034984
0.78433 0.038168
0.91467 0.032735
0.91371 0.032086
0.74515 0.02645
0.81203 0.039709
0.7562 0.025907
0.78327 0.035816
0.90912 0.031758
0.77339 0.0306
0.7992 0.039123
0.76512 0.025236
0.79657 0.038109
0.88827 0.038146
0.88041 0.037849
0.77824 0.027766
0.80556 0.035604
0.78572 0.026808
0.82358 0.04049
0.87671 0.037166
0.87843 0.037771
0.79336 0.028595
0.88064 0.037835
0.81714 0.035194
0.82247 0.040354
0.88178 0.037819
0.88775 0.037841
0.81792 0.033249
0.84437 0.03637
0.82301 0.03336
0.83724 0.031276
0.88483 0.035704
0.88174 0.034302
0.82078 0.027493
0.84153 0.03276
0.82857 0.023169
0.85613 0.030289
0.87783 0.031827
0.87747 0.029473
0.84249 0.024942
0.86208 0.027596
0.85055 0.023148
0.8806 0.024739
0.8772 0.027372
0.87762 0.0263
0.86933 0.021997
0.88725 0.023597
0.95039 0.020347
0.94987 0.022146
