348
0.077617 0.020627
0.051523 0.023183
0.14317 0.020529
0.078898 0.023704
0.033906 0.023263
0.079891 0.023713
0.16783 0.020937
0.17604 0.022852
0.1998 0.021889
0.12999 0.027013
0.12491 0.025678
0.13046 0.027209
0.21472 0.024741
0.2037 0.027138
0.21876 0.027412
0.1479 0.02702
0.13842 0.027545
0.14631 0.027025
0.22552 0.030216
0.15153 0.027702
0.23111 0.029141
0.20462 0.039931
0.15016 0.028
0.14321 0.029291
0.22758 0.032689
0.14337 0.029797
0.24978 0.025987
0.21993 0.037701
0.14086 0.030015
0.14893 0.029603
0.25805 0.029605
0.16066 0.030968
0.26553 0.027833
0.21906 0.037911
0.16049 0.030776
0.15615 0.030269
0.27148 0.025282
0.14503 0.030655
0.28204 0.026882
0.25422 0.037596
0.14206 0.031458
0.2889 0.021849
0.12012 0.029103
0.29468 0.026964
0.26658 0.038283
0.11825 0.02814
0.29636 0.031274
0.12237 0.030536
0.30731 0.024168
0.13879 0.032261
0.13586 0.032429
0.31104 0.028745
0.27263 0.039689
0.31073 0.031308
0.28486 0.039823
0.16157 0.036319
0.32608 0.028778
0.29185 0.040183
0.33015 0.030974
0.15215 0.032653
0.15792 0.034016
0.15366 0.032768
0.33702 0.031928
0.14116 0.033503
0.35339 0.025629
0.13441 0.033793
0.14112 0.0335
0.13429 0.033822
0.34521 0.030479
0.11306 0.027558
0.34741 0.03278
0.26917 0.040636
0.12326 0.0329
0.10101 0.026729
0.36877 0.026338
0.07189 0.028931
0.37362 0.026358
0.2237 0.038186
0.077589 0.028653
0.057362 0.029361
0.3765 0.0265
0.1621 0.037958
0.36665 0.037832
0.24946 0.039011
0.048707 0.028124
0.03577 0.025871
0.33094 0.038778
0.1776 0.039368
0.37488 0.035824
0.18444 0.039438
0.030511 0.026307
0.028597 0.028657
0.32567 0.03845
0.078718 0.030773
0.38914 0.029136
0.034464 0.032414
0.031126 0.031387
0.034529 0.032485
0.35286 0.038247
0.056179 0.030993
0.23578 0.039106
0.074749 0.034052
0.034724 0.032649
0.035868 0.033526
0.38644 0.036859
0.036431 0.034298
0.3834 0.037801
0.093289 0.029189
0.037359 0.034765
0.38734 0.038869
0.051312 0.032024
0.39503 0.03799
0.092125 0.029911
0.039177 0.034902
0.39503 0.039855
0.042051 0.034976
0.3604 0.038231
0.1233 0.03525
0.045331 0.035002
0.051704 0.035246
0.34128 0.038391
0.16147 0.037902
0.40115 0.0273
0.098879 0.032333
0.14078 0.037626
0.087979 0.033382
0.34938 0.03868
0.40151 0.0285
0.31155 0.041138
0.40806 0.022598
0.40747 0.026839
0.40306 0.034218
0.10645 0.033213
0.40939 0.034353
0.31611 0.03952
0.083737 0.033777
0.082028 0.033833
0.42388 0.032968
0.41922 0.036177
0.40407 0.038622
0.4086 0.036806
0.42914 0.038809
0.42876 0.039003
0.41506 0.039952
0.40864 0.037968
0.41573 0.040012
0.44874 0.038479
0.44982 0.021756
0.45829 0.024275
0.4718 0.020704
0.49642 0.021857
0.43188 0.025331
0.47699 0.023158
0.4395 0.030696
0.44029 0.032538
0.47202 0.02989
0.49065 0.022311
0.46938 0.03719
0.47298 0.037642
0.48354 0.029641
0.48735 0.023716
0.46523 0.03933
0.47675 0.038629
0.48083 0.02732
0.48562 0.027396
0.47751 0.038539
0.49167 0.039675
0.4945 0.0264
0.49324 0.032515
0.49152 0.0397
0.49049 0.026859
0.52265 0.021467
0.51152 0.021369
0.57388 0.020346
0.54007 0.022837
0.55922 0.025062
0.50135 0.021756
0.52849 0.031074
0.51026 0.024526
0.50848 0.025316
0.54595 0.030244
0.55108 0.033973
0.50478 0.025549
0.51517 0.029745
0.52071 0.037171
0.54206 0.037153
0.50586 0.028957
0.51458 0.03544
0.5169 0.040324
0.54235 0.040324
0.51362 0.035509
0.50386 0.030904
0.51444 0.040568
0.49899 0.039968
0.49941 0.028775
0.5216 0.040858
0.5875 0.021244
0.58878 0.026873
0.60749 0.029652
0.68531 0.039197
0.59412 0.035653
0.64614 0.038955
0.59539 0.040132
0.56418 0.033493
0.90019 0.03938
0.57396 0.034569
0.56932 0.037945
0.97001 0.03658
0.97059 0.029631
0.56181 0.039275
0.57951 0.039773
0.91707 0.038349
0.62311 0.035927
0.54629 0.039007
0.49894 0.039976
0.63069 0.039686
0.59684 0.040259
0.61688 0.031571
0.96451 0.039169
0.65489 0.035707
0.92504 0.037013
0.96304 0.025352
0.97457 0.026345
0.96767 0.027252
0.96911 0.028094
0.86747 0.037458
0.61041 0.038899
0.62569 0.029135
0.97581 0.026847
0.64737 0.037157
0.97615 0.026892
0.97611 0.026986
0.97599 0.026709
0.62313 0.026478
0.97542 0.026311
0.78022 0.03989
0.94994 0.038243
0.97535 0.026278
0.76999 0.037964
0.96992 0.025132
0.85054 0.037764
0.96866 0.024982
0.97096 0.025256
0.96581 0.024734
0.64498 0.032776
0.9562 0.038695
0.68993 0.038825
0.95643 0.024193
0.96169 0.024435
0.95957 0.024335
0.64482 0.028779
0.93767 0.038327
0.65963 0.032106
0.89454 0.039171
0.95155 0.024174
0.66654 0.036816
0.86521 0.038384
0.71383 0.035501
0.93342 0.025318
0.93125 0.024094
0.93426 0.025373
0.67341 0.039157
0.94206 0.026373
0.67255 0.036227
0.94623 0.027365
0.94485 0.026851
0.94618 0.02734
0.67309 0.035997
0.95079 0.028864
0.68209 0.038973
0.8287 0.036907
0.94992 0.028625
0.95465 0.032316
0.68303 0.036777
0.79612 0.038473
0.68068 0.031839
0.93905 0.035018
0.94895 0.033866
0.94088 0.03546
0.68511 0.029909
0.73624 0.036523
0.68665 0.023645
0.72968 0.035721
0.92635 0.033916
0.92426 0.033727
0.69465 0.026536
0.92103 0.0338
0.706 0.025229
0.73966 0.037177
0.91844 0.033693
0.91436 0.033495
0.722 0.034168
0.75422 0.036971
0.7191 0.023573
0.80731 0.03851
0.90867 0.032658
0.91179 0.032712
0.73873 0.031796
0.911 0.032459
0.75215 0.033782
0.77925 0.038478
0.91121 0.032522
0.91017 0.032071
0.73824 0.025804
0.80595 0.038276
0.75025 0.025837
0.77822 0.03621
0.90565 0.031869
0.7676 0.029798
0.79248 0.039278
0.75852 0.025099
0.78997 0.039105
0.88152 0.039328
0.87268 0.039525
0.77271 0.027484
0.79865 0.034854
0.78088 0.026996
0.81753 0.037835
0.87055 0.038591
0.87142 0.039483
0.78733 0.029426
0.87289 0.039481
0.81155 0.033505
0.81639 0.037763
0.87404 0.039388
0.881 0.038991
0.81267 0.031832
0.84424 0.034087
0.81783 0.031755
0.83498 0.029409
0.87834 0.036805
0.87573 0.035441
0.8158 0.026747
0.84056 0.030864
0.82465 0.022764
0.85602 0.030706
0.87368 0.032973
0.87445 0.03046
0.84141 0.024273
0.86118 0.028333
0.85031 0.023086
0.87732 0.025188
0.87456 0.028154
0.8749 0.026959
0.86768 0.022294
0.88382 0.023858
0.9497 0.02033
0.94916 0.022048
