348
0.066799 0.020883
0.047544 0.024085
0.11487 0.02059
0.067694 0.025239
0.032774 0.023629
0.068388 0.025272
0.13711 0.020997
0.14507 0.022903
0.17063 0.021687
0.1031 0.028337
0.098762 0.027216
0.10351 0.028518
0.18683 0.024503
0.17493 0.026438
0.19112 0.02715
0.11919 0.027818
0.11054 0.02843
0.11781 0.027824
0.19803 0.030027
0.1224 0.028576
0.20356 0.028886
0.17787 0.03806
0.1212 0.028913
0.11484 0.030352
0.20036 0.032508
0.11493 0.030912
0.22278 0.026244
0.1932 0.037121
0.11256 0.031166
0.11999 0.030695
0.23028 0.030031
0.13016 0.031982
0.23775 0.02772
0.19244 0.037291
0.13004 0.031781
0.12626 0.031455
0.244 0.025149
0.11639 0.031863
0.2547 0.026675
0.22815 0.038737
0.11349 0.032762
0.26187 0.021799
0.094756 0.032317
0.26783 0.026891
0.24006 0.037819
0.093611 0.031266
0.26939 0.031075
0.09617 0.033863
0.28074 0.023871
0.11037 0.033677
0.10769 0.034002
0.28504 0.027684
0.24659 0.03911
0.28475 0.029933
0.25877 0.039238
0.13011 0.037718
0.30121 0.028641
0.26562 0.040102
0.3055 0.031411
0.1224 0.03408
0.12721 0.035619
0.1237 0.034211
0.31208 0.032511
0.11237 0.035035
0.32702 0.025977
0.10618 0.035645
0.11234 0.035032
0.10607 0.035689
0.31957 0.031255
0.090242 0.031129
0.3216 0.033513
0.24314 0.040105
0.09647 0.036795
0.082605 0.030423
0.3414 0.027071
0.062965 0.032358
0.34594 0.026976
0.19709 0.037757
0.066935 0.03218
0.052225 0.032438
0.34868 0.026985
0.13031 0.039554
0.34047 0.039009
0.22431 0.039975
0.045455 0.030203
0.034485 0.026633
0.30774 0.039576
0.14583 0.039393
0.34856 0.036863
0.15368 0.038545
0.029655 0.026867
0.027897 0.029425
0.30265 0.038209
0.067963 0.035221
0.36084 0.028681
0.033721 0.033869
0.030428 0.032397
0.033793 0.033957
0.32675 0.039408
0.051585 0.034567
0.20968 0.038216
0.065518 0.039586
0.034001 0.034163
0.03523 0.035293
0.35871 0.036687
0.035894 0.036244
0.35601 0.037912
0.078065 0.033869
0.036885 0.036907
0.3597 0.038512
0.048109 0.0354
0.36729 0.036906
0.077354 0.034888
0.038718 0.037329
0.36734 0.038863
0.041597 0.037845
0.33419 0.039614
0.096091 0.039867
0.044166 0.038346
0.048953 0.039597
0.31649 0.039554
0.12973 0.039559
0.37351 0.026866
0.081679 0.038992
0.11143 0.039722
0.07488 0.039763
0.32369 0.039846
0.37386 0.028001
0.28649 0.038537
0.38106 0.022578
0.3804 0.026806
0.37542 0.033517
0.08598 0.040724
0.38271 0.03377
0.29259 0.037857
0.071896 0.039993
0.070684 0.039933
0.39826 0.032457
0.39351 0.035193
0.37678 0.037898
0.38211 0.036154
0.40516 0.039078
0.40489 0.03926
0.38932 0.038983
0.38227 0.037181
0.39008 0.039088
0.42283 0.038301
0.42189 0.021742
0.43128 0.024062
0.44457 0.02076
0.46657 0.021797
0.40555 0.025605
0.44939 0.023564
0.4125 0.031648
0.41356 0.033385
0.44482 0.030696
0.46113 0.02238
0.44454 0.038466
0.44811 0.039684
0.45464 0.031048
0.45807 0.024147
0.44182 0.040776
0.45081 0.040801
0.45235 0.028287
0.45651 0.028461
0.45125 0.040692
0.46097 0.040099
0.46469 0.026317
0.4631 0.032471
0.46084 0.040231
0.46098 0.027078
0.49583 0.02136
0.48307 0.021236
0.55147 0.020289
0.51403 0.022628
0.53356 0.024458
0.47236 0.021663
0.50116 0.030491
0.48173 0.024118
0.47984 0.024892
0.52014 0.029988
0.52479 0.033224
0.47608 0.025116
0.487 0.028858
0.49234 0.03556
0.51427 0.03617
0.47718 0.028193
0.48555 0.033839
0.48734 0.038288
0.5137 0.039684
0.48456 0.033864
0.47487 0.03013
0.48479 0.038577
0.46812 0.039029
0.47034 0.028402
0.49281 0.039334
0.56885 0.020929
0.57078 0.025086
0.59868 0.026068
0.6934 0.038249
0.57683 0.030683
0.6533 0.036235
0.57659 0.033537
0.53985 0.031558
0.90021 0.037402
0.55047 0.031991
0.54551 0.034385
0.96944 0.035481
0.96993 0.028987
0.5359 0.03666
0.55669 0.034942
0.91604 0.038768
0.62286 0.032394
0.51856 0.038676
0.46803 0.039043
0.63249 0.035039
0.57798 0.033713
0.61405 0.028088
0.96347 0.038184
0.66085 0.03526
0.92289 0.037926
0.96183 0.025138
0.97419 0.025925
0.96679 0.026862
0.96833 0.027624
0.85872 0.035152
0.6023 0.032099
0.62515 0.02746
0.97551 0.026393
0.65407 0.035004
0.97588 0.026435
0.97583 0.026523
0.97571 0.026264
0.62205 0.025058
0.97509 0.025893
0.77551 0.038906
0.94803 0.038999
0.97503 0.025862
0.76513 0.038783
0.96921 0.024809
0.8375 0.038688
0.96785 0.0247
0.97032 0.024906
0.9648 0.024506
0.64994 0.030677
0.95513 0.038524
0.69776 0.038572
0.95521 0.024109
0.96037 0.024275
0.95831 0.024209
0.64881 0.027269
0.93349 0.038787
0.66454 0.031859
0.89321 0.036908
0.95025 0.024151
0.67172 0.03548
0.85519 0.036179
0.71589 0.040077
0.93174 0.025475
0.92974 0.024256
0.93251 0.025511
0.68001 0.037275
0.94059 0.026298
0.6786 0.034555
0.94483 0.027136
0.94343 0.026681
0.94477 0.027113
0.67915 0.034352
0.94951 0.028841
0.69013 0.037015
0.82099 0.038585
0.94859 0.028551
0.95344 0.032105
0.69067 0.035208
0.7913 0.040083
0.68766 0.030745
0.93597 0.034961
0.94732 0.03355
0.93823 0.035256
0.69189 0.029287
0.73154 0.04056
0.69348 0.023545
0.72604 0.040416
0.92449 0.034819
0.92273 0.034395
0.70166 0.026848
0.91993 0.034161
0.71154 0.02629
0.73522 0.039797
0.91772 0.033835
0.91416 0.033286
0.72213 0.038932
0.75121 0.040031
0.72187 0.024804
0.79889 0.039659
0.90815 0.031847
0.91142 0.032296
0.73578 0.033542
0.91057 0.031984
0.74889 0.0363
0.77402 0.037215
0.91079 0.032062
0.90968 0.031536
0.73629 0.026698
0.79805 0.039435
0.74726 0.026796
0.77267 0.034884
0.90488 0.030944
0.76174 0.030707
0.78821 0.04008
0.75398 0.026083
0.78592 0.03884
0.8771 0.036791
0.86519 0.036953
0.76676 0.027453
0.79324 0.035988
0.77534 0.026606
0.81024 0.037757
0.86261 0.035737
0.86351 0.03683
0.78282 0.029043
0.86548 0.036832
0.80442 0.033431
0.80898 0.037344
0.86703 0.036629
0.87646 0.036327
0.80602 0.031628
0.83422 0.034785
0.81175 0.031697
0.82776 0.030763
0.87305 0.034391
0.86998 0.033199
0.80998 0.026655
0.83223 0.031873
0.81896 0.022921
0.8476 0.030053
0.86769 0.031083
0.86894 0.028974
0.83366 0.024628
0.85346 0.027556
0.84205 0.02312
0.8723 0.024473
0.86909 0.027003
0.86951 0.025981
0.86108 0.022009
0.87988 0.023349
0.94837 0.020326
0.94781 0.02201
