348
0.060417 0.020998
0.043446 0.024665
0.097413 0.020789
0.061154 0.025951
0.030415 0.024343
0.061769 0.02602
0.11276 0.021482
0.11828 0.024019
0.1359 0.022293
0.087322 0.029419
0.083556 0.028718
0.087716 0.029598
0.15036 0.024209
0.13917 0.02804
0.15586 0.026491
0.10001 0.030832
0.094218 0.030819
0.099251 0.030812
0.16434 0.030115
0.1025 0.032188
0.16882 0.030249
0.14848 0.03959
0.10155 0.032545
0.097473 0.03384
0.16915 0.034303
0.097544 0.03461
0.18202 0.028366
0.16849 0.03954
0.095859 0.034352
0.1007 0.034863
0.18857 0.031779
0.10877 0.036252
0.19478 0.030495
0.17064 0.0442
0.10864 0.035995
0.106 0.03637
0.19895 0.028248
0.09862 0.036342
0.20531 0.03088
0.1872 0.042025
0.096921 0.036516
0.20987 0.02262
0.081124 0.036012
0.21398 0.030655
0.19578 0.043763
0.08009 0.035974
0.21445 0.036804
0.082791 0.036694
0.22273 0.026793
0.095404 0.037958
0.093886 0.037905
0.22468 0.034785
0.20043 0.050917
0.22428 0.03881
0.2071 0.052391
0.10998 0.042994
0.2324 0.033849
0.21094 0.053165
0.23523 0.03608
0.10313 0.039783
0.10769 0.041502
0.10429 0.040039
0.24079 0.035957
0.096883 0.03942
0.25069 0.029657
0.09356 0.039545
0.096865 0.03942
0.093486 0.039545
0.24675 0.037795
0.077984 0.03738
0.24788 0.041172
0.19954 0.058303
0.084551 0.038714
0.073781 0.036181
0.26023 0.029623
0.057578 0.033531
0.26424 0.029333
0.17549 0.054159
0.061016 0.033345
0.047851 0.03367
0.26671 0.029675
0.11192 0.050409
0.2584 0.045877
0.18729 0.055748
0.041115 0.031494
0.031415 0.027818
0.23548 0.04986
0.12721 0.048446
0.26659 0.042841
0.13448 0.049417
0.027569 0.028422
0.026483 0.031768
0.23071 0.052761
0.063932 0.03666
0.2739 0.033643
0.033625 0.037428
0.029887 0.035858
0.033742 0.037533
0.2494 0.053385
0.048541 0.036403
0.18134 0.056027
0.064397 0.041147
0.034057 0.037775
0.035941 0.039094
0.27216 0.047213
0.037307 0.040327
0.26931 0.058195
0.072334 0.03911
0.038941 0.041415
0.27129 0.057513
0.046547 0.03791
0.27599 0.044765
0.072524 0.040389
0.04102 0.042038
0.27365 0.06016
0.043835 0.042657
0.25419 0.058277
0.087698 0.042323
0.045641 0.043055
0.049349 0.04379
0.24475 0.055164
0.11172 0.052141
0.28397 0.031203
0.076636 0.051043
0.098559 0.051993
0.075868 0.056511
0.24871 0.05786
0.28469 0.033492
0.22394 0.059731
0.29735 0.024214
0.29634 0.032329
0.28867 0.043956
0.079912 0.054865
0.30003 0.040183
0.22605 0.059237
0.074864 0.055682
0.074411 0.055463
0.31362 0.033359
0.31067 0.038083
0.29263 0.054681
0.29866 0.051705
0.31701 0.038041
0.31886 0.038703
0.31424 0.042879
0.33116 0.040923
0.34658 0.041317
0.35424 0.042847
0.34644 0.021358
0.35969 0.022745
0.38385 0.020319
0.48635 0.020265
0.32343 0.023821
0.3949 0.021086
0.33749 0.027481
0.33787 0.02871
0.37889 0.025093
0.44925 0.020393
0.36327 0.034531
0.372 0.035994
0.38964 0.024521
0.43366 0.020713
0.36459 0.040924
0.38052 0.037198
0.39956 0.022204
0.41496 0.021657
0.3817 0.036156
0.38583 0.046694
0.46917 0.020954
0.40482 0.023293
0.39155 0.048471
0.44379 0.02118
0.63398 0.020843
0.60464 0.020336
0.70135 0.02042
0.65896 0.022262
0.68146 0.023543
0.53724 0.020213
0.64446 0.027483
0.59944 0.02109
0.59134 0.021201
0.66212 0.028894
0.66353 0.031827
0.56902 0.02073
0.62174 0.023509
0.6445 0.033477
0.65947 0.037053
0.57743 0.021412
0.63078 0.028193
0.63418 0.041102
0.61282 0.038734
0.62587 0.026629
0.55759 0.021264
0.62706 0.036143
0.58775 0.045792
0.51834 0.021118
0.6001 0.037952
0.711 0.021432
0.71247 0.027888
0.72457 0.036858
0.77566 0.054216
0.71488 0.039195
0.74747 0.054338
0.70739 0.045445
0.68242 0.029609
0.93119 0.053571
0.68777 0.032157
0.67755 0.034372
0.97465 0.052438
0.97543 0.039181
0.66807 0.037799
0.67076 0.041384
0.94038 0.053301
0.73294 0.054809
0.65332 0.042872
0.58762 0.046111
0.69653 0.050939
0.6756 0.043039
0.73037 0.040507
0.9698 0.057459
0.75148 0.053163
0.94537 0.051238
0.97146 0.03053
0.97735 0.032934
0.97399 0.034416
0.97469 0.036154
0.89188 0.049139
0.72453 0.053575
0.73404 0.040757
0.97796 0.033956
0.74768 0.049253
0.97812 0.034047
0.97811 0.03424
0.97805 0.033675
0.73396 0.033286
0.97776 0.032864
0.82172 0.054617
0.96116 0.059235
0.97773 0.032797
0.8186 0.054453
0.97506 0.030233
0.87449 0.05013
0.97444 0.029951
0.97557 0.030509
0.97298 0.029366
0.74572 0.041453
0.96504 0.056964
0.77748 0.052191
0.96817 0.02813
0.97072 0.028727
0.96968 0.028467
0.74519 0.035108
0.95199 0.052429
0.75291 0.043704
0.92852 0.052007
0.96562 0.027697
0.75706 0.045383
0.89003 0.047729
0.78518 0.052818
0.95566 0.030249
0.95457 0.027674
0.95609 0.030364
0.76706 0.046543
0.9599 0.031575
0.76267 0.041891
0.96242 0.033191
0.96149 0.032421
0.96238 0.033151
0.76316 0.041359
0.96526 0.036252
0.77208 0.044295
0.86551 0.050529
0.96476 0.035686
0.96657 0.042721
0.77151 0.041603
0.84026 0.053472
0.76763 0.035027
0.95706 0.046021
0.96308 0.045866
0.95862 0.046112
0.76941 0.033034
0.79976 0.054214
0.7703 0.025024
0.79761 0.053228
0.94902 0.044702
0.9483 0.043856
0.77633 0.031079
0.94665 0.042937
0.78168 0.031445
0.80112 0.050288
0.94565 0.042462
0.94415 0.041822
0.79277 0.041135
0.80677 0.048752
0.7875 0.02628
0.84403 0.050811
0.94055 0.040937
0.94286 0.040625
0.80052 0.040666
0.94237 0.040358
0.80588 0.040666
0.82243 0.04597
0.94251 0.04042
0.9419 0.039952
0.80032 0.030353
0.84388 0.048489
0.80587 0.028962
0.82268 0.0428
0.93907 0.039567
0.81892 0.036107
0.8386 0.044238
0.8134 0.026776
0.83598 0.04136
0.91728 0.045632
0.90947 0.043822
0.82218 0.032316
0.8419 0.041873
0.82702 0.029554
0.85655 0.042706
0.90194 0.04309
0.9063 0.042006
0.83339 0.030519
0.91047 0.042085
0.84902 0.036253
0.85569 0.039363
0.912 0.04222
0.9197 0.040704
0.85067 0.033939
0.87342 0.038508
0.8575 0.03364
0.8687 0.036172
0.91921 0.038717
0.91754 0.036885
0.85572 0.027745
0.87215 0.035275
0.86297 0.023971
0.88445 0.031829
0.91615 0.034448
0.91881 0.032823
0.87261 0.025929
0.88864 0.03022
0.87938 0.023824
0.92331 0.027451
0.92023 0.030673
0.92086 0.029313
0.89789 0.023454
0.92676 0.026047
0.96458 0.020596
0.96425 0.023693
