348
0.063928 0.020797
0.043149 0.02415
0.11206 0.020567
0.064864 0.02474
0.029892 0.024551
0.065643 0.024786
0.13483 0.020929
0.14395 0.022537
0.16971 0.021841
0.098587 0.027115
0.093609 0.026642
0.099109 0.027239
0.18517 0.02422
0.1736 0.026852
0.19024 0.026508
0.11575 0.027658
0.10771 0.027901
0.11465 0.027681
0.19905 0.028993
0.11936 0.028453
0.2042 0.028347
0.18314 0.039252
0.11797 0.02877
0.11209 0.029937
0.20385 0.031668
0.11219 0.030487
0.22241 0.025991
0.20173 0.036331
0.10987 0.030396
0.11676 0.030459
0.23152 0.028534
0.12885 0.030534
0.24006 0.027829
0.20351 0.039252
0.12863 0.030383
0.12467 0.03095
0.2456 0.026305
0.11372 0.031658
0.25375 0.028657
0.22904 0.035847
0.11131 0.031898
0.2594 0.022146
0.090363 0.032254
0.26438 0.028943
0.24106 0.037729
0.089003 0.032254
0.26506 0.034149
0.092549 0.032736
0.27451 0.025945
0.10921 0.033041
0.10717 0.033105
0.27681 0.033032
0.24728 0.043502
0.27644 0.036561
0.25605 0.045746
0.13141 0.034667
0.28541 0.032441
0.26098 0.047081
0.28853 0.034515
0.1205 0.033643
0.12762 0.034099
0.12227 0.03366
0.29456 0.034478
0.11124 0.033995
0.30552 0.028639
0.10671 0.034331
0.11122 0.033997
0.10661 0.034336
0.30097 0.036074
0.086248 0.033396
0.30209 0.039097
0.24601 0.048756
0.094839 0.034237
0.080823 0.03259
0.31636 0.028342
0.060162 0.030898
0.32103 0.028012
0.20988 0.043787
0.064587 0.030636
0.048177 0.031474
0.32393 0.028279
0.13547 0.038988
0.3139 0.042393
0.22853 0.045059
0.040176 0.030569
0.030842 0.028096
0.2888 0.047316
0.15812 0.039446
0.3239 0.039452
0.168 0.041511
0.027189 0.028867
0.026063 0.03239
0.28365 0.049708
0.068172 0.033166
0.3325 0.031732
0.032152 0.037672
0.028917 0.036685
0.032246 0.037755
0.30317 0.050135
0.048711 0.033665
0.21935 0.044579
0.068595 0.036694
0.032503 0.037938
0.034039 0.038868
0.33075 0.043207
0.035098 0.039791
0.32798 0.052128
0.078913 0.034918
0.036399 0.04042
0.33044 0.051774
0.04599 0.035365
0.33522 0.041388
0.079136 0.035909
0.038354 0.04042
0.33364 0.054355
0.041782 0.04015
0.30811 0.053729
0.098914 0.036868
0.044105 0.03997
0.048893 0.039589
0.29814 0.052288
0.13535 0.039974
0.34399 0.029837
0.084428 0.043898
0.11367 0.042455
0.083357 0.04808
0.302 0.054368
0.34483 0.03186
0.27614 0.055169
0.35911 0.023694
0.35796 0.030817
0.34939 0.041204
0.088634 0.04672
0.36219 0.037651
0.27846 0.055081
0.08202 0.047475
0.081415 0.047321
0.37787 0.031795
0.37461 0.035817
0.35401 0.050704
0.36065 0.047687
0.38223 0.036231
0.38439 0.037053
0.37917 0.040234
0.39665 0.040833
0.41141 0.039881
0.42199 0.041011
0.41199 0.021268
0.42623 0.022783
0.44647 0.020465
0.49254 0.020544
0.3887 0.023622
0.45337 0.022044
0.40263 0.027411
0.40301 0.028612
0.44289 0.026805
0.47526 0.02091
0.43165 0.035673
0.44382 0.040189
0.45032 0.027481
0.46891 0.021816
0.43671 0.042153
0.46173 0.044469
0.45571 0.024652
0.46199 0.024313
0.46169 0.044045
0.47821 0.053887
0.48434 0.022032
0.45803 0.027723
0.47971 0.056677
0.47295 0.022811
0.57044 0.020913
0.54905 0.020531
0.64222 0.020346
0.59425 0.022229
0.6189 0.023122
0.51443 0.020542
0.58047 0.027929
0.5458 0.021657
0.54023 0.021801
0.59753 0.028514
0.59885 0.031211
0.52733 0.021582
0.55978 0.02476
0.58026 0.034278
0.59375 0.03683
0.53154 0.022664
0.5674 0.029232
0.56739 0.042314
0.54511 0.046692
0.56304 0.028204
0.52241 0.023109
0.56055 0.040314
0.50377 0.053044
0.50716 0.0227
0.53346 0.043947
0.65413 0.021158
0.65596 0.026371
0.67133 0.03346
0.73467 0.048598
0.65942 0.035481
0.70098 0.047513
0.65058 0.040677
0.62 0.028444
0.92824 0.049077
0.62618 0.030503
0.6144 0.032792
0.97455 0.052151
0.97539 0.039133
0.60318 0.036419
0.60607 0.039434
0.93898 0.050148
0.68291 0.047551
0.58721 0.04295
0.50365 0.053275
0.6377 0.045603
0.61184 0.04038
0.67888 0.036251
0.9696 0.05706
0.70579 0.046705
0.94424 0.048945
0.97143 0.030503
0.97734 0.032901
0.97395 0.034379
0.97465 0.036113
0.87905 0.040704
0.67225 0.046756
0.68354 0.036395
0.97794 0.033921
0.70108 0.043326
0.97811 0.034012
0.97809 0.034204
0.97803 0.03364
0.68298 0.030496
0.97775 0.032831
0.7899 0.049157
0.9608 0.058102
0.97772 0.032765
0.78618 0.049002
0.97504 0.030208
0.85509 0.042826
0.97442 0.029926
0.97555 0.030482
0.97296 0.029342
0.69828 0.036927
0.96475 0.056204
0.73685 0.046932
0.96814 0.028071
0.9707 0.028705
0.96965 0.028439
0.69729 0.031914
0.9512 0.050859
0.70726 0.038871
0.92512 0.047438
0.96558 0.02759
0.71234 0.040439
0.87638 0.039821
0.74616 0.047395
0.95537 0.029838
0.95421 0.027344
0.95582 0.029961
0.72437 0.041942
0.95982 0.03124
0.7191 0.037822
0.96233 0.032896
0.9614 0.032113
0.96229 0.032856
0.71969 0.037411
0.96514 0.036008
0.7304 0.040272
0.84295 0.043964
0.96465 0.03543
0.96639 0.042423
0.72973 0.038008
0.81192 0.047897
0.7251 0.032408
0.9566 0.045058
0.96281 0.045279
0.95823 0.045243
0.72726 0.030812
0.76376 0.048466
0.72834 0.024177
0.76119 0.047621
0.94816 0.043262
0.94741 0.042391
0.73552 0.0293
0.94568 0.041374
0.74186 0.029618
0.76538 0.045198
0.94463 0.040841
0.94306 0.040119
0.75523 0.0376
0.77211 0.044003
0.74879 0.025258
0.8164 0.045524
0.93927 0.039018
0.94171 0.038917
0.76457 0.037161
0.94121 0.038635
0.77099 0.037212
0.79073 0.041897
0.94134 0.038702
0.94071 0.038227
0.76421 0.028597
0.81622 0.043576
0.7709 0.027463
0.791 0.039234
0.93761 0.037664
0.7865 0.033579
0.80993 0.040158
0.77991 0.025686
0.8068 0.037817
0.91196 0.040819
0.90237 0.038293
0.79034 0.030392
0.81385 0.038073
0.79605 0.028051
0.83162 0.038452
0.89271 0.036773
0.89841 0.036474
0.80361 0.02881
0.9036 0.037031
0.82248 0.033317
0.83059 0.035766
0.90549 0.037348
0.91504 0.036963
0.82451 0.031409
0.85319 0.034306
0.83287 0.031076
0.84693 0.032725
0.91449 0.035292
0.91244 0.033664
0.83071 0.026306
0.85139 0.031868
0.83962 0.023185
0.86747 0.028719
0.91073 0.031599
0.91412 0.030455
0.85185 0.0246
0.87318 0.027362
0.86068 0.022886
0.91961 0.026232
0.91596 0.028775
0.91674 0.027684
0.88641 0.022435
0.92358 0.025155
0.96454 0.020586
0.96421 0.023628
