348
0.073162 0.020676
0.049078 0.023464
0.13511 0.020544
0.074348 0.023993
0.032855 0.023534
0.075268 0.024002
0.15945 0.020941
0.16762 0.022807
0.1927 0.021805
0.12238 0.027298
0.11748 0.02594
0.12283 0.027499
0.208 0.024706
0.19667 0.026861
0.21211 0.027428
0.13975 0.027181
0.13051 0.027782
0.13819 0.027196
0.21873 0.0304
0.1433 0.027846
0.22413 0.02922
0.19943 0.039173
0.14197 0.028168
0.13515 0.029544
0.22092 0.032973
0.13531 0.030061
0.24342 0.025606
0.21393 0.037779
0.13286 0.030307
0.14075 0.029815
0.25229 0.028625
0.15228 0.031071
0.2609 0.026762
0.21321 0.03796
0.15211 0.030877
0.14784 0.030402
0.26792 0.024598
0.13693 0.030927
0.27971 0.02633
0.24871 0.036085
0.13404 0.031781
0.28701 0.021752
0.11292 0.029571
0.29313 0.0266
0.263 0.035669
0.11115 0.028575
0.29474 0.030657
0.11506 0.031052
0.3065 0.023781
0.13086 0.032641
0.12803 0.032849
0.31059 0.027766
0.27054 0.037276
0.31023 0.030035
0.28353 0.038585
0.15323 0.036461
0.32743 0.028164
0.29038 0.039313
0.33188 0.030442
0.14391 0.032878
0.14958 0.034175
0.1454 0.032968
0.33904 0.031289
0.13315 0.033894
0.35632 0.025074
0.12663 0.03428
0.13311 0.033891
0.12652 0.034312
0.34759 0.029845
0.10626 0.028004
0.34985 0.031773
0.26646 0.037867
0.11591 0.033519
0.094911 0.027191
0.37402 0.025806
0.067859 0.029647
0.37953 0.025886
0.21759 0.038425
0.073137 0.029331
0.054442 0.030168
0.38248 0.025999
0.15378 0.038106
0.37152 0.035887
0.24372 0.037861
0.046491 0.028837
0.034578 0.026361
0.33368 0.037938
0.16959 0.038948
0.38113 0.034573
0.17711 0.038538
0.029716 0.026824
0.027947 0.029365
0.32826 0.037088
0.074182 0.031614
0.39614 0.027913
0.033371 0.033445
0.030285 0.032321
0.033431 0.033523
0.35526 0.03651
0.053355 0.031947
0.22925 0.038908
0.070507 0.035163
0.033611 0.033701
0.034668 0.034656
0.39282 0.035115
0.035189 0.035496
0.38941 0.03622
0.087727 0.029869
0.036047 0.036006
0.39374 0.036762
0.048884 0.033088
0.40259 0.035702
0.086644 0.030649
0.037727 0.036163
0.4025 0.037439
0.040378 0.036257
0.36416 0.036174
0.11594 0.035981
0.04339 0.036302
0.049245 0.036594
0.34345 0.037336
0.15313 0.038058
0.40994 0.026537
0.092928 0.033199
0.13278 0.038142
0.082786 0.034395
0.3517 0.037149
0.41033 0.027621
0.3113 0.038897
0.41747 0.022486
0.41683 0.026554
0.41196 0.032916
0.10002 0.034066
0.41914 0.033489
0.31768 0.037457
0.078838 0.034835
0.07725 0.034901
0.43404 0.032134
0.42953 0.035402
0.41323 0.03715
0.41842 0.035749
0.43923 0.037638
0.43887 0.037781
0.42529 0.038723
0.41856 0.036787
0.42599 0.038807
0.45906 0.039392
0.46032 0.021841
0.46848 0.02434
0.4822 0.020703
0.50626 0.021755
0.44241 0.025084
0.48737 0.023218
0.45049 0.030615
0.45116 0.032464
0.48243 0.029877
0.50046 0.022286
0.48042 0.037037
0.48457 0.037653
0.49355 0.029985
0.4972 0.023806
0.47581 0.039358
0.48861 0.038922
0.49096 0.027525
0.49554 0.027648
0.48927 0.038886
0.50125 0.03956
0.50431 0.02614
0.50288 0.032116
0.50111 0.039638
0.50029 0.026792
0.53744 0.02124
0.52361 0.021131
0.59429 0.020282
0.557 0.022634
0.57638 0.024653
0.51178 0.021589
0.54435 0.029771
0.52202 0.023793
0.51983 0.024534
0.56337 0.029858
0.569 0.033876
0.51563 0.024818
0.52804 0.027893
0.53443 0.033984
0.56079 0.036069
0.51683 0.027715
0.5268 0.032487
0.52917 0.036199
0.56177 0.039095
0.52562 0.032605
0.51442 0.029565
0.52618 0.036739
0.50804 0.03871
0.50972 0.028064
0.53544 0.037204
0.60964 0.021139
0.61103 0.026286
0.63191 0.028682
0.71354 0.040294
0.61702 0.033974
0.6763 0.03858
0.61851 0.037986
0.58166 0.031742
0.90738 0.039387
0.59454 0.03176
0.58921 0.034495
0.9697 0.036281
0.97042 0.029446
0.57954 0.037075
0.60178 0.036632
0.92322 0.039868
0.6505 0.034228
0.56537 0.038244
0.50797 0.038732
0.66049 0.037479
0.62015 0.038267
0.64256 0.0305
0.96372 0.039641
0.68381 0.035777
0.92947 0.039059
0.96271 0.025598
0.97447 0.026226
0.96743 0.027287
0.9689 0.028032
0.87068 0.037211
0.63615 0.037546
0.65202 0.028311
0.97572 0.026719
0.67694 0.036896
0.97608 0.026763
0.97604 0.026855
0.97591 0.026583
0.64912 0.025878
0.97533 0.026193
0.7905 0.038849
0.95048 0.041637
0.97527 0.026161
0.7804 0.040188
0.96973 0.025054
0.85387 0.039469
0.96844 0.024964
0.97079 0.025156
0.96554 0.024835
0.6736 0.032408
0.95591 0.040715
0.71744 0.040064
0.95667 0.024633
0.96132 0.024694
0.95937 0.024671
0.67256 0.028521
0.93976 0.040897
0.68749 0.031947
0.9009 0.039167
0.95246 0.024795
0.69515 0.037
0.86789 0.038312
0.73693 0.04086
0.9365 0.025993
0.93459 0.024603
0.93724 0.02606
0.70282 0.03961
0.94428 0.027249
0.70163 0.036604
0.94787 0.028415
0.94669 0.027816
0.94783 0.028385
0.70204 0.036371
0.95182 0.030255
0.71044 0.040106
0.83688 0.040257
0.95106 0.029989
0.95495 0.033766
0.71106 0.037746
0.80947 0.038069
0.70829 0.032484
0.94129 0.036985
0.94992 0.036005
0.94292 0.037518
0.71237 0.030421
0.75151 0.041466
0.71383 0.023836
0.74633 0.041495
0.93047 0.035682
0.92871 0.035348
0.72124 0.027197
0.926 0.0352
0.73111 0.02634
0.75523 0.04067
0.92392 0.034927
0.9204 0.034449
0.74249 0.040273
0.76967 0.04166
0.74126 0.025088
0.81992 0.040231
0.91466 0.033114
0.91774 0.03345
0.75472 0.034216
0.91692 0.033132
0.76749 0.037493
0.7892 0.037563
0.91713 0.033212
0.91605 0.03268
0.75467 0.027023
0.81883 0.039905
0.76531 0.027291
0.78798 0.035537
0.91157 0.032171
0.77803 0.031799
0.80533 0.038111
0.77132 0.02673
0.8023 0.037604
0.88587 0.039147
0.87567 0.039442
0.78263 0.02807
0.81128 0.034917
0.79109 0.026554
0.8285 0.040826
0.87371 0.038142
0.87434 0.039356
0.79839 0.028498
0.87591 0.039336
0.82278 0.035084
0.82748 0.040475
0.87717 0.03914
0.88533 0.038757
0.82353 0.033331
0.84976 0.035106
0.8282 0.033684
0.84223 0.030859
0.88258 0.036535
0.88012 0.03515
0.82616 0.027787
0.84703 0.032119
0.83369 0.023237
0.86122 0.03126
0.87849 0.032713
0.8799 0.030275
0.84814 0.024734
0.86646 0.028533
0.8562 0.023323
0.88292 0.025117
0.88015 0.028014
0.88052 0.026843
0.87306 0.022285
0.88949 0.023835
0.95087 0.020382
0.9504 0.022369
