348
0.068369 0.020739
0.046484 0.023832
0.12579 0.020568
0.069454 0.024365
0.031748 0.023872
0.070295 0.024376
0.14916 0.020981
0.15697 0.022934
0.1812 0.02183
0.11365 0.027734
0.10907 0.02633
0.11408 0.027942
0.19644 0.02469
0.18513 0.02691
0.20058 0.027378
0.13023 0.027492
0.12138 0.028169
0.12873 0.027511
0.20726 0.03028
0.13363 0.028179
0.21272 0.029066
0.18787 0.039245
0.13235 0.028517
0.12583 0.029977
0.20947 0.032799
0.12598 0.030517
0.23254 0.025432
0.20241 0.037637
0.12363 0.030795
0.13119 0.030238
0.24171 0.028339
0.14225 0.031519
0.25062 0.026528
0.20169 0.037825
0.14209 0.031318
0.13798 0.030831
0.25788 0.024435
0.12753 0.031412
0.27012 0.026113
0.238 0.035564
0.12476 0.032326
0.27767 0.0217
0.10481 0.030256
0.28396 0.026432
0.25279 0.035123
0.10315 0.029211
0.28561 0.030399
0.1068 0.031811
0.29762 0.023722
0.12171 0.033266
0.11901 0.033527
0.30175 0.027666
0.2606 0.036657
0.30139 0.029904
0.27409 0.037994
0.14317 0.037129
0.31872 0.028151
0.28114 0.038784
0.32316 0.030452
0.13422 0.033423
0.13966 0.034755
0.13565 0.033512
0.33031 0.03136
0.12391 0.034547
0.34715 0.025292
0.11768 0.035059
0.12387 0.034545
0.11757 0.035094
0.3388 0.030094
0.098578 0.028656
0.34097 0.032129
0.25637 0.037236
0.1076 0.034433
0.088205 0.027892
0.3637 0.026441
0.063517 0.03057
0.36854 0.026635
0.20611 0.03823
0.068346 0.030199
0.051326 0.031239
0.37116 0.026774
0.1437 0.038842
0.3615 0.037484
0.23284 0.037304
0.044149 0.029761
0.033322 0.026977
0.32495 0.037971
0.15885 0.039813
0.36995 0.036466
0.16604 0.039323
0.028879 0.027467
0.027262 0.030248
0.31954 0.037069
0.069301 0.032696
0.3833 0.028825
0.032219 0.034737
0.029399 0.033483
0.032274 0.034823
0.34615 0.037187
0.050345 0.033214
0.21794 0.038493
0.06594 0.036586
0.032438 0.035019
0.033405 0.036076
0.38036 0.036958
0.03388 0.037003
0.37735 0.038264
0.081676 0.030832
0.034665 0.037571
0.38118 0.038777
0.046309 0.034475
0.38911 0.037123
0.080691 0.031685
0.0362 0.037761
0.38905 0.039024
0.038622 0.037892
0.35466 0.037301
0.10763 0.037061
0.04135 0.037972
0.046635 0.038357
0.33471 0.037615
0.14308 0.038791
0.39595 0.026852
0.086403 0.0345
0.12355 0.039002
0.077173 0.035777
0.34275 0.037734
0.39632 0.027971
0.30247 0.038662
0.4033 0.022483
0.40267 0.026572
0.39795 0.033362
0.092848 0.035342
0.40508 0.033319
0.30892 0.037318
0.073562 0.036239
0.072109 0.036304
0.42118 0.031364
0.41646 0.034198
0.39933 0.037581
0.40445 0.035616
0.42823 0.036791
0.42789 0.036907
0.41203 0.037673
0.40464 0.036626
0.41282 0.037666
0.44888 0.038035
0.44817 0.021707
0.45729 0.0241
0.47141 0.020648
0.49649 0.021825
0.42975 0.024913
0.47737 0.022897
0.43799 0.030351
0.43907 0.032054
0.47167 0.0291
0.49113 0.022299
0.4704 0.035865
0.47498 0.036105
0.48413 0.029505
0.48807 0.02377
0.46629 0.038598
0.47972 0.037137
0.48131 0.026972
0.48634 0.027455
0.48043 0.037159
0.49256 0.039471
0.49466 0.026316
0.49349 0.03232
0.49246 0.039534
0.49098 0.026826
0.5244 0.021407
0.51276 0.021295
0.57977 0.020327
0.54329 0.022554
0.56336 0.024643
0.50196 0.021687
0.5302 0.030545
0.51142 0.024294
0.50958 0.025055
0.55005 0.029538
0.55555 0.033377
0.50569 0.025201
0.51654 0.029307
0.52112 0.036176
0.54641 0.035439
0.50685 0.028376
0.51529 0.034602
0.51694 0.039255
0.54713 0.038389
0.51434 0.034622
0.50455 0.030268
0.51465 0.03952
0.49872 0.039385
0.49996 0.028515
0.52147 0.03988
0.59393 0.021189
0.59538 0.026569
0.61402 0.029777
0.6884 0.040492
0.60105 0.035071
0.65524 0.039548
0.60215 0.039392
0.56903 0.032325
0.90089 0.038524
0.57968 0.033603
0.57548 0.036412
0.96935 0.035343
0.96984 0.028906
0.56701 0.037541
0.5852 0.038018
0.91619 0.039298
0.63002 0.036841
0.55155 0.037536
0.49865 0.039401
0.63791 0.03953
0.6035 0.040015
0.62363 0.031765
0.96332 0.03805
0.66187 0.038221
0.92287 0.038305
0.96167 0.025102
0.97413 0.025871
0.96667 0.026806
0.96823 0.027559
0.86329 0.036736
0.61664 0.039465
0.63196 0.029999
0.97547 0.026335
0.65581 0.037905
0.97584 0.026376
0.9758 0.026464
0.97567 0.026207
0.62956 0.026911
0.97505 0.025839
0.77574 0.038593
0.9478 0.038962
0.97498 0.025809
0.76714 0.039045
0.96911 0.024766
0.84504 0.039117
0.96774 0.02466
0.97023 0.024862
0.96466 0.024471
0.65176 0.032821
0.95492 0.038428
0.69217 0.040096
0.95501 0.024088
0.96019 0.024247
0.95812 0.024183
0.65053 0.028718
0.93332 0.038989
0.66424 0.034311
0.8945 0.038351
0.95003 0.024135
0.67048 0.039301
0.86028 0.037913
0.71093 0.038122
0.9316 0.025542
0.92963 0.024316
0.93236 0.025575
0.67693 0.040624
0.94033 0.026326
0.67573 0.037445
0.94459 0.027142
0.94318 0.026695
0.94453 0.02712
0.67616 0.037176
0.94929 0.028812
0.68559 0.039783
0.8256 0.037682
0.94837 0.02853
0.95323 0.032048
0.68601 0.037609
0.79454 0.036471
0.68326 0.032536
0.93577 0.035089
0.94709 0.033532
0.938 0.035357
0.68691 0.030559
0.72907 0.037139
0.6883 0.023937
0.72238 0.037476
0.92444 0.035108
0.9227 0.034703
0.69554 0.027058
0.91995 0.034504
0.70609 0.025795
0.73353 0.03669
0.91782 0.034202
0.91437 0.033687
0.71778 0.036548
0.75287 0.038031
0.71745 0.024204
0.8046 0.038103
0.90856 0.032329
0.91172 0.032702
0.7341 0.031436
0.9109 0.03239
0.74973 0.034382
0.77459 0.037217
0.91112 0.032468
0.91004 0.031952
0.73468 0.025666
0.80366 0.037679
0.74736 0.025957
0.77353 0.035119
0.9054 0.031495
0.76343 0.030525
0.79022 0.036453
0.75497 0.025581
0.78714 0.036009
0.87988 0.038416
0.86912 0.038652
0.76811 0.027632
0.79721 0.033497
0.77627 0.026469
0.81486 0.037932
0.86676 0.03734
0.86761 0.038535
0.78411 0.027994
0.86938 0.038515
0.80953 0.033174
0.81373 0.037587
0.87078 0.038274
0.87929 0.037906
0.81102 0.031618
0.84102 0.034609
0.81647 0.031705
0.83344 0.02994
0.87619 0.035781
0.87338 0.034474
0.81485 0.026721
0.83848 0.031487
0.82384 0.022805
0.8531 0.031086
0.87125 0.032173
0.87236 0.029851
0.83985 0.02453
0.85835 0.028369
0.84801 0.023285
0.87543 0.024905
0.8725 0.027687
0.87288 0.026563
0.86517 0.022215
0.88233 0.023673
0.94814 0.020325
0.94758 0.022007
