348
0.06756 0.020759
0.046921 0.024058
0.12031 0.020536
0.068734 0.024506
0.032349 0.023759
0.069643 0.024548
0.14311 0.020867
0.15393 0.022089
0.18066 0.022011
0.10688 0.027354
0.10261 0.0264
0.10731 0.027546
0.19518 0.024862
0.18456 0.027578
0.19929 0.02756
0.12492 0.0275
0.1158 0.027671
0.12327 0.02736
0.20556 0.030249
0.12854 0.02838
0.21138 0.029496
0.1873 0.039998
0.1272 0.028683
0.12028 0.029406
0.20674 0.032992
0.12023 0.029932
0.23003 0.025726
0.19973 0.038684
0.11779 0.029999
0.12566 0.030382
0.2387 0.028529
0.13618 0.03203
0.24802 0.026647
0.19898 0.038906
0.13606 0.031822
0.13224 0.031175
0.25439 0.024436
0.1214 0.030988
0.2676 0.025392
0.23086 0.036811
0.1184 0.031526
0.27642 0.021543
0.098294 0.031286
0.28333 0.026134
0.24667 0.035634
0.096832 0.030358
0.28509 0.029986
0.099465 0.032774
0.29708 0.023682
0.11465 0.032566
0.11091 0.033113
0.30137 0.027634
0.25425 0.036741
0.30125 0.029888
0.27079 0.036068
0.13603 0.03828
0.317 0.028622
0.27943 0.037513
0.32161 0.031225
0.12798 0.03387
0.13304 0.035524
0.12942 0.033935
0.32896 0.031678
0.11681 0.033694
0.34523 0.024756
0.10843 0.0345
0.11678 0.033689
0.10829 0.034519
0.33672 0.029794
0.092799 0.030281
0.33882 0.031708
0.24917 0.03706
0.098953 0.035842
0.085019 0.030049
0.36394 0.025735
0.061888 0.031237
0.36935 0.026141
0.20285 0.038752
0.067626 0.030477
0.050912 0.032353
0.37235 0.026038
0.13627 0.038965
0.36063 0.035609
0.22641 0.039163
0.044516 0.030057
0.034004 0.026826
0.32482 0.039604
0.15821 0.033197
0.37052 0.035181
0.1708 0.038384
0.029334 0.027124
0.027631 0.029749
0.31979 0.03863
0.068867 0.033114
0.3863 0.027348
0.032038 0.03437
0.02945 0.032879
0.032076 0.03446
0.34325 0.03616
0.049294 0.034583
0.21325 0.039533
0.063933 0.037535
0.032201 0.034669
0.032931 0.035789
0.38121 0.034691
0.033203 0.036744
0.37768 0.036149
0.080973 0.033481
0.033814 0.037289
0.38215 0.035836
0.045008 0.035219
0.39352 0.033191
0.080415 0.034452
0.035177 0.037584
0.39327 0.034119
0.037275 0.037936
0.35327 0.035602
0.097727 0.039098
0.039469 0.038268
0.043969 0.038998
0.33321 0.038011
0.13561 0.0389
0.40317 0.025556
0.085296 0.038998
0.1146 0.037781
0.078497 0.038927
0.33991 0.037027
0.4037 0.026487
0.30284 0.038064
0.41162 0.022064
0.41092 0.025415
0.40616 0.031064
0.088746 0.039861
0.41343 0.031664
0.31036 0.038965
0.074494 0.037659
0.072774 0.037329
0.43165 0.030729
0.42627 0.033289
0.40761 0.034755
0.41266 0.033598
0.43697 0.037619
0.43666 0.037573
0.42064 0.036232
0.41279 0.034583
0.42164 0.036273
0.45245 0.039315
0.45783 0.021756
0.4663 0.02425
0.47986 0.020728
0.50644 0.021722
0.44051 0.025173
0.48529 0.023066
0.44725 0.030924
0.44724 0.032962
0.47982 0.030247
0.5003 0.022125
0.47509 0.037555
0.47848 0.038497
0.4916 0.028852
0.49637 0.023409
0.47044 0.038915
0.48341 0.038073
0.48901 0.026754
0.49439 0.026788
0.48446 0.037936
0.50371 0.038278
0.50443 0.025854
0.50346 0.031369
0.50353 0.038271
0.50011 0.026309
0.53341 0.021483
0.52222 0.02132
0.58784 0.020331
0.55099 0.022563
0.57307 0.024788
0.51143 0.02167
0.53889 0.031029
0.52099 0.024349
0.5191 0.025141
0.5577 0.028861
0.56447 0.032508
0.5153 0.02534
0.52589 0.02956
0.53221 0.03766
0.55278 0.035429
0.51637 0.028655
0.52656 0.035283
0.52954 0.040348
0.55299 0.037848
0.52572 0.035343
0.51455 0.030466
0.52753 0.040114
0.51206 0.039056
0.50948 0.028274
0.53313 0.040635
0.60248 0.02119
0.60377 0.026588
0.62323 0.028915
0.7033 0.03932
0.60948 0.035096
0.66482 0.039638
0.61132 0.039312
0.57829 0.03334
0.9048 0.037579
0.58818 0.033982
0.58381 0.037708
0.97131 0.036726
0.97064 0.029685
0.57669 0.038824
0.59357 0.038782
0.92233 0.039238
0.63916 0.035023
0.55826 0.036686
0.512 0.03905
0.64952 0.03871
0.61422 0.039181
0.63388 0.03093
0.96751 0.039867
0.67178 0.039677
0.92892 0.040003
0.9631 0.025729
0.97459 0.026368
0.96771 0.027462
0.96915 0.028225
0.87166 0.038076
0.62826 0.039385
0.64237 0.028611
0.97582 0.026872
0.66575 0.03905
0.97616 0.026917
0.97612 0.027012
0.97601 0.026733
0.6392 0.025915
0.97543 0.026334
0.78424 0.039791
0.95371 0.040484
0.97537 0.026301
0.777 0.039256
0.96996 0.025175
0.85281 0.038598
0.9687 0.025084
0.97099 0.025276
0.96586 0.024949
0.66336 0.033084
0.96092 0.040388
0.70811 0.040124
0.95722 0.024736
0.96178 0.024803
0.95985 0.024778
0.6631 0.028916
0.9395 0.040842
0.67472 0.035282
0.90034 0.037233
0.95308 0.024894
0.67882 0.039764
0.86952 0.039192
0.7262 0.039669
0.93731 0.026126
0.93547 0.024713
0.93803 0.026191
0.68608 0.039223
0.94503 0.027357
0.6852 0.036448
0.94857 0.028511
0.9474 0.027914
0.94852 0.028481
0.68605 0.036087
0.95239 0.030393
0.69918 0.037834
0.83208 0.03881
0.95168 0.030079
0.9567 0.034089
0.69988 0.035956
0.79993 0.040055
0.69592 0.030919
0.94131 0.03752
0.95163 0.036058
0.94348 0.038034
0.70042 0.029596
0.74515 0.038538
0.70191 0.02363
0.73828 0.038293
0.93048 0.036542
0.92876 0.035945
0.70957 0.027737
0.92604 0.035336
0.71797 0.02686
0.74979 0.037919
0.92412 0.034722
0.92032 0.033628
0.73202 0.037206
0.76614 0.037812
0.72821 0.0245
0.81104 0.039803
0.91421 0.031568
0.91764 0.032331
0.74607 0.033427
0.91679 0.031934
0.76143 0.034342
0.78347 0.038533
0.91702 0.032035
0.91593 0.031362
0.74407 0.026576
0.80957 0.039618
0.75535 0.025689
0.78279 0.03606
0.91093 0.03075
0.77341 0.030225
0.79658 0.040048
0.76475 0.024977
0.79448 0.039027
0.8881 0.036325
0.87865 0.038279
0.77863 0.027695
0.80352 0.03616
0.78586 0.027015
0.82242 0.039327
0.87559 0.038489
0.87697 0.038704
0.79312 0.029026
0.87887 0.038204
0.81565 0.034806
0.82116 0.039327
0.88012 0.037859
0.88744 0.0362
0.81667 0.032856
0.84605 0.035608
0.82222 0.032638
0.83804 0.030507
0.88376 0.034984
0.88002 0.034354
0.81999 0.027164
0.84282 0.032055
0.82849 0.022891
0.85774 0.030841
0.8764 0.032553
0.87607 0.030101
0.84365 0.024679
0.86306 0.028416
0.85189 0.023149
0.87876 0.024844
0.87582 0.027891
0.87618 0.026705
0.86917 0.022347
0.88622 0.023317
0.95151 0.020385
0.95105 0.022385
