348
0.06354 0.020902
0.044544 0.024246
0.11416 0.020602
0.064458 0.02535
0.031057 0.024151
0.065169 0.025377
0.13546 0.02096
0.1441 0.022972
0.16815 0.021669
0.10196 0.027892
0.09738 0.026732
0.10236 0.028078
0.18345 0.024827
0.1726 0.026716
0.18753 0.027559
0.11804 0.028185
0.1097 0.028515
0.11681 0.028117
0.19404 0.029632
0.12109 0.029125
0.20036 0.028589
0.17645 0.038753
0.1199 0.029452
0.1142 0.030572
0.19594 0.031986
0.11433 0.031165
0.22037 0.02603
0.18916 0.037887
0.11196 0.031281
0.11869 0.031281
0.22814 0.02952
0.12824 0.032102
0.23609 0.027689
0.18836 0.038252
0.12813 0.031913
0.12454 0.031998
0.24178 0.025101
0.11569 0.03226
0.25313 0.026273
0.22467 0.037842
0.11299 0.033011
0.26053 0.02172
0.093721 0.031291
0.26701 0.026542
0.23737 0.037892
0.092148 0.030225
0.26869 0.030608
0.095245 0.032906
0.28008 0.02382
0.10973 0.033892
0.10685 0.033795
0.2843 0.027898
0.24351 0.038973
0.28398 0.03022
0.25648 0.03835
0.12804 0.038131
0.30037 0.028499
0.26377 0.039343
0.30483 0.031032
0.12079 0.035078
0.12531 0.03628
0.122 0.035137
0.31234 0.031705
0.11198 0.035316
0.32747 0.02587
0.10529 0.035221
0.11194 0.035309
0.10517 0.035251
0.32041 0.030859
0.08807 0.030009
0.32276 0.033317
0.23999 0.039965
0.095657 0.035839
0.079212 0.029683
0.34257 0.026275
0.059213 0.032622
0.34758 0.02656
0.19246 0.037498
0.063674 0.032455
0.048628 0.032887
0.35056 0.026767
0.12821 0.039341
0.34014 0.037601
0.22097 0.039582
0.042292 0.030726
0.032539 0.027504
0.30767 0.038794
0.14588 0.040343
0.34877 0.036485
0.15163 0.04075
0.028358 0.027937
0.026768 0.030887
0.30147 0.037829
0.064729 0.035551
0.36211 0.029403
0.030809 0.035802
0.028441 0.034343
0.030847 0.035895
0.32769 0.03898
0.047364 0.035049
0.20588 0.037821
0.061791 0.040067
0.030967 0.036113
0.031674 0.037279
0.35856 0.037621
0.03196 0.038289
0.35621 0.038714
0.07462 0.033575
0.032544 0.038833
0.35911 0.039365
0.043245 0.036021
0.36766 0.037394
0.07398 0.034652
0.033821 0.039062
0.36746 0.038668
0.035823 0.039304
0.33418 0.038753
0.095433 0.038864
0.038022 0.03953
0.042592 0.040116
0.31835 0.038888
0.12761 0.039414
0.3748 0.026846
0.079162 0.037941
0.1113 0.039768
0.071755 0.039794
0.32517 0.039328
0.3752 0.027987
0.28424 0.039204
0.38239 0.022536
0.38181 0.026652
0.37723 0.033486
0.084288 0.038486
0.38422 0.034144
0.29052 0.038159
0.068797 0.039901
0.067576 0.039961
0.39813 0.033898
0.39417 0.037049
0.37902 0.037827
0.38379 0.036542
0.40278 0.040544
0.40249 0.040689
0.39053 0.040434
0.384 0.03771
0.39119 0.040567
0.41992 0.037138
0.42243 0.021573
0.43272 0.023601
0.44847 0.020609
0.4796 0.021349
0.40494 0.025826
0.4545 0.022638
0.4118 0.031145
0.41235 0.032968
0.4487 0.028546
0.47178 0.021739
0.44544 0.034823
0.44958 0.035218
0.46225 0.027667
0.46732 0.022871
0.44031 0.036136
0.45389 0.035438
0.45894 0.025935
0.46501 0.02579
0.45476 0.035332
0.47288 0.034719
0.47701 0.024681
0.47518 0.029193
0.47267 0.034753
0.47157 0.025168
0.51581 0.021041
0.5005 0.020992
0.57964 0.020294
0.54121 0.022164
0.56311 0.024506
0.48636 0.021277
0.52408 0.027659
0.49876 0.02327
0.49634 0.023846
0.5483 0.028527
0.55449 0.032345
0.49128 0.024026
0.50551 0.027092
0.5131 0.032291
0.5443 0.033523
0.49278 0.026494
0.50478 0.031227
0.50799 0.034779
0.54498 0.036119
0.50346 0.03127
0.48998 0.027918
0.50467 0.034927
0.483 0.034516
0.48366 0.026385
0.51421 0.034866
0.59681 0.020945
0.59851 0.025206
0.62115 0.029006
0.69905 0.037639
0.60648 0.03265
0.65961 0.039844
0.60955 0.036485
0.56886 0.032033
0.90209 0.03928
0.57952 0.032412
0.57442 0.035953
0.96917 0.035383
0.9698 0.028893
0.56638 0.037239
0.58519 0.036278
0.91889 0.038239
0.63693 0.035664
0.54968 0.036002
0.48293 0.034522
0.64464 0.039314
0.6118 0.03672
0.6309 0.031257
0.96329 0.038947
0.66762 0.039151
0.92653 0.037378
0.96161 0.025367
0.97412 0.025853
0.96663 0.026898
0.96819 0.027574
0.86818 0.036903
0.62603 0.038674
0.63984 0.02892
0.97545 0.026315
0.66083 0.038682
0.97583 0.026357
0.97578 0.026444
0.97565 0.026188
0.63702 0.026314
0.97503 0.025821
0.77988 0.039537
0.9498 0.040869
0.97496 0.025791
0.77038 0.038653
0.96907 0.024759
0.85089 0.039588
0.9677 0.024686
0.9702 0.024848
0.96461 0.0246
0.65882 0.033416
0.95533 0.040279
0.70439 0.039069
0.95537 0.024515
0.96016 0.024517
0.95811 0.02452
0.65891 0.029189
0.93862 0.039769
0.6712 0.035205
0.89697 0.039419
0.95113 0.024724
0.67507 0.040032
0.86537 0.038146
0.72154 0.040355
0.93474 0.025609
0.93264 0.02427
0.93555 0.025692
0.68059 0.039519
0.94287 0.027024
0.68016 0.036843
0.9465 0.028284
0.9453 0.027654
0.94645 0.028254
0.68102 0.036329
0.95046 0.030094
0.69383 0.036345
0.83114 0.036896
0.94971 0.029863
0.95387 0.033529
0.69512 0.03469
0.79752 0.037244
0.69165 0.030041
0.9401 0.036317
0.94892 0.035826
0.9418 0.036953
0.69717 0.028926
0.73925 0.039372
0.69906 0.023368
0.73385 0.038738
0.92785 0.03428
0.92583 0.033987
0.70695 0.027332
0.9227 0.033909
0.7157 0.026851
0.74257 0.039942
0.92021 0.03368
0.91609 0.033292
0.72742 0.037658
0.75667 0.039264
0.72571 0.024488
0.81004 0.037537
0.91021 0.032274
0.91343 0.032409
0.74172 0.033749
0.91261 0.032128
0.75437 0.035639
0.77908 0.0382
0.91282 0.032198
0.91174 0.031717
0.74143 0.026776
0.80864 0.037108
0.75222 0.026479
0.77829 0.035982
0.90709 0.031591
0.76808 0.030234
0.79341 0.038091
0.75969 0.025574
0.79075 0.037704
0.88461 0.039245
0.87447 0.03899
0.7732 0.027455
0.80063 0.033764
0.78119 0.026845
0.82019 0.037634
0.87187 0.037946
0.87294 0.038872
0.78811 0.028986
0.87472 0.038959
0.81424 0.033176
0.81911 0.037555
0.8761 0.038935
0.88406 0.038891
0.81535 0.031542
0.84593 0.035407
0.82057 0.031561
0.83786 0.029771
0.88101 0.036571
0.87767 0.035094
0.81857 0.026593
0.84297 0.031647
0.82741 0.022734
0.85678 0.031338
0.87516 0.032576
0.87579 0.030136
0.84384 0.024605
0.86189 0.02849
0.85184 0.023404
0.87869 0.025063
0.8758 0.0279
0.87615 0.026748
0.86864 0.022224
0.88535 0.023828
0.94952 0.020377
0.94905 0.022343
