348
0.075144 0.020654
0.050178 0.023331
0.13874 0.020535
0.076372 0.023862
0.033328 0.023407
0.077322 0.023871
0.16346 0.020923
0.17181 0.022748
0.19739 0.021777
0.12578 0.027155
0.12079 0.025813
0.12624 0.027353
0.21287 0.02467
0.20143 0.026769
0.217 0.027378
0.14345 0.027066
0.13405 0.027648
0.14186 0.02708
0.22367 0.030344
0.14706 0.027724
0.22909 0.02918
0.20422 0.038945
0.1457 0.028039
0.13878 0.029386
0.22587 0.032909
0.13894 0.029894
0.24842 0.025606
0.21883 0.037667
0.13644 0.030134
0.14447 0.029659
0.25729 0.02864
0.15617 0.03089
0.26588 0.026783
0.21811 0.037844
0.156 0.0307
0.15166 0.030244
0.27286 0.024617
0.14059 0.030749
0.2846 0.026368
0.2537 0.036103
0.13764 0.031584
0.29185 0.021764
0.11611 0.02935
0.29793 0.026658
0.26797 0.035721
0.1143 0.028372
0.29953 0.030754
0.1183 0.030806
0.31115 0.023827
0.13441 0.032425
0.13153 0.032623
0.31519 0.027879
0.27547 0.037354
0.31484 0.030178
0.2884 0.038706
0.15713 0.036187
0.33171 0.028369
0.29519 0.039467
0.33605 0.030752
0.14768 0.032679
0.15343 0.033956
0.14919 0.03277
0.343 0.031711
0.13674 0.03366
0.35951 0.025414
0.13011 0.034023
0.1367 0.033657
0.12999 0.034054
0.35117 0.030309
0.10928 0.0278
0.35332 0.032382
0.27141 0.037936
0.11917 0.033222
0.097617 0.026978
0.37573 0.026451
0.06966 0.029324
0.38073 0.026633
0.22252 0.038322
0.075118 0.029024
0.055756 0.029791
0.38328 0.02681
0.1577 0.037801
0.37344 0.037537
0.24872 0.037862
0.047487 0.028502
0.035114 0.026131
0.3378 0.038505
0.17382 0.038544
0.38208 0.036487
0.18151 0.038166
0.030074 0.026581
0.028239 0.029033
0.33251 0.037531
0.076199 0.031234
0.39511 0.029063
0.033862 0.032961
0.030664 0.031883
0.033925 0.033036
0.3585 0.037576
0.054625 0.0315
0.23423 0.038847
0.072399 0.034663
0.034111 0.033207
0.035208 0.034126
0.39209 0.037399
0.035747 0.034934
0.38916 0.038735
0.090196 0.029554
0.036638 0.035423
0.39284 0.039272
0.049976 0.032586
0.40041 0.037835
0.089077 0.030308
0.038379 0.03557
0.40026 0.039815
0.041129 0.035655
0.36673 0.037561
0.11921 0.035631
0.044262 0.03569
0.050351 0.035957
0.34722 0.038068
0.15704 0.037758
0.40729 0.027341
0.095569 0.032798
0.13636 0.037837
0.085093 0.033931
0.3551 0.038111
0.40764 0.028553
0.31589 0.039179
0.41404 0.022612
0.41346 0.026929
0.40879 0.034351
0.10288 0.033676
0.41509 0.033993
0.32219 0.037787
0.081015 0.034353
0.079373 0.034416
0.43148 0.03105
0.42624 0.034291
0.40955 0.038877
0.41422 0.036482
0.43792 0.036578
0.4375 0.036678
0.42089 0.038273
0.41424 0.03756
0.42175 0.038206
0.45767 0.039081
0.45853 0.021805
0.46702 0.024168
0.48146 0.02066
0.5066 0.021782
0.44066 0.024841
0.48702 0.023004
0.44877 0.030537
0.44958 0.032432
0.48171 0.029279
0.50099 0.022252
0.47955 0.036047
0.484 0.036538
0.49366 0.02947
0.49759 0.023683
0.47479 0.03834
0.48834 0.037634
0.49087 0.027036
0.4958 0.027334
0.48905 0.037586
0.50167 0.039346
0.50471 0.026171
0.5033 0.032087
0.50154 0.03941
0.50082 0.026685
0.53523 0.02135
0.52303 0.021248
0.58891 0.020357
0.55439 0.022594
0.57441 0.024978
0.51195 0.021661
0.54162 0.030197
0.52162 0.024154
0.51968 0.024918
0.56079 0.029617
0.56618 0.03348
0.51567 0.025127
0.52694 0.028875
0.53185 0.035565
0.55684 0.035794
0.51684 0.028255
0.5255 0.033956
0.52707 0.038288
0.55726 0.038764
0.52447 0.034016
0.5145 0.030123
0.52451 0.038641
0.50807 0.039173
0.50995 0.028349
0.53218 0.039085
0.60253 0.021136
0.60401 0.026154
0.62549 0.02858
0.70409 0.03955
0.60982 0.033501
0.6665 0.040176
0.61111 0.037377
0.57946 0.033547
0.90121 0.038563
0.58918 0.034939
0.58513 0.038373
0.96943 0.036467
0.97053 0.029564
0.57745 0.039007
0.5941 0.03959
0.91889 0.037933
0.64379 0.035032
0.56152 0.037814
0.50801 0.039189
0.65249 0.038992
0.61286 0.037595
0.63623 0.030629
0.96311 0.039466
0.67352 0.037107
0.92647 0.037048
0.96293 0.025498
0.97454 0.026304
0.96759 0.027294
0.96904 0.028087
0.867 0.037393
0.62922 0.03697
0.64548 0.028808
0.97578 0.026803
0.6673 0.038447
0.97613 0.026847
0.97608 0.026941
0.97596 0.026666
0.64282 0.026156
0.97539 0.02627
0.78602 0.040575
0.94942 0.039763
0.97532 0.026238
0.77743 0.040057
0.96986 0.025109
0.85039 0.039189
0.96859 0.024989
0.9709 0.025221
0.96572 0.024802
0.66505 0.033425
0.95494 0.039686
0.70868 0.03931
0.95664 0.024437
0.96156 0.024584
0.95954 0.024524
0.66459 0.029206
0.93848 0.039038
0.67768 0.032811
0.89516 0.038836
0.95214 0.024512
0.68394 0.037671
0.86438 0.038533
0.72951 0.039122
0.935 0.02546
0.93287 0.024173
0.93582 0.025531
0.69152 0.039417
0.94341 0.02673
0.69068 0.036539
0.94724 0.027881
0.94597 0.027299
0.94719 0.027853
0.69118 0.036284
0.95144 0.029623
0.70042 0.039468
0.83264 0.040439
0.95064 0.029344
0.95456 0.033109
0.70127 0.037151
0.80352 0.03842
0.6985 0.032149
0.94007 0.035684
0.94914 0.034955
0.94175 0.03624
0.70293 0.030052
0.74524 0.038895
0.70448 0.023689
0.74009 0.03922
0.92788 0.034023
0.92587 0.033733
0.71218 0.026898
0.92274 0.033653
0.72251 0.026054
0.74902 0.038975
0.92035 0.033446
0.91606 0.033072
0.73507 0.038287
0.76481 0.038721
0.73315 0.024573
0.81506 0.039655
0.91009 0.031945
0.91337 0.032205
0.74864 0.033029
0.91254 0.031929
0.76245 0.03505
0.78504 0.039227
0.91275 0.031998
0.91167 0.031532
0.7486 0.026434
0.81363 0.039343
0.76027 0.026322
0.78419 0.037023
0.90689 0.031262
0.7755 0.031218
0.79907 0.039066
0.76755 0.025734
0.79644 0.038771
0.88189 0.039161
0.87237 0.039233
0.77998 0.028209
0.80594 0.034939
0.7876 0.027212
0.8246 0.040377
0.87019 0.038236
0.87101 0.039163
0.79418 0.029158
0.8726 0.039185
0.81879 0.034737
0.82366 0.040077
0.87384 0.039094
0.88138 0.038816
0.81967 0.033034
0.84535 0.035697
0.82417 0.033474
0.83776 0.031035
0.87865 0.036609
0.87601 0.035223
0.8221 0.027624
0.84248 0.032349
0.82945 0.02334
0.85666 0.031394
0.87411 0.032769
0.87511 0.030307
0.84354 0.024833
0.86169 0.02863
0.85168 0.023351
0.87807 0.025127
0.87526 0.028036
0.8756 0.02686
0.86824 0.02229
0.88464 0.023838
0.95044 0.020357
0.94994 0.022212
