348
0.068208 0.020757
0.047369 0.023998
0.12112 0.020532
0.069384 0.024496
0.032564 0.023696
0.070295 0.024541
0.14411 0.020857
0.15507 0.02206
0.1823 0.021977
0.10762 0.027319
0.10333 0.026375
0.10806 0.02751
0.19703 0.024801
0.18625 0.027457
0.2012 0.027476
0.12576 0.027449
0.11659 0.027626
0.12411 0.027311
0.20752 0.030158
0.12941 0.02832
0.21339 0.029436
0.18903 0.039693
0.12806 0.028621
0.12109 0.029346
0.20871 0.032882
0.12104 0.029869
0.23205 0.025753
0.20164 0.038479
0.11858 0.029938
0.12651 0.03031
0.24068 0.028612
0.13711 0.031921
0.24986 0.026746
0.20088 0.038694
0.13699 0.031715
0.13314 0.031085
0.25613 0.024509
0.12222 0.030917
0.26911 0.025495
0.23287 0.036899
0.1192 0.031455
0.27776 0.021571
0.098994 0.03125
0.28456 0.026231
0.24853 0.035855
0.09753 0.030328
0.28629 0.030138
0.10017 0.03273
0.29812 0.023728
0.11543 0.032495
0.11168 0.033043
0.30235 0.027723
0.25599 0.037018
0.30224 0.030003
0.27224 0.036375
0.13696 0.038115
0.31783 0.028704
0.28071 0.037806
0.32239 0.031328
0.12884 0.03377
0.13394 0.035395
0.1303 0.033832
0.32968 0.031779
0.1176 0.033613
0.34581 0.024802
0.10918 0.034428
0.11757 0.033608
0.10903 0.034447
0.33738 0.029883
0.09349 0.030258
0.33946 0.031816
0.25099 0.037324
0.099655 0.035789
0.085696 0.030032
0.36435 0.025783
0.062527 0.031162
0.36971 0.026188
0.20479 0.038567
0.068274 0.030447
0.051419 0.032184
0.37269 0.026079
0.1372 0.038793
0.36106 0.035745
0.22844 0.039214
0.044929 0.029905
0.034247 0.026713
0.32558 0.03978
0.1594 0.032989
0.37087 0.035293
0.17224 0.038022
0.029496 0.027002
0.027763 0.029582
0.32059 0.038804
0.069518 0.033085
0.38659 0.027358
0.032247 0.034129
0.029614 0.032658
0.032286 0.034217
0.34385 0.036314
0.049778 0.034372
0.21527 0.039432
0.064575 0.037442
0.032413 0.034422
0.033156 0.035525
0.3815 0.03474
0.033433 0.036466
0.37798 0.036224
0.081644 0.033458
0.034054 0.037002
0.38244 0.035883
0.045429 0.03499
0.39381 0.033124
0.081085 0.034428
0.035441 0.037296
0.39356 0.034053
0.037575 0.037647
0.35377 0.03575
0.098427 0.039039
0.039808 0.037979
0.044374 0.038709
0.3339 0.03817
0.13654 0.038731
0.40355 0.025455
0.085974 0.038965
0.11538 0.037679
0.079163 0.038895
0.34055 0.037185
0.40409 0.026365
0.30381 0.038269
0.41223 0.021996
0.41151 0.025249
0.40664 0.030818
0.089431 0.039827
0.41414 0.031218
0.31126 0.039154
0.075154 0.037629
0.073431 0.037301
0.43364 0.02993
0.42794 0.032278
0.4082 0.034396
0.4134 0.033108
0.44033 0.036748
0.43997 0.03668
0.42187 0.035262
0.41356 0.034051
0.42299 0.035252
0.45487 0.03952
0.46037 0.021777
0.46867 0.024314
0.48193 0.020789
0.50568 0.02183
0.44315 0.024992
0.48667 0.02343
0.44989 0.030868
0.44996 0.032897
0.48196 0.031108
0.49979 0.022321
0.4779 0.0385
0.48152 0.039928
0.49218 0.030028
0.49635 0.023785
0.47294 0.039338
0.48554 0.040033
0.48992 0.02772
0.49462 0.027601
0.48638 0.04
0.50218 0.039709
0.50375 0.026277
0.50262 0.03225
0.50201 0.039717
0.49961 0.026896
0.5331 0.021386
0.52103 0.021284
0.58744 0.020363
0.55142 0.022519
0.57352 0.024917
0.51047 0.021727
0.53897 0.030477
0.51969 0.024261
0.51783 0.025091
0.55826 0.028798
0.56511 0.032549
0.51418 0.025404
0.52498 0.029094
0.53109 0.036426
0.55322 0.035203
0.51521 0.028706
0.52501 0.0345
0.52773 0.038996
0.55343 0.037592
0.52405 0.034631
0.51335 0.030637
0.52545 0.038996
0.50976 0.039693
0.50859 0.028676
0.53183 0.03928
0.60078 0.021252
0.60206 0.02689
0.62131 0.02895
0.70081 0.038872
0.60726 0.0354
0.6639 0.038855
0.6088 0.039567
0.57899 0.03403
0.90411 0.03872
0.58777 0.035346
0.58418 0.039082
0.97162 0.037058
0.97082 0.029877
0.57782 0.039665
0.5922 0.040568
0.92124 0.039279
0.63724 0.034937
0.55891 0.036583
0.50971 0.039695
0.64787 0.038493
0.61181 0.039372
0.63196 0.0309
0.96803 0.04004
0.6715 0.038894
0.92861 0.039371
0.96343 0.025667
0.9747 0.026495
0.96795 0.027534
0.96936 0.028358
0.87135 0.03718
0.62618 0.039395
0.64048 0.028546
0.9759 0.027008
0.66488 0.038257
0.97624 0.027054
0.9762 0.027151
0.97608 0.026867
0.6373 0.025881
0.97552 0.02646
0.78627 0.03835
0.95471 0.039784
0.97546 0.026426
0.77807 0.038333
0.97015 0.025277
0.85223 0.040026
0.96892 0.025155
0.97117 0.02538
0.96613 0.024956
0.66199 0.032605
0.96172 0.040133
0.7061 0.039094
0.95741 0.02456
0.96213 0.024723
0.96023 0.024657
0.66157 0.028596
0.94065 0.039948
0.6743 0.034884
0.89984 0.03838
0.95297 0.024623
0.67924 0.039678
0.86889 0.038152
0.72586 0.039004
0.93622 0.025855
0.9343 0.02452
0.93696 0.025909
0.68554 0.039796
0.94435 0.026931
0.68465 0.036861
0.94814 0.027966
0.94688 0.027423
0.94809 0.027939
0.68539 0.036556
0.95227 0.029787
0.69686 0.037837
0.83422 0.04033
0.95149 0.029459
0.95714 0.033544
0.69766 0.035889
0.80462 0.03892
0.69445 0.031101
0.9418 0.03654
0.9521 0.035109
0.9441 0.036959
0.69881 0.029508
0.74542 0.038441
0.70037 0.023565
0.73848 0.03803
0.9299 0.035966
0.92797 0.035475
0.70858 0.027257
0.92498 0.035093
0.71758 0.02651
0.75006 0.037936
0.92287 0.034633
0.91879 0.033811
0.73198 0.036814
0.76668 0.037482
0.72819 0.024368
0.81537 0.039943
0.91293 0.032072
0.9162 0.032659
0.74635 0.033374
0.91538 0.032302
0.76175 0.034158
0.78526 0.037237
0.91559 0.032393
0.91454 0.031762
0.74435 0.026533
0.81392 0.039557
0.75562 0.025658
0.78428 0.03498
0.90981 0.031395
0.77399 0.029866
0.80083 0.038694
0.76512 0.024894
0.79813 0.037621
0.88822 0.037269
0.87902 0.038211
0.77932 0.027292
0.8074 0.035411
0.78718 0.026478
0.82563 0.040317
0.87564 0.038043
0.87714 0.038422
0.79514 0.028324
0.87927 0.038163
0.81925 0.03508
0.8245 0.040191
0.8806 0.037967
0.8876 0.037066
0.82007 0.033151
0.8466 0.037095
0.82514 0.033264
0.83964 0.03142
0.88415 0.035426
0.88066 0.034438
0.8229 0.027439
0.84392 0.033164
0.83079 0.02312
0.85746 0.03123
0.8769 0.032328
0.8767 0.029903
0.84478 0.025113
0.86288 0.028364
0.85227 0.023406
0.87956 0.024834
0.87644 0.027724
0.87682 0.026578
0.86937 0.022221
0.88664 0.02347
0.95129 0.020361
0.9508 0.022231
