348
0.074833 0.020783
0.052366 0.023364
0.1267 0.020542
0.075967 0.024641
0.034818 0.023127
0.076844 0.024662
0.15009 0.020845
0.16123 0.022051
0.18857 0.02192
0.11414 0.028199
0.11035 0.02701
0.11453 0.028389
0.20398 0.024486
0.19267 0.027175
0.20854 0.02691
0.13144 0.027334
0.12207 0.028029
0.12974 0.027287
0.21541 0.029193
0.13517 0.028168
0.22184 0.028423
0.19557 0.038785
0.13378 0.028457
0.12667 0.029522
0.21678 0.031618
0.12661 0.030059
0.24326 0.025459
0.20916 0.037057
0.12408 0.030313
0.13219 0.030104
0.2517 0.028907
0.14294 0.031727
0.26009 0.027283
0.20832 0.037289
0.14282 0.031524
0.13894 0.030894
0.26593 0.024808
0.12773 0.031034
0.27828 0.025797
0.24578 0.036146
0.12456 0.031838
0.28644 0.021631
0.10661 0.031817
0.29309 0.026474
0.26023 0.037131
0.10527 0.030681
0.29487 0.030639
0.10767 0.033536
0.30589 0.023968
0.12076 0.033268
0.11749 0.03421
0.30988 0.028275
0.26704 0.03811
0.3098 0.030716
0.28216 0.037176
0.14261 0.037816
0.32479 0.028612
0.28998 0.038378
0.32954 0.030946
0.13436 0.033512
0.13958 0.03513
0.13587 0.033581
0.33733 0.031958
0.12265 0.034241
0.35144 0.025907
0.11529 0.035993
0.12262 0.03424
0.11517 0.036032
0.34468 0.031095
0.10124 0.03013
0.34649 0.0336
0.26284 0.038772
0.10734 0.036695
0.092597 0.029322
0.3668 0.026817
0.069492 0.030893
0.37139 0.027226
0.21265 0.036964
0.07493 0.03081
0.057339 0.03061
0.37393 0.027103
0.14283 0.038484
0.36353 0.038725
0.24065 0.037516
0.049477 0.028348
0.036804 0.025677
0.33293 0.039021
0.1655 0.032987
0.37228 0.037861
0.17831 0.037871
0.0312 0.025931
0.029157 0.028124
0.32727 0.038389
0.07615 0.0335
0.38582 0.028629
0.034527 0.031954
0.031375 0.030721
0.034576 0.032029
0.35003 0.039766
0.05557 0.032302
0.22463 0.037241
0.071835 0.037376
0.034731 0.032202
0.035644 0.033132
0.38172 0.03726
0.035999 0.033925
0.37861 0.038981
0.087899 0.032821
0.036755 0.034376
0.38261 0.038602
0.050374 0.032627
0.39242 0.035771
0.0872 0.0338
0.038419 0.034618
0.3923 0.036864
0.040985 0.034904
0.35745 0.03908
0.10645 0.03987
0.043746 0.035172
0.049357 0.035761
0.34229 0.039529
0.14216 0.03842
0.39987 0.026839
0.092731 0.037597
0.12022 0.038802
0.084731 0.038324
0.34758 0.040034
0.40029 0.027996
0.31094 0.03954
0.40663 0.022589
0.40607 0.026791
0.4026 0.033716
0.096852 0.03857
0.40837 0.034455
0.3176 0.039685
0.081191 0.037544
0.079675 0.037408
0.42324 0.032401
0.41881 0.035636
0.4042 0.038346
0.40797 0.036918
0.4282 0.039085
0.42789 0.039144
0.41437 0.03951
0.40816 0.038118
0.41519 0.039484
0.44392 0.037183
0.44967 0.021525
0.45961 0.023753
0.47448 0.0207
0.4998 0.021805
0.43115 0.02543
0.47991 0.023052
0.43767 0.030486
0.4377 0.032396
0.47463 0.02986
0.49404 0.022247
0.4708 0.036396
0.47549 0.037828
0.48599 0.029334
0.49056 0.023623
0.46549 0.036944
0.48037 0.038022
0.48349 0.027024
0.48865 0.027218
0.48134 0.037994
0.49813 0.039167
0.49787 0.026154
0.49716 0.031958
0.49798 0.039165
0.49388 0.026673
0.52847 0.021276
0.51554 0.021227
0.58541 0.020348
0.54833 0.022383
0.57103 0.024807
0.50473 0.021704
0.53507 0.029643
0.51417 0.024089
0.51231 0.02491
0.55566 0.028482
0.56279 0.0323
0.50855 0.025266
0.51969 0.028603
0.52676 0.035136
0.55117 0.034467
0.50961 0.028456
0.51991 0.033701
0.52315 0.037771
0.55185 0.03692
0.51887 0.033862
0.50776 0.030394
0.52058 0.037908
0.50513 0.039476
0.5028 0.028597
0.5278 0.037794
0.59945 0.021154
0.60087 0.026324
0.62253 0.027832
0.70141 0.038862
0.60709 0.033834
0.66448 0.039128
0.60928 0.037677
0.57657 0.033596
0.90068 0.039754
0.58572 0.034726
0.5819 0.03836
0.97075 0.036185
0.97033 0.029372
0.5755 0.039133
0.59031 0.039638
0.91806 0.038747
0.64196 0.034757
0.55757 0.035997
0.50508 0.03948
0.65105 0.040272
0.61281 0.037256
0.63498 0.030006
0.96653 0.03918
0.67256 0.038615
0.92581 0.038458
0.96253 0.025466
0.97441 0.026162
0.9673 0.027189
0.96878 0.027948
0.87339 0.038033
0.63026 0.036807
0.64386 0.02873
0.97568 0.02665
0.66559 0.038337
0.97604 0.026693
0.97599 0.026785
0.97587 0.026516
0.64083 0.025778
0.97528 0.026129
0.78156 0.040201
0.95264 0.039544
0.97522 0.026097
0.77387 0.040073
0.96962 0.025009
0.85444 0.038661
0.96832 0.024908
0.97069 0.025105
0.96539 0.024749
0.66306 0.032935
0.95942 0.039572
0.70755 0.039183
0.95634 0.024461
0.96117 0.024569
0.95918 0.024527
0.66289 0.028853
0.93864 0.039215
0.67575 0.03475
0.89664 0.040161
0.95188 0.02457
0.68074 0.03976
0.87105 0.038717
0.72906 0.039324
0.9348 0.025618
0.93278 0.024317
0.93558 0.02568
0.68645 0.040105
0.9432 0.026783
0.68579 0.037136
0.94701 0.027866
0.94575 0.027308
0.94696 0.027838
0.68651 0.036871
0.95117 0.029691
0.69711 0.038001
0.83453 0.037361
0.95039 0.029381
0.95569 0.033272
0.69808 0.036005
0.79782 0.038249
0.69561 0.03125
0.94018 0.03602
0.95054 0.03499
0.94246 0.036518
0.69987 0.029557
0.74663 0.040717
0.7016 0.023568
0.74139 0.039659
0.92753 0.035139
0.92553 0.034746
0.70992 0.027149
0.92241 0.034493
0.71893 0.026589
0.75011 0.040849
0.92022 0.034127
0.91608 0.033476
0.73466 0.037874
0.76312 0.039657
0.72935 0.024447
0.81072 0.036982
0.91038 0.031953
0.9136 0.032432
0.74669 0.035055
0.91281 0.032105
0.75907 0.036133
0.7807 0.038906
0.91302 0.032188
0.91203 0.031597
0.74437 0.027312
0.80898 0.036724
0.7542 0.026555
0.77984 0.036421
0.90731 0.031494
0.7704 0.030783
0.79418 0.038955
0.76228 0.02555
0.79185 0.038481
0.88773 0.040581
0.88084 0.040339
0.77519 0.027973
0.80128 0.034314
0.78245 0.027108
0.82354 0.037091
0.87764 0.039603
0.87913 0.040274
0.78964 0.029062
0.88103 0.040319
0.81541 0.032781
0.8221 0.037
0.88204 0.040285
0.88726 0.040229
0.81638 0.031135
0.8482 0.035359
0.82256 0.031153
0.83978 0.029984
0.88465 0.037837
0.88191 0.036279
0.81975 0.026275
0.84481 0.031708
0.82916 0.022627
0.85934 0.030826
0.87843 0.033498
0.87805 0.030815
0.84536 0.024568
0.86463 0.028338
0.85358 0.023176
0.88077 0.025398
0.8778 0.028418
0.87817 0.027191
0.87094 0.022296
0.88665 0.024079
0.95019 0.020358
0.94969 0.022217
