348
0.059946 0.02087
0.041288 0.02453
0.1088 0.020617
0.060902 0.02514
0.029373 0.024868
0.061642 0.025156
0.1316 0.020917
0.14026 0.022736
0.16589 0.02176
0.097442 0.028703
0.093519 0.027463
0.097821 0.028899
0.18114 0.025103
0.17002 0.02665
0.18467 0.028243
0.11293 0.028023
0.10465 0.02889
0.11161 0.028108
0.19053 0.03126
0.11591 0.02861
0.19551 0.029473
0.1716 0.039439
0.11476 0.029024
0.10872 0.030823
0.19226 0.033841
0.10878 0.031411
0.21546 0.025717
0.18586 0.039294
0.10651 0.031697
0.11363 0.030912
0.22388 0.029155
0.12392 0.031301
0.232 0.027008
0.18526 0.039883
0.1238 0.031129
0.11964 0.031173
0.23906 0.025042
0.1101 0.032412
0.24908 0.027075
0.2212 0.037038
0.10733 0.033287
0.25595 0.021798
0.089675 0.032548
0.26188 0.026659
0.23332 0.036352
0.088469 0.031378
0.2631 0.030609
0.091171 0.034247
0.27594 0.023897
0.10439 0.034421
0.10192 0.034742
0.27999 0.028319
0.24035 0.03871
0.27941 0.030661
0.25038 0.040449
0.12331 0.036656
0.29317 0.030074
0.25623 0.04021
0.29657 0.032696
0.11547 0.034126
0.12018 0.03511
0.1168 0.034115
0.30275 0.033105
0.10621 0.035745
0.31734 0.026343
0.10057 0.036416
0.10617 0.035745
0.10047 0.036459
0.3104 0.031782
0.085116 0.030746
0.31198 0.034139
0.23634 0.039406
0.09165 0.037248
0.077025 0.029797
0.33115 0.027155
0.05624 0.03232
0.33586 0.02676
0.18905 0.039977
0.059993 0.031953
0.045905 0.033036
0.33882 0.026594
0.12332 0.038728
0.32974 0.039129
0.21706 0.038976
0.039279 0.031649
0.030629 0.028716
0.29602 0.041263
0.14075 0.038554
0.33913 0.035922
0.14865 0.038083
0.027085 0.029358
0.025815 0.032844
0.29084 0.04068
0.060909 0.034812
0.35214 0.028822
0.030356 0.038366
0.027813 0.036884
0.030415 0.038465
0.31517 0.040443
0.045436 0.035328
0.20056 0.038213
0.058175 0.039145
0.030584 0.038688
0.03158 0.039867
0.35045 0.036597
0.032146 0.040943
0.34747 0.037005
0.071793 0.032816
0.032948 0.041611
0.35177 0.0385
0.042273 0.036872
0.35789 0.037907
0.070984 0.033729
0.034372 0.041705
0.35792 0.040568
0.03669 0.041564
0.32353 0.040166
0.091461 0.040478
0.038992 0.04141
0.043388 0.041621
0.30558 0.041319
0.12261 0.038952
0.3634 0.027539
0.075528 0.037708
0.10521 0.041201
0.068119 0.038961
0.31258 0.040954
0.36374 0.02877
0.27841 0.040398
0.3706 0.022626
0.36997 0.026937
0.36482 0.03461
0.081125 0.040177
0.37133 0.033953
0.28326 0.040906
0.064876 0.039622
0.063542 0.039832
0.3872 0.032341
0.38196 0.035239
0.36548 0.039484
0.37037 0.036349
0.39301 0.03943
0.3927 0.039662
0.37653 0.039658
0.37033 0.037372
0.37737 0.039846
0.409 0.040752
0.40955 0.021945
0.41836 0.023974
0.43363 0.020627
0.46251 0.021418
0.39488 0.025861
0.43912 0.022786
0.4014 0.032825
0.40215 0.03475
0.43385 0.028798
0.45562 0.021776
0.43106 0.035346
0.43485 0.035695
0.44631 0.028363
0.4513 0.023023
0.42671 0.03831
0.43752 0.036162
0.44314 0.026315
0.44907 0.026265
0.43811 0.036
0.45325 0.034764
0.46004 0.024888
0.45781 0.029473
0.45301 0.03485
0.45541 0.025274
0.49891 0.02109
0.48238 0.020988
0.55577 0.020326
0.51969 0.022474
0.53934 0.024664
0.46954 0.021384
0.50561 0.028899
0.48074 0.023302
0.47849 0.02394
0.52624 0.02974
0.5308 0.033231
0.47399 0.024157
0.48759 0.027022
0.49386 0.032143
0.51987 0.035239
0.47531 0.02664
0.48509 0.030982
0.48674 0.03442
0.51918 0.038486
0.48364 0.031019
0.47249 0.028287
0.48295 0.034703
0.46254 0.035084
0.46712 0.02689
0.49404 0.035056
0.57091 0.021086
0.57256 0.025959
0.59602 0.027094
0.6787 0.039041
0.57773 0.032606
0.64378 0.03956
0.57753 0.03597
0.5454 0.032444
0.91057 0.038005
0.55488 0.033481
0.55046 0.035875
0.97148 0.038727
0.97171 0.030877
0.54161 0.037616
0.56042 0.037022
0.92564 0.039327
0.6175 0.034001
0.52452 0.038044
0.46241 0.03508
0.62591 0.037213
0.57871 0.036204
0.60959 0.029019
0.96672 0.04183
0.64989 0.038644
0.93184 0.038126
0.96499 0.026149
0.9752 0.02717
0.96909 0.028279
0.97036 0.029216
0.86971 0.032051
0.59906 0.033979
0.61952 0.028455
0.97629 0.027737
0.6444 0.038118
0.97659 0.027788
0.97656 0.027894
0.97645 0.027581
0.61678 0.025707
0.97595 0.027132
0.76354 0.036966
0.95441 0.04253
0.97589 0.027095
0.75408 0.038728
0.97108 0.025814
0.84378 0.035349
0.96996 0.02568
0.972 0.025938
0.96744 0.025418
0.64105 0.032738
0.95993 0.042008
0.68292 0.038897
0.95946 0.024866
0.96378 0.025104
0.96204 0.025008
0.64014 0.028643
0.9427 0.040402
0.6529 0.034259
0.9048 0.037982
0.9552 0.024874
0.65887 0.038028
0.86639 0.032437
0.7019 0.038738
0.93908 0.025743
0.93701 0.024387
0.93987 0.025819
0.66625 0.039197
0.94693 0.027093
0.66499 0.036311
0.95056 0.028296
0.94936 0.027695
0.95051 0.028268
0.66548 0.03603
0.95461 0.030369
0.67559 0.038052
0.8234 0.036369
0.95379 0.030016
0.95816 0.034279
0.6761 0.036097
0.78648 0.035065
0.67327 0.031513
0.94408 0.036309
0.95325 0.035871
0.94603 0.036933
0.67725 0.029773
0.72007 0.038459
0.67877 0.023697
0.71344 0.038394
0.93283 0.035
0.93092 0.034437
0.68672 0.026813
0.92797 0.034099
0.69703 0.025969
0.72443 0.038105
0.92582 0.033808
0.9226 0.033321
0.70871 0.037313
0.74096 0.03961
0.70804 0.024399
0.7991 0.034927
0.91658 0.032027
0.91988 0.03237
0.72412 0.032389
0.919 0.032067
0.7382 0.036009
0.76231 0.035823
0.91923 0.032143
0.91801 0.031626
0.72426 0.026137
0.7979 0.034707
0.73577 0.026626
0.7612 0.033996
0.91297 0.031111
0.75048 0.030585
0.7816 0.034677
0.74259 0.025987
0.77792 0.034113
0.89137 0.037809
0.88056 0.035668
0.75558 0.027442
0.78841 0.032066
0.76407 0.025966
0.81266 0.035567
0.87577 0.033608
0.87819 0.034989
0.7729 0.027189
0.88077 0.035578
0.80287 0.030948
0.81074 0.035119
0.88235 0.03571
0.89042 0.036982
0.8041 0.029816
0.83762 0.032125
0.81138 0.030488
0.82826 0.029617
0.88636 0.034453
0.8827 0.032675
0.80814 0.026023
0.83403 0.030013
0.818 0.022637
0.85204 0.028092
0.8787 0.030259
0.87867 0.028348
0.83452 0.023911
0.8593 0.025955
0.8446 0.022519
0.88185 0.024358
0.87856 0.026508
0.87902 0.025594
0.86845 0.021625
0.88852 0.023626
0.95359 0.020382
0.95312 0.022356
