348
0.076109 0.020643
0.050706 0.023271
0.14054 0.02053
0.077357 0.023799
0.033555 0.023349
0.078324 0.023808
0.16549 0.020914
0.17393 0.022717
0.19981 0.021761
0.12746 0.027082
0.12242 0.025749
0.12792 0.027278
0.21538 0.024648
0.20388 0.026717
0.21953 0.027347
0.1453 0.027006
0.13581 0.027577
0.1437 0.027018
0.22622 0.03031
0.14894 0.027661
0.23165 0.029158
0.20669 0.038817
0.14757 0.027972
0.14059 0.029302
0.22843 0.032871
0.14075 0.029806
0.251 0.025612
0.22137 0.037598
0.13823 0.030041
0.14633 0.029578
0.25986 0.028666
0.15812 0.03079
0.26841 0.026816
0.22064 0.037772
0.15795 0.030603
0.15358 0.030157
0.27535 0.02465
0.14241 0.030654
0.28698 0.026441
0.25628 0.036139
0.13944 0.03148
0.29413 0.021791
0.11769 0.029238
0.30014 0.026781
0.27048 0.035805
0.11585 0.028269
0.30171 0.030964
0.11991 0.030681
0.31305 0.023933
0.13617 0.03231
0.13327 0.032503
0.31699 0.028132
0.27795 0.037495
0.31664 0.030501
0.29073 0.038949
0.15909 0.036036
0.33283 0.028801
0.29744 0.039797
0.33697 0.031376
0.14956 0.032575
0.15536 0.033834
0.15108 0.032666
0.3435 0.032512
0.13853 0.033536
0.35882 0.025896
0.13183 0.033888
0.13849 0.033533
0.13172 0.033918
0.35107 0.031134
0.11076 0.027697
0.35302 0.033402
0.27391 0.038054
0.12079 0.033071
0.098942 0.026876
0.37357 0.026788
0.070532 0.029169
0.37813 0.026693
0.22507 0.03826
0.076082 0.028877
0.056387 0.029619
0.38085 0.026715
0.15966 0.037634
0.37067 0.038883
0.2513 0.037882
0.047966 0.028349
0.035371 0.026026
0.33863 0.039627
0.17596 0.038336
0.37866 0.036498
0.18374 0.037957
0.030245 0.026471
0.02838 0.028881
0.33359 0.038456
0.077181 0.031051
0.39366 0.028585
0.034099 0.03274
0.030845 0.031683
0.034162 0.032814
0.35761 0.039121
0.055236 0.031296
0.23681 0.038819
0.073317 0.034421
0.034352 0.032982
0.035467 0.033884
0.39005 0.036258
0.036016 0.034678
0.3866 0.037521
0.091404 0.029406
0.036921 0.035158
0.39082 0.038087
0.0505 0.032359
0.39928 0.037416
0.090267 0.030147
0.038692 0.035301
0.39911 0.039354
0.041491 0.035381
0.36482 0.039259
0.12082 0.035452
0.044682 0.035412
0.050883 0.03567
0.3473 0.039415
0.159 0.037593
0.4061 0.027374
0.096862 0.032608
0.13815 0.037674
0.086219 0.03371
0.35449 0.039637
0.40644 0.028605
0.31768 0.039811
0.41272 0.022727
0.41216 0.027202
0.40767 0.03454
0.10428 0.033485
0.41401 0.034754
0.32374 0.038498
0.082077 0.034123
0.080408 0.034184
0.42839 0.033183
0.42426 0.036399
0.40857 0.039211
0.41326 0.037271
0.43336 0.03894
0.43304 0.039137
0.42031 0.040177
0.41333 0.038408
0.42103 0.040228
0.4522 0.038698
0.45409 0.021775
0.46249 0.024222
0.47652 0.020685
0.50065 0.0218
0.43593 0.025339
0.48193 0.023153
0.44378 0.030593
0.44442 0.032409
0.47675 0.029635
0.49502 0.02232
0.47383 0.03658
0.47796 0.037243
0.48815 0.029926
0.49184 0.023839
0.46892 0.038736
0.48221 0.038562
0.48554 0.02744
0.49017 0.027691
0.4829 0.038539
0.4949 0.039889
0.49875 0.026276
0.49713 0.032358
0.49476 0.039945
0.49487 0.026891
0.52979 0.021286
0.51718 0.021226
0.587 0.020333
0.54974 0.022513
0.57126 0.024524
0.50604 0.021647
0.53651 0.029768
0.51579 0.024088
0.51385 0.024855
0.5563 0.02908
0.56225 0.032444
0.5098 0.025093
0.52117 0.028665
0.52677 0.034992
0.55261 0.035142
0.51097 0.028185
0.51982 0.033651
0.52171 0.037833
0.55322 0.037953
0.51873 0.033732
0.5086 0.030069
0.5189 0.038258
0.5018 0.039295
0.50402 0.028334
0.52746 0.038322
0.60103 0.021212
0.60231 0.02666
0.62077 0.030199
0.69542 0.040457
0.60723 0.035475
0.65788 0.038507
0.6082 0.040028
0.57687 0.03243
0.90285 0.038902
0.58729 0.033957
0.58297 0.037037
0.96824 0.034882
0.96947 0.028603
0.57469 0.037374
0.59252 0.039089
0.91821 0.039352
0.63476 0.036855
0.55736 0.036761
0.50173 0.039315
0.64215 0.039631
0.60967 0.040394
0.62947 0.032589
0.96121 0.038156
0.66676 0.035538
0.92507 0.038071
0.96101 0.025132
0.97392 0.025667
0.96619 0.026653
0.9678 0.027323
0.86578 0.037029
0.62304 0.040298
0.63746 0.029633
0.9753 0.026115
0.65913 0.036853
0.97569 0.026155
0.97564 0.02624
0.97551 0.025992
0.63511 0.026893
0.97487 0.025637
0.78049 0.039548
0.94716 0.039683
0.9748 0.025608
0.77146 0.039807
0.96872 0.024607
0.84963 0.039583
0.9673 0.024527
0.96988 0.024693
0.96411 0.024421
0.65708 0.0324
0.95274 0.0391
0.6996 0.03992
0.95445 0.02427
0.95949 0.024309
0.95738 0.024294
0.65705 0.028519
0.93638 0.03955
0.67164 0.031909
0.89634 0.038143
0.9499 0.024436
0.67855 0.037343
0.86317 0.03827
0.72287 0.03772
0.93296 0.025662
0.93092 0.024353
0.93374 0.025723
0.68505 0.040146
0.94106 0.026819
0.68449 0.037042
0.94495 0.027898
0.94366 0.027341
0.9449 0.027871
0.68495 0.036844
0.94919 0.029502
0.69253 0.040607
0.83025 0.037876
0.94838 0.029268
0.95235 0.032742
0.69359 0.038133
0.79968 0.037819
0.69191 0.032908
0.93784 0.036037
0.94687 0.034906
0.93943 0.03653
0.6962 0.030518
0.74199 0.039205
0.69764 0.02384
0.73634 0.038627
0.9263 0.034816
0.92438 0.03458
0.70533 0.026939
0.92141 0.034606
0.71586 0.025751
0.74514 0.039759
0.91923 0.034466
0.91537 0.034206
0.72987 0.036861
0.75848 0.039251
0.72744 0.024193
0.81006 0.039241
0.90992 0.033003
0.91289 0.03335
0.74405 0.033615
0.91212 0.033075
0.75626 0.035641
0.77938 0.03839
0.91232 0.033143
0.91131 0.032657
0.7435 0.026711
0.8088 0.038996
0.75411 0.026628
0.77841 0.036342
0.90695 0.031931
0.7694 0.031107
0.79537 0.038054
0.76138 0.025787
0.79233 0.037526
0.88136 0.038048
0.87146 0.038489
0.77392 0.028017
0.80177 0.034587
0.78174 0.02683
0.81967 0.038513
0.86915 0.037696
0.87006 0.038484
0.78891 0.028505
0.8717 0.038442
0.81376 0.034045
0.81849 0.038441
0.87297 0.03832
0.88075 0.03775
0.81474 0.032329
0.84438 0.035388
0.81971 0.032279
0.83596 0.030099
0.87776 0.035774
0.87494 0.034554
0.81766 0.027057
0.84122 0.031792
0.82616 0.022907
0.85499 0.031461
0.87281 0.032269
0.87368 0.029881
0.84197 0.024645
0.85978 0.028572
0.84996 0.023413
0.8767 0.024879
0.87379 0.027701
0.87415 0.026569
0.86655 0.022237
0.88366 0.023591
0.94818 0.020354
0.94768 0.0222
