348
0.051206 0.021173
0.037592 0.026013
0.083885 0.021042
0.05181 0.026953
0.027802 0.025797
0.052321 0.026998
0.094548 0.022301
0.097983 0.026428
0.10895 0.023498
0.075985 0.031106
0.072653 0.029909
0.076351 0.03136
0.1191 0.025599
0.11117 0.031894
0.12342 0.028301
0.086594 0.034847
0.081911 0.033727
0.085976 0.034677
0.13025 0.032538
0.088957 0.037233
0.13387 0.032522
0.11923 0.046856
0.088321 0.037562
0.085347 0.038433
0.13428 0.037452
0.085613 0.039502
0.14488 0.029658
0.13396 0.044023
0.084139 0.038701
0.088323 0.040669
0.15062 0.033127
0.094747 0.04464
0.15626 0.031284
0.13583 0.049778
0.094579 0.044206
0.092873 0.044133
0.16023 0.028655
0.086997 0.042187
0.16643 0.031099
0.14938 0.044903
0.085602 0.041918
0.17099 0.022655
0.071497 0.037846
0.17512 0.030806
0.15688 0.045442
0.070451 0.03761
0.17579 0.037051
0.073263 0.03894
0.18363 0.026961
0.084685 0.043339
0.083375 0.042802
0.18565 0.03518
0.16085 0.051937
0.18537 0.039307
0.16797 0.052188
0.097633 0.05539
0.19307 0.034254
0.17233 0.052932
0.19584 0.036573
0.091763 0.048274
0.095646 0.05225
0.092751 0.048998
0.20121 0.036511
0.086333 0.045713
0.21069 0.029993
0.083485 0.044696
0.086318 0.045708
0.083421 0.044673
0.20687 0.038456
0.068519 0.038788
0.20788 0.04202
0.15848 0.060362
0.075356 0.041603
0.064114 0.037195
0.21997 0.029791
0.049226 0.036252
0.22393 0.02942
0.13981 0.061578
0.051977 0.035596
0.04143 0.037368
0.22639 0.029729
0.10109 0.068265
0.2176 0.046515
0.14847 0.061191
0.035991 0.034917
0.028553 0.03043
0.19619 0.051085
0.10988 0.066959
0.22591 0.042866
0.11405 0.067809
0.025676 0.031242
0.024918 0.035708
0.19143 0.054098
0.054678 0.038989
0.23359 0.033705
0.030545 0.043064
0.027611 0.041157
0.030639 0.04319
0.20905 0.055183
0.042171 0.040786
0.14417 0.063051
0.055397 0.043853
0.030892 0.043477
0.032407 0.045012
0.23168 0.046926
0.033526 0.04646
0.22733 0.057493
0.062982 0.040347
0.034856 0.047703
0.22961 0.056703
0.040668 0.042811
0.23574 0.04467
0.063311 0.041599
0.036521 0.048331
0.23186 0.059202
0.038799 0.048897
0.2128 0.060098
0.079026 0.046212
0.040279 0.049258
0.043317 0.049894
0.20493 0.057098
0.10141 0.071122
0.2436 0.031441
0.069122 0.051805
0.091716 0.06289
0.069397 0.056802
0.20837 0.060022
0.24437 0.033801
0.18464 0.061103
0.25648 0.024414
0.25561 0.032897
0.24857 0.044619
0.073971 0.056837
0.25941 0.041243
0.18655 0.060764
0.068011 0.055863
0.067433 0.055652
0.27193 0.0343
0.26933 0.039306
0.25248 0.05584
0.25839 0.053265
0.27517 0.039347
0.27688 0.040064
0.27276 0.044632
0.28798 0.042245
0.30157 0.041047
0.30824 0.041571
0.30315 0.021313
0.31785 0.022245
0.34876 0.020221
0.48254 0.020237
0.28094 0.024091
0.36841 0.02058
0.29421 0.02768
0.29458 0.028926
0.3423 0.023906
0.44122 0.020374
0.32147 0.03148
0.33239 0.03252
0.35811 0.022604
0.42434 0.020632
0.32141 0.036583
0.34123 0.033087
0.37714 0.021241
0.40119 0.021194
0.34305 0.03212
0.34201 0.043327
0.46229 0.020834
0.38608 0.022022
0.34793 0.042452
0.4355 0.021102
0.6706 0.020888
0.64684 0.020468
0.74076 0.02044
0.69546 0.022101
0.72121 0.023337
0.53479 0.020213
0.68089 0.027561
0.64288 0.021431
0.63052 0.021296
0.69894 0.028027
0.7004 0.030543
0.57778 0.020708
0.65944 0.024227
0.68186 0.033629
0.69546 0.035798
0.60007 0.021308
0.66757 0.028858
0.67692 0.043967
0.66481 0.046454
0.66305 0.027553
0.55477 0.021225
0.66939 0.037784
0.65099 0.052508
0.51582 0.021115
0.65824 0.046261
0.74992 0.021516
0.75132 0.028368
0.76302 0.038508
0.80607 0.060475
0.75415 0.040442
0.78245 0.060198
0.74713 0.046795
0.72222 0.029137
0.93002 0.058647
0.72784 0.032094
0.71738 0.03304
0.97439 0.051049
0.97523 0.03841
0.70567 0.035375
0.70928 0.038509
0.9388 0.056119
0.77191 0.060677
0.69009 0.043964
0.65103 0.053225
0.73732 0.053011
0.71602 0.040925
0.76824 0.04305
0.96929 0.055873
0.7858 0.058673
0.94401 0.052805
0.9711 0.030106
0.97723 0.032414
0.97373 0.033836
0.97446 0.035504
0.90046 0.063391
0.76524 0.057793
0.77132 0.043597
0.97787 0.033395
0.78264 0.054144
0.97804 0.033483
0.97802 0.033667
0.97796 0.033125
0.77111 0.034983
0.97767 0.032347
0.84401 0.059158
0.96021 0.058437
0.97763 0.032282
0.84123 0.059261
0.97485 0.029822
0.89075 0.062877
0.9742 0.029551
0.97538 0.030086
0.97269 0.028989
0.78108 0.044863
0.96428 0.055866
0.80766 0.058095
0.96768 0.027864
0.97033 0.028376
0.96924 0.028143
0.78075 0.037391
0.95079 0.052699
0.7872 0.047601
0.92764 0.057714
0.96502 0.027518
0.79073 0.049622
0.89944 0.061205
0.81394 0.059027
0.955 0.03039
0.95394 0.027811
0.95541 0.030491
0.79925 0.051145
0.95908 0.031554
0.7956 0.045639
0.96166 0.033042
0.96069 0.032325
0.96162 0.033005
0.79604 0.045022
0.9646 0.035896
0.80355 0.048536
0.88495 0.060048
0.96409 0.035372
0.96594 0.042078
0.80313 0.045329
0.86223 0.057423
0.79997 0.037573
0.95608 0.04602
0.96226 0.045378
0.95765 0.045982
0.80153 0.035234
0.82569 0.060461
0.80238 0.025871
0.82401 0.05936
0.948 0.045511
0.9473 0.044795
0.80749 0.03293
0.94568 0.044147
0.81204 0.033354
0.82708 0.055687
0.94469 0.043831
0.94321 0.043419
0.82089 0.044801
0.83191 0.053603
0.81712 0.027329
0.86591 0.054892
0.93965 0.04307
0.94197 0.042388
0.82741 0.044172
0.9415 0.042184
0.83194 0.044076
0.84591 0.049423
0.94163 0.042229
0.94105 0.041834
0.82801 0.032069
0.86574 0.052378
0.83285 0.030414
0.84639 0.045876
0.93841 0.041837
0.84359 0.03843
0.86089 0.047484
0.83936 0.027803
0.8586 0.04431
0.91843 0.053809
0.91287 0.053821
0.84679 0.034045
0.86399 0.045137
0.85128 0.030871
0.8771 0.047513
0.90749 0.053498
0.91089 0.051935
0.85684 0.03204
0.91398 0.051222
0.87043 0.0393
0.87625 0.043416
0.91511 0.050967
0.92119 0.047009
0.87182 0.036634
0.88983 0.044416
0.87758 0.036635
0.88653 0.04059
0.92103 0.044672
0.91997 0.042681
0.87595 0.029389
0.88902 0.039736
0.88188 0.024937
0.89784 0.036208
0.91931 0.039664
0.9215 0.037008
0.8895 0.027679
0.90105 0.034289
0.89462 0.025113
0.92585 0.02943
0.92296 0.033947
0.92367 0.032085
0.90789 0.024995
0.92875 0.02739
0.96393 0.020585
0.96359 0.023626
