348
0.067138 0.020754
0.046104 0.023989
0.12045 0.020569
0.068285 0.024431
0.031768 0.023904
0.069173 0.024426
0.14387 0.020886
0.15358 0.022431
0.17957 0.021875
0.10855 0.028322
0.10457 0.02706
0.10895 0.028523
0.19337 0.025154
0.18357 0.02752
0.19715 0.027928
0.1249 0.027573
0.1161 0.028322
0.12329 0.027572
0.20366 0.030058
0.12866 0.028296
0.20954 0.028864
0.18801 0.040543
0.1273 0.028646
0.1205 0.029996
0.20541 0.032532
0.12057 0.030556
0.22998 0.025568
0.19873 0.039145
0.11825 0.030786
0.12586 0.030393
0.23846 0.028925
0.13703 0.031581
0.24691 0.027168
0.19807 0.039515
0.13685 0.03136
0.13277 0.030784
0.25282 0.024708
0.12184 0.031531
0.26552 0.025697
0.23312 0.036283
0.1191 0.0324
0.27376 0.021635
0.10116 0.031785
0.2803 0.026567
0.24776 0.036696
0.09959 0.030645
0.28215 0.030628
0.10263 0.033508
0.29331 0.023699
0.11584 0.033647
0.11301 0.034481
0.29789 0.027448
0.2548 0.037496
0.29769 0.029656
0.27071 0.037126
0.13862 0.037624
0.31418 0.028645
0.27879 0.039123
0.31874 0.031554
0.129 0.033689
0.13457 0.034785
0.13041 0.033641
0.32571 0.032585
0.1179 0.034683
0.33966 0.02576
0.11136 0.036158
0.11787 0.034679
0.11125 0.036192
0.33292 0.03126
0.095502 0.029985
0.33473 0.033547
0.25038 0.038416
0.10299 0.036601
0.086642 0.028707
0.35622 0.026084
0.061734 0.030959
0.36148 0.026502
0.20198 0.038627
0.067236 0.030395
0.050251 0.032046
0.3644 0.026564
0.13916 0.038507
0.35374 0.03676
0.22832 0.038219
0.043696 0.030081
0.033345 0.027057
0.32174 0.040253
0.15828 0.035653
0.36336 0.036208
0.16758 0.038462
0.028895 0.027457
0.027272 0.03023
0.31645 0.038681
0.068543 0.032868
0.3764 0.029012
0.031537 0.034936
0.029033 0.033477
0.031576 0.035027
0.33835 0.039244
0.048777 0.034201
0.21356 0.038456
0.064264 0.037108
0.031699 0.035239
0.032424 0.036367
0.37301 0.037233
0.032706 0.037342
0.37021 0.038471
0.081542 0.031638
0.033306 0.037874
0.37382 0.038864
0.044445 0.035172
0.38248 0.036751
0.080864 0.032489
0.034628 0.038107
0.38236 0.037952
0.03669 0.038356
0.34715 0.037628
0.10278 0.039691
0.038932 0.038571
0.043599 0.039045
0.33046 0.040298
0.13836 0.03825
0.38951 0.026706
0.087976 0.036424
0.11682 0.039139
0.078505 0.036548
0.33588 0.039764
0.38992 0.027805
0.29991 0.037596
0.39688 0.022351
0.39623 0.026206
0.39187 0.033083
0.092664 0.037793
0.39838 0.032923
0.30656 0.038072
0.074311 0.036199
0.072562 0.036227
0.41589 0.031069
0.41039 0.033752
0.39327 0.037235
0.39767 0.035229
0.42302 0.037215
0.4226 0.037264
0.40477 0.037024
0.39778 0.036291
0.40574 0.03701
0.44205 0.039499
0.44228 0.02183
0.45027 0.024483
0.46337 0.020769
0.48667 0.021746
0.42455 0.024943
0.4682 0.023429
0.43237 0.030635
0.43336 0.032618
0.46361 0.030813
0.48086 0.022312
0.46201 0.038507
0.46558 0.039532
0.47373 0.030287
0.47752 0.023894
0.45787 0.039692
0.469 0.040221
0.4713 0.027855
0.47579 0.027846
0.46958 0.040153
0.48213 0.039493
0.48472 0.026114
0.48341 0.03208
0.48198 0.039551
0.4807 0.026876
0.51674 0.021197
0.50347 0.021187
0.5725 0.020352
0.53897 0.022449
0.55839 0.02519
0.49207 0.021613
0.52395 0.028763
0.50204 0.023934
0.50009 0.024667
0.54528 0.029601
0.55079 0.03395
0.49602 0.024973
0.50782 0.028328
0.5144 0.034154
0.5417 0.035273
0.49723 0.027978
0.50718 0.033219
0.50997 0.0372
0.54231 0.038194
0.50604 0.033334
0.49498 0.029827
0.5071 0.037582
0.4896 0.038566
0.48991 0.028148
0.51536 0.037108
0.58661 0.02116
0.58802 0.026398
0.60764 0.028826
0.68742 0.038358
0.59368 0.035011
0.6486 0.038549
0.59531 0.039337
0.56328 0.034037
0.90227 0.039537
0.57229 0.034845
0.56792 0.038891
0.97016 0.035691
0.97001 0.029086
0.56115 0.04
0.5767 0.039646
0.91603 0.039145
0.62458 0.034371
0.54651 0.038
0.48954 0.038578
0.63282 0.038453
0.59695 0.039387
0.61828 0.030471
0.96543 0.038807
0.65774 0.037915
0.92338 0.037274
0.96198 0.025291
0.97423 0.025974
0.9669 0.026965
0.96843 0.027704
0.86523 0.035371
0.61097 0.037646
0.62795 0.028383
0.97554 0.026447
0.64998 0.037471
0.97591 0.026489
0.97587 0.026578
0.97574 0.026317
0.62504 0.025812
0.97513 0.025942
0.7711 0.038892
0.9507 0.039333
0.97507 0.025911
0.76118 0.038317
0.96929 0.024858
0.84435 0.035962
0.96796 0.024756
0.9704 0.024949
0.96493 0.0246
0.64792 0.032547
0.95777 0.039382
0.69241 0.039235
0.95558 0.024315
0.96058 0.024422
0.95854 0.024379
0.64814 0.028596
0.9363 0.038238
0.66155 0.034334
0.89689 0.038601
0.95096 0.024416
0.66614 0.03953
0.86247 0.036219
0.71126 0.040004
0.93304 0.02519
0.9308 0.023961
0.9339 0.025261
0.67202 0.039888
0.94197 0.026439
0.67146 0.037088
0.94592 0.027561
0.94462 0.026996
0.94587 0.027533
0.67216 0.036664
0.95024 0.029363
0.6831 0.037517
0.82207 0.036792
0.94942 0.029057
0.95454 0.032843
0.68431 0.03562
0.78929 0.037052
0.68144 0.030882
0.93825 0.035028
0.94907 0.034486
0.94057 0.035605
0.68652 0.029353
0.72884 0.039389
0.68826 0.023488
0.72349 0.038829
0.92519 0.034014
0.92304 0.033941
0.69623 0.027234
0.91965 0.034207
0.70531 0.026653
0.73234 0.03988
0.91753 0.034206
0.91397 0.034201
0.71714 0.03763
0.74711 0.039083
0.71551 0.024464
0.80143 0.037791
0.90884 0.033302
0.91167 0.033505
0.73143 0.033727
0.91095 0.033275
0.7445 0.035506
0.77011 0.037685
0.91114 0.033333
0.91019 0.032839
0.73114 0.026769
0.80001 0.037235
0.74201 0.026429
0.76905 0.035553
0.90608 0.032181
0.75812 0.030037
0.78508 0.037737
0.74954 0.025506
0.78225 0.037192
0.88288 0.037607
0.87203 0.037606
0.7633 0.027299
0.79207 0.033641
0.77149 0.026629
0.81157 0.0377
0.8692 0.036711
0.87041 0.037555
0.77865 0.0286
0.87229 0.037573
0.80538 0.033319
0.8105 0.037663
0.87374 0.037521
0.88223 0.037296
0.80642 0.031651
0.83766 0.033295
0.81168 0.031616
0.82889 0.029123
0.87874 0.035231
0.87506 0.033931
0.80955 0.026635
0.8341 0.030357
0.8182 0.022733
0.85141 0.029369
0.87216 0.031639
0.87266 0.029371
0.83517 0.02405
0.85752 0.027292
0.84507 0.022748
0.87577 0.024664
0.87266 0.027304
0.87304 0.026236
0.86495 0.022009
0.88302 0.023498
0.94921 0.020346
0.9487 0.022136
