348
0.02632 0.025077
0.024582 0.04929
0.034973 0.023175
0.028654 0.049254
0.022032 0.04929
0.028822 0.04923
0.038556 0.025929
0.041885 0.034588
0.045867 0.025095
0.04314 0.049209
0.038765 0.04903
0.044021 0.049254
0.055251 0.024992
0.052401 0.034314
0.060922 0.026386
0.057825 0.049497
0.053139 0.049426
0.057159 0.049481
0.072154 0.028955
0.066276 0.051272
0.07718 0.028984
0.076657 0.041057
0.067441 0.05188
0.071052 0.054297
0.083454 0.032495
0.075017 0.056725
0.090904 0.027365
0.090485 0.037365
0.072902 0.055825
0.077215 0.057402
0.1007 0.030859
0.082208 0.059332
0.1055 0.029694
0.099492 0.044204
0.081362 0.058583
0.082817 0.060914
0.10925 0.027572
0.082567 0.063284
0.11685 0.02974
0.1098 0.042306
0.082726 0.064133
0.12163 0.022332
0.078743 0.068453
0.12648 0.029564
0.11778 0.043409
0.078206 0.069149
0.13107 0.035215
0.080114 0.069996
0.13584 0.026511
0.086028 0.069409
0.085429 0.069481
0.14091 0.034761
0.12843 0.050417
0.14282 0.038938
0.13436 0.050745
0.094233 0.06825
0.14759 0.035137
0.1389 0.052202
0.15084 0.038129
0.089377 0.072394
0.091933 0.070775
0.089901 0.072035
0.15495 0.038297
0.086942 0.074352
0.16138 0.030391
0.085602 0.075376
0.086935 0.074358
0.085572 0.075397
0.15974 0.039771
0.076035 0.07757
0.16134 0.044067
0.14025 0.063369
0.081213 0.0768
0.071576 0.077908
0.17077 0.029466
0.051253 0.07922
0.17494 0.028956
0.13658 0.067002
0.054673 0.078784
0.041541 0.079094
0.17756 0.029159
0.11578 0.074728
0.17071 0.046444
0.14074 0.068649
0.037152 0.076805
0.030399 0.072407
0.15805 0.059687
0.12256 0.075262
0.17846 0.041666
0.12465 0.075597
0.026754 0.073462
0.025037 0.077509
0.15679 0.063419
0.055661 0.081532
0.18556 0.032737
0.023413 0.08907
0.023944 0.083967
0.02338 0.089457
0.16507 0.061011
0.036973 0.081794
0.14123 0.075574
0.048921 0.084142
0.023312 0.090426
0.023133 0.095753
0.18464 0.045162
0.023121 0.10126
0.18001 0.055995
0.066913 0.083643
0.023321 0.10654
0.18187 0.054892
0.030316 0.084369
0.18886 0.043098
0.065909 0.08439
0.023676 0.10842
0.18282 0.059036
0.024197 0.10886
0.16825 0.065613
0.082359 0.08547
0.024535 0.10883
0.02524 0.10769
0.16384 0.06775
0.11475 0.081987
0.19623 0.031208
0.050526 0.087307
0.092991 0.085381
0.035892 0.092418
0.16593 0.072168
0.19727 0.033597
0.15664 0.073166
0.20849 0.024605
0.20777 0.033448
0.20237 0.0455
0.047494 0.089026
0.21127 0.042327
0.15765 0.07427
0.035201 0.092408
0.034693 0.09276
0.22354 0.033457
0.22026 0.038556
0.20424 0.059965
0.20882 0.057864
0.22676 0.037889
0.22868 0.038473
0.22338 0.044117
0.24117 0.042465
0.25163 0.04333
0.25604 0.042694
0.25597 0.02129
0.27393 0.021521
0.3414 0.020133
0.47872 0.021011
0.23385 0.023805
0.38445 0.020697
0.2475 0.027854
0.24786 0.029147
0.32757 0.021731
0.46667 0.022
0.27869 0.027222
0.29672 0.025015
0.35399 0.022245
0.46154 0.0226
0.27241 0.031091
0.3218 0.02528
0.40308 0.022598
0.43933 0.02338
0.32751 0.025322
0.2733 0.036864
0.47328 0.024938
0.40833 0.024609
0.31778 0.027513
0.46549 0.025417
0.64714 0.02023
0.59559 0.020539
0.78364 0.020459
0.73997 0.021483
0.76587 0.023733
0.5216 0.021245
0.70206 0.021779
0.5922 0.021848
0.58403 0.022286
0.74421 0.026684
0.74602 0.029156
0.55925 0.02256
0.60865 0.023381
0.7112 0.023538
0.74411 0.032364
0.57098 0.02365
0.62327 0.024075
0.7327 0.030479
0.72484 0.029085
0.61328 0.025044
0.54848 0.024586
0.6743 0.024491
0.72813 0.033452
0.51816 0.025372
0.68993 0.026092
0.79271 0.021597
0.79415 0.0289
0.80393 0.041287
0.83326 0.073058
0.79572 0.041711
0.81997 0.064475
0.7863 0.046338
0.76675 0.030241
0.91057 0.08253
0.7713 0.03346
0.76259 0.034353
0.97108 0.084114
0.97372 0.077356
0.75333 0.035114
0.75681 0.039464
0.91537 0.084105
0.81225 0.06816
0.74721 0.042509
0.73687 0.040966
0.77721 0.057385
0.76182 0.04478
0.80809 0.047507
0.96738 0.087483
0.82247 0.061919
0.92227 0.084207
0.97588 0.066416
0.97816 0.070552
0.97499 0.072446
0.97461 0.074393
0.88227 0.079371
0.80717 0.065768
0.81054 0.047682
0.97839 0.07189
0.81969 0.05752
0.9785 0.072002
0.97846 0.072238
0.97851 0.071543
0.81096 0.037294
0.97846 0.070453
0.85614 0.075629
0.95674 0.088605
0.97846 0.070357
0.85539 0.074559
0.97773 0.065784
0.87301 0.075987
0.97757 0.065152
0.97787 0.066373
0.97722 0.063774
0.81869 0.047701
0.95991 0.087008
0.83584 0.06339
0.97608 0.060683
0.97669 0.062079
0.97645 0.061423
0.81908 0.039233
0.93184 0.083336
0.82418 0.049689
0.91054 0.077858
0.97544 0.059652
0.82728 0.051846
0.88175 0.072944
0.84004 0.061782
0.96851 0.066384
0.97234 0.05915
0.96841 0.066689
0.83426 0.053829
0.96764 0.069206
0.8323 0.047201
0.96638 0.071533
0.96704 0.07052
0.96642 0.071485
0.83273 0.046448
0.96379 0.074794
0.83792 0.050517
0.87005 0.068187
0.96425 0.074252
0.95729 0.079061
0.83832 0.046523
0.86311 0.065344
0.83706 0.037702
0.94288 0.079352
0.95013 0.080165
0.94468 0.07965
0.83883 0.035219
0.8544 0.057627
0.84057 0.025822
0.85417 0.054777
0.93382 0.077138
0.93357 0.076464
0.84512 0.032431
0.93218 0.07565
0.84972 0.032146
0.85927 0.051325
0.93133 0.07519
0.93005 0.074435
0.85622 0.041031
0.86336 0.050792
0.8561 0.026249
0.87281 0.05643
0.92654 0.073023
0.92979 0.072984
0.86443 0.039874
0.92951 0.072593
0.86893 0.040399
0.87344 0.048444
0.92959 0.072702
0.9295 0.07194
0.86972 0.029562
0.88056 0.051008
0.87595 0.028312
0.87909 0.043816
0.92691 0.07074
0.8833 0.035151
0.88847 0.044828
0.88424 0.026251
0.89227 0.041049
0.913 0.064285
0.91193 0.062412
0.89012 0.031273
0.89606 0.041668
0.89792 0.028532
0.90419 0.043257
0.91172 0.059404
0.91554 0.057721
0.90357 0.029301
0.91754 0.057673
0.91137 0.034662
0.91173 0.038434
0.91825 0.057672
0.92396 0.057132
0.91689 0.032444
0.92156 0.04223
0.92355 0.033098
0.92602 0.037863
0.92884 0.054494
0.93388 0.052104
0.93075 0.02784
0.92952 0.037527
0.93809 0.024506
0.94183 0.037005
0.94215 0.049257
0.94868 0.048185
0.94612 0.028159
0.94646 0.036857
0.95073 0.026159
0.96617 0.042829
0.9584 0.04501
0.96207 0.043879
0.9601 0.027974
0.96866 0.042236
0.97737 0.023642
0.97686 0.042442
