348
0.07647 0.020639
0.050902 0.02325
0.14123 0.020528
0.077725 0.023776
0.03364 0.023328
0.078699 0.023785
0.16626 0.02091
0.17474 0.022706
0.20073 0.021756
0.12809 0.027053
0.12304 0.025724
0.12856 0.027249
0.21632 0.024646
0.20481 0.026703
0.22048 0.027347
0.146 0.026983
0.13648 0.02755
0.14439 0.026995
0.22716 0.030318
0.14965 0.027636
0.23258 0.029174
0.20762 0.038785
0.14828 0.027946
0.14127 0.029269
0.22936 0.032885
0.14144 0.029772
0.25186 0.025651
0.22232 0.037601
0.13891 0.030005
0.14703 0.029546
0.26065 0.028764
0.15886 0.030751
0.26907 0.026923
0.22159 0.037774
0.15869 0.030565
0.1543 0.030123
0.2759 0.024759
0.14311 0.030618
0.28717 0.026686
0.25709 0.036293
0.14012 0.031439
0.29403 0.021826
0.11829 0.029195
0.29981 0.026713
0.271 0.03608
0.11644 0.028229
0.3014 0.030768
0.12051 0.030633
0.31352 0.023799
0.13684 0.032265
0.13393 0.032456
0.3177 0.028089
0.27822 0.037961
0.31738 0.030421
0.2901 0.039678
0.15984 0.035978
0.33258 0.029442
0.29628 0.039908
0.33624 0.031922
0.15028 0.032535
0.15609 0.033786
0.1518 0.032625
0.34245 0.032619
0.13921 0.033488
0.35858 0.025986
0.13248 0.033836
0.13917 0.033485
0.13237 0.033866
0.35056 0.030792
0.11132 0.027658
0.35265 0.033146
0.27428 0.038444
0.1214 0.033013
0.09944 0.026837
0.37233 0.027339
0.070857 0.029111
0.37653 0.027168
0.22601 0.038271
0.076443 0.028822
0.056621 0.029556
0.37903 0.02715
0.16041 0.03757
0.37039 0.040498
0.25214 0.038008
0.048144 0.028294
0.035467 0.025988
0.3369 0.040386
0.17678 0.038258
0.37735 0.037645
0.18459 0.037878
0.030309 0.026431
0.028432 0.028826
0.33289 0.039738
0.077549 0.030983
0.39131 0.0289
0.034186 0.03266
0.030913 0.031611
0.03425 0.032734
0.35815 0.039317
0.055462 0.031222
0.23773 0.038875
0.07366 0.034331
0.034441 0.0329
0.035563 0.033796
0.38794 0.036976
0.036115 0.034585
0.38472 0.038429
0.091857 0.029351
0.037026 0.035062
0.38868 0.038857
0.050695 0.032276
0.39661 0.037865
0.090713 0.030087
0.038809 0.035203
0.39643 0.039861
0.041626 0.035282
0.36522 0.040275
0.12144 0.035384
0.044838 0.035311
0.05108 0.035565
0.34614 0.039144
0.15974 0.037529
0.40343 0.027462
0.097347 0.032537
0.13883 0.037611
0.086642 0.033629
0.35453 0.039449
0.40377 0.028702
0.31962 0.039887
0.41005 0.022708
0.40949 0.027171
0.40479 0.034673
0.10481 0.033412
0.41101 0.034568
0.32489 0.039358
0.082474 0.034037
0.080796 0.034097
0.42648 0.032047
0.42157 0.035344
0.40545 0.039361
0.41011 0.037129
0.43255 0.03748
0.43217 0.037618
0.41673 0.039322
0.41011 0.038255
0.41747 0.039293
0.45163 0.039347
0.45296 0.021833
0.46112 0.024323
0.47492 0.02068
0.50042 0.021774
0.43485 0.025008
0.4803 0.023054
0.44309 0.030509
0.44389 0.032376
0.47514 0.029552
0.4944 0.022211
0.47181 0.036672
0.47568 0.037031
0.48699 0.029337
0.49097 0.023591
0.46707 0.039057
0.47973 0.037994
0.48419 0.027085
0.48917 0.027166
0.48055 0.037909
0.49478 0.038975
0.4984 0.026117
0.49684 0.031937
0.49463 0.039013
0.49423 0.026564
0.52851 0.021319
0.51627 0.021271
0.58253 0.02035
0.54786 0.022611
0.56804 0.024971
0.50559 0.021674
0.53507 0.030052
0.51494 0.024245
0.51308 0.025049
0.55416 0.029576
0.55967 0.033334
0.50919 0.025287
0.5201 0.028955
0.52569 0.035418
0.55046 0.035807
0.51032 0.028533
0.51895 0.034124
0.5209 0.03842
0.55095 0.038771
0.51793 0.034221
0.50807 0.030383
0.51828 0.038903
0.50249 0.0392
0.50366 0.028374
0.52644 0.038831
0.59627 0.021185
0.59762 0.026476
0.61731 0.029482
0.69094 0.038732
0.60269 0.034749
0.65467 0.040503
0.60361 0.039021
0.57269 0.033531
0.90402 0.0388
0.58196 0.034703
0.57716 0.038253
0.96822 0.034872
0.96945 0.02859
0.57007 0.039091
0.58638 0.039629
0.91906 0.039861
0.63334 0.036132
0.55489 0.037722
0.50243 0.039214
0.64148 0.040227
0.60525 0.039231
0.62695 0.031587
0.96118 0.03822
0.66224 0.037211
0.92572 0.038621
0.96097 0.025151
0.97391 0.025657
0.96617 0.026656
0.96778 0.02732
0.86508 0.036325
0.62021 0.038813
0.63547 0.02942
0.97529 0.026105
0.65571 0.038676
0.97568 0.026145
0.97564 0.026229
0.9755 0.025982
0.6329 0.026587
0.97486 0.025627
0.78274 0.039522
0.94725 0.039949
0.97479 0.025598
0.77254 0.038849
0.9687 0.024603
0.84857 0.039521
0.96728 0.024527
0.96986 0.024686
0.96408 0.024429
0.65384 0.033743
0.95278 0.039265
0.69606 0.038475
0.95447 0.024302
0.95946 0.024328
0.95738 0.024319
0.65374 0.029441
0.93666 0.040054
0.66673 0.033141
0.8974 0.03758
0.94997 0.024482
0.67222 0.038168
0.86231 0.037628
0.72021 0.036312
0.93335 0.02583
0.93138 0.024493
0.93411 0.025887
0.67821 0.03982
0.94122 0.026958
0.67798 0.036826
0.94506 0.028025
0.94379 0.027469
0.94502 0.027997
0.67853 0.036546
0.94927 0.029609
0.68738 0.038807
0.82954 0.03855
0.94847 0.02938
0.95239 0.032855
0.68875 0.036555
0.80049 0.038578
0.68697 0.031808
0.93808 0.036424
0.94697 0.035112
0.93962 0.036898
0.69182 0.029659
0.74105 0.037911
0.69341 0.023541
0.735 0.037046
0.92691 0.035278
0.92505 0.035018
0.70165 0.026528
0.92218 0.035018
0.71268 0.025411
0.7442 0.038617
0.92007 0.034856
0.91629 0.034555
0.72791 0.035182
0.75763 0.038324
0.72524 0.023805
0.81031 0.040119
0.91095 0.033279
0.91386 0.033658
0.74334 0.032785
0.9131 0.03337
0.75572 0.034909
0.78158 0.038261
0.9133 0.033442
0.9123 0.032937
0.74289 0.026291
0.80913 0.039857
0.75397 0.026326
0.78036 0.036136
0.90803 0.032059
0.77011 0.030444
0.79648 0.0388
0.76159 0.025484
0.79362 0.038234
0.88151 0.03706
0.87107 0.037526
0.77491 0.027721
0.80237 0.035218
0.78296 0.026843
0.81936 0.03929
0.86862 0.036825
0.86959 0.037534
0.78986 0.028825
0.87131 0.03748
0.81374 0.034667
0.81825 0.039223
0.87266 0.037358
0.88086 0.03678
0.81465 0.03287
0.8433 0.03551
0.81938 0.032794
0.83503 0.030359
0.8777 0.034926
0.87473 0.033782
0.81741 0.027359
0.84012 0.031965
0.82558 0.023021
0.85396 0.031279
0.87248 0.031625
0.87341 0.02936
0.84087 0.024706
0.85878 0.02834
0.84891 0.0234
0.87658 0.024618
0.87352 0.027295
0.8739 0.026222
0.86588 0.02214
0.88395 0.023392
0.94827 0.020358
0.94777 0.022228
