348
0.044275 0.021282
0.031957 0.02746
0.087514 0.020612
0.044911 0.027551
0.025195 0.028751
0.045403 0.027555
0.10849 0.020983
0.11756 0.022539
0.14256 0.022106
0.076248 0.028883
0.07289 0.027507
0.076606 0.029096
0.15542 0.026029
0.1458 0.028056
0.15831 0.030098
0.091531 0.028197
0.083345 0.029047
0.090385 0.028185
0.16306 0.034524
0.094778 0.029158
0.16659 0.032758
0.14815 0.045945
0.09354 0.029456
0.087471 0.030736
0.1643 0.038158
0.087484 0.031312
0.18143 0.026261
0.15974 0.044756
0.085132 0.031534
0.092315 0.031251
0.19059 0.028034
0.10234 0.031905
0.2003 0.026138
0.15926 0.046238
0.10225 0.031713
0.098858 0.032287
0.208 0.024297
0.088774 0.032422
0.22066 0.026059
0.1855 0.036022
0.085892 0.033002
0.22808 0.021735
0.068759 0.032313
0.234 0.027336
0.19863 0.03425
0.067426 0.031386
0.23488 0.031555
0.070496 0.034051
0.24695 0.023998
0.082943 0.03472
0.080843 0.035309
0.25064 0.028355
0.20477 0.036406
0.24997 0.030697
0.22062 0.038257
0.10206 0.037338
0.26342 0.029978
0.22882 0.04062
0.26645 0.031999
0.09466 0.034916
0.099768 0.036334
0.096089 0.035141
0.27366 0.030897
0.084651 0.035432
0.29153 0.025417
0.079529 0.036966
0.084619 0.03544
0.079423 0.037002
0.28406 0.029715
0.063746 0.030872
0.28597 0.031587
0.2003 0.039446
0.07118 0.037034
0.055747 0.031734
0.30791 0.026137
0.041191 0.038233
0.31378 0.025898
0.16221 0.04831
0.043864 0.037475
0.034679 0.040596
0.31725 0.025921
0.10176 0.042131
0.3067 0.036417
0.17936 0.04339
0.030584 0.039558
0.025769 0.035598
0.2649 0.041429
0.1235 0.037422
0.31705 0.034055
0.13604 0.041494
0.023838 0.036885
0.023185 0.043509
0.25968 0.041784
0.044489 0.041543
0.33083 0.027531
0.025997 0.05342
0.024467 0.051202
0.026036 0.053584
0.28881 0.038297
0.034694 0.044473
0.16923 0.047068
0.042787 0.048794
0.026146 0.053945
0.026801 0.055762
0.32725 0.034837
0.027203 0.057411
0.32376 0.03885
0.051314 0.036862
0.027739 0.058401
0.32726 0.038471
0.03304 0.047513
0.33501 0.034474
0.0507 0.038262
0.028635 0.058146
0.33344 0.039546
0.030236 0.056882
0.29896 0.038186
0.071107 0.040922
0.031489 0.055888
0.033965 0.054945
0.27734 0.040376
0.10125 0.042707
0.3463 0.026741
0.053318 0.041771
0.083609 0.042691
0.048342 0.047232
0.28629 0.038936
0.34689 0.027982
0.24814 0.042387
0.3739 0.022417
0.37106 0.026663
0.34951 0.033684
0.057672 0.042864
0.37361 0.032436
0.25153 0.041895
0.046388 0.049408
0.045539 0.050525
0.39697 0.031385
0.39015 0.033144
0.35028 0.039274
0.36607 0.035897
0.39904 0.036839
0.39821 0.037846
0.38211 0.036455
0.36427 0.037864
0.38287 0.037109
0.42262 0.03612
0.42634 0.021469
0.43842 0.023104
0.45607 0.020649
0.47988 0.02164
0.40751 0.024811
0.46073 0.023201
0.41547 0.029997
0.41581 0.031347
0.45561 0.029099
0.4738 0.022114
0.45305 0.034945
0.45692 0.036833
0.46556 0.030099
0.47034 0.023642
0.44709 0.037959
0.45883 0.039257
0.46392 0.027555
0.46853 0.027574
0.45916 0.039114
0.46866 0.038657
0.47768 0.025714
0.47407 0.031223
0.46849 0.038912
0.47363 0.026282
0.50998 0.02125
0.49757 0.021231
0.56853 0.020312
0.53269 0.022285
0.55211 0.024678
0.48622 0.021575
0.51682 0.028815
0.49635 0.02408
0.49443 0.024798
0.53942 0.029474
0.54349 0.033253
0.49028 0.02484
0.50135 0.028823
0.50451 0.034564
0.53404 0.034256
0.49144 0.027839
0.49833 0.033644
0.49818 0.038293
0.53368 0.039481
0.49709 0.033636
0.48848 0.029552
0.49466 0.038727
0.47593 0.038376
0.48383 0.0278
0.5033 0.03949
0.58608 0.020839
0.58836 0.024589
0.61657 0.026122
0.71327 0.039262
0.59838 0.029912
0.67328 0.036276
0.60053 0.032632
0.55804 0.032304
0.92529 0.042783
0.56674 0.032892
0.56218 0.03563
0.97379 0.044525
0.97384 0.034361
0.5533 0.038386
0.57198 0.035613
0.93716 0.048182
0.64349 0.033029
0.53808 0.038033
0.4758 0.038387
0.65349 0.036207
0.60333 0.033692
0.63296 0.028053
0.96972 0.048406
0.68147 0.035869
0.94154 0.048368
0.96855 0.028114
0.97641 0.029599
0.97184 0.030975
0.97279 0.032221
0.87989 0.045083
0.62618 0.032513
0.64264 0.028178
0.97723 0.030358
0.67337 0.034589
0.97745 0.030426
0.97743 0.030568
0.97735 0.030149
0.63973 0.025483
0.97697 0.029547
0.79035 0.0407
0.95898 0.047786
0.97693 0.029498
0.78194 0.041091
0.97334 0.027689
0.8603 0.039888
0.9725 0.027543
0.97402 0.027838
0.97054 0.027161
0.6684 0.03016
0.96453 0.047683
0.71726 0.037872
0.96461 0.026281
0.96765 0.026738
0.96641 0.026542
0.66685 0.027001
0.94691 0.048719
0.68344 0.031617
0.91919 0.040932
0.96121 0.026154
0.69168 0.035157
0.8772 0.044907
0.74014 0.040169
0.94763 0.028314
0.94632 0.026556
0.94816 0.028301
0.70176 0.039124
0.95419 0.028485
0.69882 0.035236
0.95729 0.029638
0.95628 0.028949
0.95725 0.029601
0.69934 0.035019
0.96067 0.032957
0.7093 0.037985
0.83912 0.03989
0.95997 0.032328
0.96363 0.038288
0.7092 0.036098
0.8101 0.042096
0.70505 0.031462
0.9499 0.04124
0.95905 0.03913
0.95203 0.040612
0.70831 0.029858
0.76043 0.041547
0.70998 0.023737
0.75523 0.040809
0.94295 0.043625
0.94207 0.042801
0.7182 0.026476
0.94014 0.041662
0.72906 0.026004
0.76244 0.041029
0.93884 0.040619
0.93682 0.039042
0.74688 0.035564
0.7688 0.04296
0.73964 0.024234
0.81839 0.04179
0.93281 0.036906
0.93518 0.037347
0.75884 0.033757
0.93463 0.036945
0.76707 0.03697
0.79007 0.037731
0.93477 0.037043
0.93402 0.0364
0.75753 0.02675
0.81763 0.041582
0.76607 0.027171
0.78987 0.035511
0.93029 0.035114
0.78117 0.030943
0.80695 0.039506
0.77375 0.02577
0.80438 0.038034
0.90387 0.042289
0.89518 0.04297
0.78693 0.028299
0.8121 0.037534
0.79393 0.026975
0.83005 0.040264
0.88859 0.043176
0.89248 0.042189
0.80142 0.028987
0.89556 0.042217
0.82159 0.03461
0.82822 0.039275
0.89729 0.042138
0.90449 0.039376
0.82277 0.033097
0.85246 0.032615
0.82929 0.03329
0.84353 0.030947
0.9033 0.037782
0.90132 0.036946
0.82711 0.027899
0.84943 0.030153
0.83475 0.023174
0.86523 0.030483
0.89909 0.034759
0.90112 0.032048
0.8497 0.02395
0.86958 0.029152
0.8593 0.023065
0.90513 0.025758
0.9019 0.029402
0.90255 0.027972
0.87994 0.023196
0.91023 0.024148
0.95984 0.020468
0.95945 0.022864
