348
0.061065 0.020861
0.041464 0.024351
0.11014 0.020618
0.061994 0.025104
0.029325 0.024875
0.062713 0.025132
0.12946 0.021148
0.13676 0.023188
0.15875 0.021894
0.098662 0.028781
0.095358 0.027422
0.099012 0.028992
0.17394 0.02483
0.1627 0.02689
0.17777 0.027862
0.11407 0.028627
0.10593 0.029029
0.11296 0.028522
0.18439 0.031093
0.11716 0.029785
0.189 0.029822
0.16448 0.04082
0.11599 0.030042
0.11009 0.030838
0.18642 0.033868
0.11011 0.031424
0.20669 0.026206
0.17993 0.038683
0.10777 0.031565
0.1148 0.031878
0.21476 0.029539
0.12375 0.033628
0.22287 0.027795
0.17926 0.039648
0.12364 0.033392
0.1206 0.033547
0.22834 0.025716
0.1114 0.032655
0.23801 0.026638
0.21221 0.037433
0.10856 0.033074
0.24606 0.021688
0.091474 0.032294
0.25238 0.026866
0.22308 0.038028
0.090052 0.031176
0.25354 0.031005
0.093306 0.033997
0.26522 0.023944
0.10554 0.034682
0.10309 0.035146
0.269 0.028207
0.22724 0.041185
0.26842 0.030512
0.23821 0.039984
0.12391 0.039899
0.28245 0.030114
0.24795 0.039556
0.28574 0.032506
0.11724 0.035926
0.1215 0.038287
0.11859 0.03633
0.29218 0.032598
0.10731 0.035474
0.30685 0.026615
0.10172 0.036751
0.10728 0.03548
0.10162 0.036786
0.30053 0.031611
0.086298 0.030121
0.30244 0.033946
0.22463 0.042773
0.094184 0.03694
0.077879 0.029589
0.32063 0.026641
0.057614 0.031978
0.32673 0.026229
0.18391 0.040501
0.061654 0.031795
0.046873 0.03249
0.33019 0.026049
0.12418 0.043409
0.32149 0.037694
0.20941 0.041648
0.039468 0.031259
0.030574 0.028689
0.28593 0.041609
0.13927 0.041923
0.33194 0.034682
0.14721 0.041535
0.027048 0.029407
0.025895 0.03291
0.28022 0.040967
0.063292 0.034612
0.34295 0.027955
0.031444 0.038183
0.028427 0.03696
0.031527 0.038274
0.30614 0.04107
0.047036 0.034635
0.19522 0.040374
0.061739 0.038543
0.031757 0.038476
0.033113 0.039525
0.34147 0.035796
0.033995 0.040496
0.33976 0.03895
0.072967 0.032882
0.035105 0.04113
0.34252 0.038953
0.044157 0.035986
0.34821 0.034892
0.072388 0.033847
0.036824 0.0411
0.34792 0.039438
0.0398 0.040679
0.31514 0.03966
0.094351 0.040069
0.04211 0.040388
0.046733 0.040381
0.29705 0.042072
0.12371 0.04364
0.35806 0.026402
0.077224 0.037277
0.10604 0.041688
0.070835 0.039143
0.30401 0.041386
0.35884 0.02757
0.2673 0.040999
0.38476 0.022932
0.38271 0.028076
0.36247 0.033099
0.082924 0.03934
0.38508 0.035134
0.27107 0.04079
0.068117 0.039819
0.067032 0.040251
0.40453 0.032892
0.39865 0.035157
0.36458 0.03833
0.38059 0.039133
0.40823 0.039368
0.40773 0.040023
0.39152 0.040395
0.37965 0.041179
0.39245 0.040699
0.42872 0.0406
0.42885 0.021865
0.43792 0.024117
0.45113 0.020747
0.47441 0.021843
0.4132 0.025682
0.45588 0.023431
0.42028 0.031974
0.42107 0.03366
0.45069 0.030537
0.46898 0.022269
0.44777 0.037978
0.45021 0.039358
0.46073 0.030165
0.4655 0.023789
0.44387 0.042455
0.45201 0.040973
0.45908 0.027734
0.46369 0.027739
0.4525 0.040777
0.46478 0.039119
0.47257 0.02632
0.46972 0.032091
0.46459 0.039343
0.4688 0.026731
0.50133 0.021387
0.48935 0.021362
0.5542 0.020301
0.51951 0.022759
0.53734 0.024794
0.47972 0.02186
0.50721 0.030503
0.48831 0.024557
0.48669 0.02544
0.52538 0.030683
0.52943 0.034288
0.48318 0.025651
0.49286 0.029544
0.49754 0.035912
0.52133 0.036948
0.48416 0.029085
0.49112 0.035033
0.49226 0.040157
0.52188 0.042813
0.48996 0.035152
0.48179 0.031268
0.48907 0.040856
0.47355 0.040239
0.4777 0.029033
0.49799 0.041233
0.57196 0.020903
0.57403 0.02506
0.59607 0.029125
0.67613 0.03946
0.58252 0.032237
0.63782 0.038846
0.58413 0.035962
0.54322 0.032176
0.89564 0.041251
0.55231 0.032424
0.54749 0.035132
0.96931 0.034917
0.96986 0.028705
0.53861 0.038708
0.55778 0.035106
0.90944 0.039873
0.61133 0.036986
0.52521 0.040531
0.47342 0.040229
0.61762 0.039981
0.58617 0.037751
0.60669 0.031384
0.96195 0.037814
0.6445 0.038475
0.91701 0.037909
0.9611 0.02509
0.97408 0.025818
0.96655 0.026749
0.96812 0.027453
0.84743 0.040068
0.60016 0.039017
0.61395 0.030241
0.97543 0.026278
0.6386 0.037164
0.9758 0.026319
0.97576 0.026406
0.97563 0.026152
0.61194 0.026987
0.975 0.025787
0.75933 0.0392
0.9458 0.03799
0.97493 0.025757
0.74874 0.038511
0.96901 0.024669
0.81945 0.039335
0.96763 0.024613
0.97014 0.024751
0.96439 0.024445
0.63516 0.032007
0.95394 0.037779
0.68 0.039657
0.95503 0.024016
0.95962 0.024246
0.95769 0.024148
0.63441 0.028194
0.92633 0.037252
0.64756 0.034325
0.89078 0.040692
0.94993 0.023999
0.65343 0.038379
0.84331 0.039154
0.70068 0.040271
0.92826 0.025067
0.92612 0.023999
0.92912 0.025065
0.66148 0.038963
0.93892 0.025334
0.65963 0.036252
0.94379 0.026178
0.9422 0.025698
0.94372 0.026153
0.66018 0.035931
0.94916 0.028435
0.67251 0.037922
0.80301 0.040873
0.94807 0.028027
0.95338 0.031758
0.67247 0.036008
0.77861 0.041788
0.66806 0.031433
0.9317 0.033057
0.94638 0.032414
0.93522 0.032804
0.67193 0.029753
0.71745 0.03806
0.67345 0.023706
0.71192 0.039326
0.91975 0.03476
0.91831 0.034442
0.68098 0.027122
0.91517 0.034285
0.69078 0.026032
0.72062 0.037586
0.9131 0.034078
0.91005 0.033745
0.70677 0.036629
0.73155 0.038638
0.70208 0.024352
0.78583 0.042535
0.90466 0.033489
0.90778 0.033069
0.71921 0.031796
0.90706 0.032936
0.73058 0.034023
0.75836 0.036707
0.90725 0.032965
0.90631 0.032695
0.71897 0.025843
0.78514 0.042372
0.73059 0.025922
0.75767 0.034563
0.90197 0.032883
0.74732 0.029709
0.77584 0.039581
0.73885 0.025201
0.77302 0.038163
0.87635 0.040561
0.8657 0.040354
0.75328 0.027486
0.78002 0.037716
0.76155 0.026468
0.79509 0.041581
0.85757 0.039803
0.86237 0.039691
0.76908 0.028737
0.86621 0.039978
0.7889 0.035536
0.79376 0.040654
0.86842 0.039994
0.8769 0.03847
0.79004 0.033852
0.81639 0.033654
0.7955 0.034186
0.80875 0.031619
0.87553 0.036792
0.87335 0.035824
0.79402 0.028331
0.81422 0.03145
0.80147 0.023421
0.8301 0.029585
0.87079 0.033621
0.87307 0.031226
0.81522 0.024424
0.83595 0.027672
0.82393 0.022972
0.87709 0.025499
0.87388 0.028792
0.87454 0.027482
0.84851 0.022652
0.88229 0.024194
0.94781 0.020305
0.94718 0.021861
