348
0.061412 0.020852
0.04227 0.024392
0.11478 0.020587
0.062371 0.025038
0.029805 0.024645
0.063115 0.025055
0.13685 0.020997
0.14489 0.022864
0.16931 0.021952
0.10288 0.027741
0.098241 0.026426
0.10329 0.02794
0.18323 0.025165
0.17303 0.027441
0.18709 0.028126
0.11915 0.027819
0.1104 0.028337
0.11776 0.027811
0.19313 0.030817
0.12233 0.028612
0.19842 0.029439
0.17457 0.041025
0.12114 0.028937
0.11474 0.030295
0.19502 0.033394
0.11485 0.030853
0.21689 0.026413
0.18769 0.039148
0.11247 0.031071
0.11993 0.030707
0.22434 0.030201
0.12995 0.032111
0.23175 0.027806
0.18692 0.039661
0.12983 0.031912
0.12611 0.031561
0.23816 0.025307
0.11633 0.031819
0.24813 0.027172
0.22129 0.039118
0.11345 0.032667
0.2548 0.021852
0.093328 0.030519
0.26059 0.026818
0.23286 0.037957
0.091906 0.029511
0.26207 0.030846
0.09514 0.03201
0.27441 0.023863
0.11037 0.033518
0.10772 0.033583
0.27839 0.027904
0.23981 0.039689
0.278 0.030192
0.25066 0.04032
0.12982 0.037885
0.29355 0.028655
0.25652 0.04044
0.29806 0.031299
0.1223 0.034139
0.12701 0.035788
0.12358 0.034295
0.30494 0.032368
0.11241 0.034898
0.31902 0.02626
0.10631 0.034965
0.11238 0.034893
0.1062 0.034992
0.31236 0.031846
0.087805 0.029172
0.31425 0.034202
0.23585 0.04041
0.095639 0.034588
0.078552 0.029031
0.33334 0.026624
0.05732 0.032121
0.3384 0.026285
0.19133 0.039288
0.061395 0.031751
0.046724 0.032719
0.34159 0.026146
0.12999 0.03977
0.33127 0.038043
0.21741 0.04081
0.040107 0.031265
0.031118 0.028329
0.29953 0.039073
0.14568 0.039131
0.34116 0.0349
0.15399 0.038611
0.027411 0.028947
0.025995 0.032278
0.29272 0.037881
0.062164 0.034625
0.35582 0.028508
0.030083 0.037574
0.027729 0.036141
0.03013 0.037671
0.31803 0.040395
0.045934 0.034951
0.20403 0.038986
0.059173 0.039018
0.030269 0.037891
0.031091 0.039055
0.35409 0.035738
0.031502 0.04009
0.35068 0.036048
0.07299 0.032384
0.032175 0.040692
0.35566 0.037792
0.042318 0.036404
0.36276 0.0384
0.072098 0.033355
0.033489 0.040783
0.36303 0.040629
0.035661 0.040696
0.32506 0.039849
0.095251 0.037175
0.037948 0.040583
0.042868 0.040623
0.30926 0.040672
0.12942 0.039817
0.36701 0.028091
0.076149 0.036617
0.11164 0.039508
0.068849 0.038042
0.31574 0.040911
0.3673 0.029441
0.27855 0.039483
0.37337 0.022933
0.37282 0.02778
0.36871 0.035935
0.081666 0.037698
0.37432 0.035508
0.2838 0.03904
0.065707 0.038854
0.064447 0.039045
0.38913 0.032367
0.38393 0.035826
0.36974 0.041112
0.37368 0.038273
0.39478 0.038398
0.39448 0.038608
0.3791 0.040735
0.37372 0.039418
0.37981 0.040764
0.41371 0.036599
0.41443 0.021588
0.42496 0.02365
0.43997 0.020669
0.46389 0.021861
0.39683 0.025409
0.44545 0.023121
0.40405 0.030967
0.4049 0.032519
0.44019 0.029412
0.45876 0.022321
0.43852 0.036209
0.44283 0.037217
0.45134 0.029951
0.45531 0.023898
0.43436 0.038438
0.4461 0.038213
0.44881 0.027314
0.45353 0.027802
0.44667 0.038122
0.45904 0.039515
0.46219 0.02641
0.46088 0.032434
0.45887 0.039611
0.45859 0.026891
0.49268 0.02125
0.47892 0.021247
0.55172 0.020289
0.51263 0.022408
0.53344 0.024281
0.46916 0.021825
0.49846 0.029603
0.47766 0.024203
0.47595 0.025072
0.51934 0.029291
0.52425 0.032439
0.47254 0.025476
0.48313 0.02862
0.48851 0.034419
0.51282 0.034826
0.47354 0.028688
0.48115 0.033666
0.48268 0.037789
0.51213 0.038022
0.48005 0.033818
0.47142 0.030953
0.47976 0.038507
0.46552 0.040016
0.46732 0.029067
0.48875 0.037862
0.56895 0.020948
0.57084 0.0252
0.59785 0.026295
0.69015 0.037953
0.57676 0.030974
0.65054 0.036708
0.57652 0.033904
0.54005 0.031258
0.90074 0.037546
0.55072 0.031951
0.54574 0.034187
0.96968 0.035837
0.97016 0.029196
0.5359 0.036082
0.55696 0.035011
0.91663 0.038702
0.62117 0.032874
0.51756 0.037305
0.46544 0.040011
0.63043 0.035635
0.57788 0.0341
0.61267 0.028387
0.96384 0.038537
0.65787 0.035641
0.9235 0.037854
0.96224 0.025233
0.97432 0.026062
0.96709 0.027009
0.9686 0.027794
0.86021 0.035803
0.60135 0.032549
0.62337 0.027752
0.97561 0.026541
0.65129 0.035434
0.97597 0.026584
0.97593 0.026674
0.9758 0.026409
0.6204 0.025254
0.97521 0.026029
0.77479 0.037636
0.94862 0.039189
0.97514 0.025998
0.76561 0.039323
0.96945 0.024918
0.83955 0.03957
0.96813 0.024804
0.97054 0.02502
0.96515 0.024597
0.64728 0.031008
0.95564 0.038793
0.69456 0.038018
0.95572 0.024169
0.96082 0.024351
0.95879 0.024278
0.64619 0.027499
0.93415 0.038761
0.66149 0.032131
0.89388 0.037189
0.95081 0.024199
0.66853 0.035766
0.85683 0.036961
0.71408 0.038457
0.93239 0.02546
0.93038 0.024237
0.93317 0.025499
0.67667 0.037391
0.94126 0.026324
0.67528 0.034683
0.94545 0.027189
0.94407 0.026724
0.9454 0.027166
0.67583 0.034466
0.95009 0.028939
0.68685 0.036879
0.82237 0.039953
0.94918 0.02864
0.95397 0.032269
0.6874 0.035072
0.79602 0.036577
0.68435 0.030697
0.93664 0.034969
0.94792 0.033678
0.93891 0.035292
0.68862 0.029179
0.73237 0.038549
0.69023 0.023486
0.72575 0.038323
0.9251 0.034758
0.92334 0.034338
0.69852 0.026562
0.92053 0.034108
0.70914 0.025841
0.7367 0.03831
0.91831 0.033785
0.91474 0.033241
0.72099 0.03715
0.75292 0.040079
0.72032 0.024356
0.80569 0.0386
0.90871 0.031832
0.91199 0.032257
0.73639 0.032525
0.91114 0.031946
0.75022 0.036344
0.77358 0.036395
0.91136 0.032024
0.91024 0.031501
0.73653 0.026205
0.80492 0.038099
0.74783 0.026756
0.77249 0.034461
0.90543 0.030973
0.76222 0.030942
0.79149 0.035688
0.75453 0.026145
0.7881 0.034949
0.87811 0.037212
0.86651 0.037517
0.76705 0.027673
0.79822 0.033507
0.77536 0.026212
0.8143 0.039713
0.86401 0.036321
0.86488 0.037431
0.78377 0.027593
0.8668 0.037384
0.80959 0.033777
0.81336 0.039097
0.86831 0.037135
0.87749 0.036739
0.8109 0.032247
0.83654 0.03544
0.81587 0.03292
0.83067 0.031377
0.87417 0.03477
0.87118 0.033561
0.8144 0.027385
0.83488 0.032379
0.82247 0.023165
0.84972 0.030613
0.86896 0.03141
0.87017 0.029223
0.83643 0.02483
0.85526 0.02794
0.84448 0.023279
0.87344 0.024592
0.87032 0.027196
0.87072 0.026146
0.86252 0.022088
0.88082 0.02343
0.94895 0.020329
0.9484 0.02203
