348
0.077462 0.020711
0.053382 0.023216
0.13274 0.020603
0.078693 0.024207
0.035212 0.023037
0.079646 0.024218
0.15425 0.020908
0.16459 0.022217
0.19012 0.022013
0.12133 0.028192
0.1172 0.026714
0.12172 0.028417
0.20486 0.024671
0.19403 0.027509
0.20925 0.02718
0.13696 0.028092
0.12862 0.028705
0.13545 0.028068
0.21587 0.029572
0.14028 0.02894
0.22204 0.028795
0.1968 0.039633
0.13905 0.029284
0.13271 0.0306
0.21719 0.032105
0.13266 0.031198
0.24257 0.025614
0.20985 0.037717
0.13043 0.031405
0.13757 0.03113
0.25086 0.029041
0.14739 0.032622
0.2591 0.027274
0.20904 0.037966
0.1473 0.032406
0.14369 0.031827
0.26506 0.024746
0.13362 0.032266
0.27767 0.025538
0.24505 0.036543
0.13087 0.033132
0.28641 0.021519
0.11318 0.030852
0.29362 0.026122
0.25924 0.037104
0.1116 0.02967
0.29556 0.030171
0.11454 0.032588
0.30662 0.024046
0.12765 0.034207
0.12488 0.034727
0.31047 0.028506
0.26629 0.037838
0.3104 0.031015
0.2821 0.036207
0.14662 0.039201
0.32523 0.028558
0.29101 0.037096
0.3301 0.030766
0.1392 0.034822
0.14393 0.036412
0.14049 0.034851
0.33801 0.031342
0.1293 0.03554
0.35349 0.025382
0.12309 0.036212
0.12927 0.035532
0.12298 0.036231
0.34599 0.030152
0.10716 0.029072
0.34818 0.032328
0.26195 0.038646
0.11447 0.035481
0.097391 0.028268
0.36955 0.026822
0.071659 0.030006
0.3741 0.02728
0.21321 0.037642
0.077566 0.029819
0.058548 0.030031
0.37662 0.027212
0.14678 0.039912
0.36668 0.038402
0.24 0.03808
0.05038 0.028034
0.037251 0.025507
0.33382 0.03842
0.16848 0.034074
0.37457 0.038034
0.18034 0.039066
0.031498 0.025773
0.0294 0.027914
0.32803 0.038103
0.078897 0.032231
0.38819 0.029077
0.034913 0.031612
0.031677 0.030434
0.034963 0.031684
0.35269 0.037904
0.05671 0.031678
0.22471 0.038025
0.074215 0.035883
0.035123 0.031851
0.03606 0.032747
0.38366 0.037923
0.036424 0.033514
0.38019 0.039663
0.092128 0.031332
0.0372 0.033946
0.38436 0.039479
0.051313 0.032129
0.39397 0.036938
0.091359 0.032209
0.038909 0.034166
0.39379 0.038119
0.041558 0.03442
0.36113 0.038099
0.11375 0.038254
0.044427 0.034655
0.050256 0.035171
0.34379 0.038089
0.14614 0.039873
0.40128 0.027145
0.097773 0.035605
0.12749 0.040044
0.08864 0.036307
0.34989 0.038108
0.40166 0.02834
0.31199 0.039927
0.40788 0.022633
0.40732 0.026923
0.40376 0.034169
0.10262 0.036543
0.40956 0.034592
0.31812 0.039771
0.084582 0.035728
0.082848 0.035657
0.42423 0.033067
0.42007 0.036197
0.40522 0.038823
0.40908 0.037099
0.42878 0.040488
0.4285 0.040532
0.41554 0.03986
0.40925 0.038294
0.41638 0.039895
0.44301 0.040034
0.44776 0.021833
0.45596 0.024401
0.46923 0.020752
0.49367 0.021761
0.43154 0.025894
0.47427 0.023224
0.43759 0.031807
0.43763 0.033959
0.46927 0.030581
0.48798 0.022229
0.46527 0.038233
0.46952 0.039002
0.48002 0.029704
0.48454 0.023716
0.46035 0.039283
0.4739 0.038959
0.47751 0.027353
0.48266 0.02745
0.47465 0.038893
0.49047 0.038758
0.49176 0.026036
0.49072 0.031748
0.49033 0.038764
0.48782 0.026626
0.52346 0.021289
0.51033 0.021181
0.57884 0.020344
0.54263 0.022507
0.56443 0.024857
0.49896 0.021638
0.52989 0.029941
0.50889 0.023913
0.50693 0.024659
0.54955 0.028943
0.5563 0.032719
0.50299 0.025004
0.51468 0.02841
0.52167 0.035188
0.54531 0.035283
0.5041 0.02801
0.51475 0.033399
0.51801 0.037589
0.54595 0.037882
0.51364 0.033502
0.50214 0.0299
0.51529 0.03755
0.49805 0.038682
0.49684 0.02831
0.52263 0.037921
0.59318 0.021135
0.59464 0.02623
0.61638 0.027917
0.70168 0.037611
0.60094 0.033721
0.6587 0.037759
0.60313 0.037575
0.56997 0.033561
0.90341 0.039024
0.57915 0.034543
0.57531 0.038207
0.97142 0.0371
0.97084 0.029902
0.5689 0.039113
0.58385 0.039297
0.92045 0.038916
0.63535 0.034826
0.55136 0.03678
0.49799 0.038689
0.64461 0.039834
0.60666 0.037221
0.62855 0.030239
0.96761 0.040114
0.66784 0.036685
0.92806 0.038566
0.96347 0.025665
0.97471 0.026511
0.96798 0.027552
0.96938 0.028385
0.87134 0.037535
0.62396 0.037169
0.63724 0.028723
0.97591 0.027025
0.65993 0.036948
0.97625 0.027071
0.97621 0.027168
0.97609 0.026884
0.63424 0.025824
0.97553 0.026476
0.78844 0.039385
0.95453 0.03987
0.97547 0.026442
0.78006 0.039711
0.97018 0.025296
0.85358 0.040853
0.96895 0.025171
0.97119 0.025394
0.96617 0.024963
0.65706 0.032082
0.9612 0.040168
0.70761 0.038637
0.95748 0.024543
0.96218 0.024717
0.96032 0.024648
0.65686 0.028275
0.94077 0.039455
0.67128 0.033089
0.8988 0.038936
0.95298 0.024593
0.67724 0.037308
0.8688 0.038597
0.72877 0.037881
0.93592 0.025678
0.93393 0.024373
0.93669 0.025736
0.68423 0.037348
0.94425 0.026791
0.68316 0.034817
0.94809 0.027842
0.94682 0.027297
0.94804 0.027816
0.684 0.034561
0.95228 0.02972
0.69698 0.036314
0.83759 0.040433
0.95148 0.029388
0.95708 0.033499
0.69784 0.034594
0.80661 0.037977
0.69417 0.030057
0.94188 0.036084
0.95207 0.035037
0.94415 0.036537
0.6989 0.028799
0.74881 0.03663
0.70066 0.023323
0.74165 0.03654
0.92939 0.035255
0.92737 0.034874
0.70913 0.027013
0.92426 0.034639
0.7183 0.026285
0.75368 0.036628
0.92207 0.034286
0.91785 0.033667
0.73465 0.035885
0.76946 0.039002
0.72956 0.024102
0.81816 0.039376
0.91208 0.032169
0.91529 0.032632
0.74929 0.032012
0.91448 0.032307
0.76516 0.034756
0.78741 0.038195
0.9147 0.03239
0.91366 0.031798
0.74674 0.025944
0.81658 0.038868
0.75938 0.025595
0.78629 0.035854
0.909 0.031505
0.77615 0.030695
0.80249 0.038281
0.7681 0.025312
0.79944 0.037642
0.88765 0.038603
0.87874 0.039032
0.78089 0.02781
0.80915 0.034371
0.78856 0.026827
0.82837 0.04008
0.87543 0.038642
0.87684 0.039139
0.79604 0.028584
0.879 0.038992
0.8218 0.034647
0.82715 0.03986
0.8804 0.038863
0.88708 0.038304
0.82246 0.032811
0.84878 0.037566
0.82736 0.033105
0.84183 0.031633
0.88397 0.036375
0.88077 0.035173
0.82485 0.027302
0.84608 0.033494
0.8328 0.023127
0.85864 0.031677
0.87729 0.032827
0.87733 0.030312
0.84662 0.02526
0.86395 0.02869
0.85382 0.023548
0.88021 0.025077
0.87717 0.02804
0.87753 0.026855
0.87028 0.022273
0.8868 0.023716
0.95128 0.020358
0.95079 0.022212
