348
0.025841 0.025493
0.024573 0.050996
0.033837 0.023351
0.02863 0.05096
0.022029 0.050996
0.028793 0.050936
0.037148 0.026139
0.040679 0.034815
0.044463 0.025063
0.043098 0.048807
0.038478 0.049341
0.044059 0.048706
0.054167 0.024786
0.051637 0.033791
0.06005 0.026058
0.059086 0.047465
0.053982 0.04772
0.05836 0.047495
0.072096 0.028348
0.069387 0.048377
0.077486 0.02837
0.079198 0.039585
0.071115 0.048804
0.077277 0.050799
0.084741 0.031632
0.083704 0.052864
0.092231 0.026839
0.093722 0.036113
0.080654 0.052097
0.086597 0.053444
0.10294 0.029954
0.093175 0.055152
0.1081 0.028831
0.10562 0.042301
0.091816 0.054477
0.094786 0.056609
0.11223 0.026881
0.096092 0.059062
0.12061 0.02897
0.11563 0.040493
0.096812 0.060088
0.12574 0.022165
0.096001 0.065101
0.13091 0.028959
0.12404 0.041886
0.095993 0.065918
0.13648 0.034369
0.098201 0.067059
0.14088 0.026194
0.10303 0.066831
0.10254 0.066859
0.14666 0.034162
0.13593 0.049309
0.14905 0.038231
0.1419 0.049802
0.10998 0.066405
0.15354 0.034684
0.1468 0.051394
0.15715 0.037702
0.10717 0.070652
0.10901 0.069046
0.10756 0.070288
0.16135 0.038012
0.10548 0.072721
0.16715 0.030351
0.10456 0.073824
0.10547 0.072727
0.10454 0.073847
0.16621 0.039648
0.097055 0.075891
0.16805 0.044192
0.15095 0.062995
0.10118 0.075239
0.093433 0.076092
0.17645 0.029499
0.07504 0.074064
0.18058 0.028949
0.14851 0.067012
0.078784 0.074668
0.060956 0.070976
0.18321 0.029126
0.1313 0.075317
0.17713 0.046784
0.15273 0.068908
0.053631 0.068989
0.041349 0.066729
0.16693 0.060311
0.13717 0.076271
0.18447 0.041582
0.13897 0.076706
0.034021 0.067464
0.030383 0.069401
0.16643 0.064525
0.080586 0.077943
0.19141 0.032584
0.026209 0.075156
0.027599 0.072467
0.026121 0.07537
0.17337 0.062434
0.052478 0.071941
0.1536 0.076619
0.073309 0.078284
0.025931 0.075907
0.025297 0.079017
0.19092 0.044826
0.02501 0.082444
0.18676 0.055831
0.091034 0.082918
0.025004 0.087436
0.18862 0.054565
0.039757 0.072877
0.19518 0.042758
0.090397 0.083735
0.025399 0.090062
0.18997 0.058543
0.026117 0.090981
0.17664 0.067788
0.10412 0.085826
0.026613 0.090906
0.027771 0.088991
0.17315 0.070398
0.13084 0.083619
0.20218 0.031081
0.076351 0.083353
0.11289 0.086194
0.047591 0.079592
0.17524 0.075667
0.20334 0.033447
0.1674 0.075891
0.2145 0.024566
0.21387 0.033333
0.20892 0.04537
0.072447 0.083946
0.21759 0.0422
0.16831 0.077345
0.046334 0.079285
0.045332 0.079379
0.22971 0.033348
0.22648 0.038405
0.21167 0.06014
0.21572 0.058065
0.23301 0.037738
0.23495 0.038304
0.2297 0.043966
0.24752 0.042158
0.25796 0.042862
0.26235 0.042087
0.26261 0.021244
0.28156 0.02137
0.35346 0.020142
0.48097 0.021096
0.24006 0.023759
0.39186 0.02081
0.25395 0.027686
0.25431 0.028947
0.34031 0.02178
0.46994 0.022203
0.28693 0.026302
0.30826 0.024456
0.36508 0.022477
0.46525 0.022923
0.27985 0.030094
0.33464 0.025315
0.40766 0.02311
0.4463 0.023907
0.34025 0.025471
0.27997 0.035296
0.47599 0.025378
0.41201 0.025542
0.33066 0.027431
0.46886 0.025994
0.63294 0.020259
0.58764 0.020607
0.77813 0.020458
0.73156 0.021268
0.7598 0.023555
0.521 0.021355
0.6894 0.02179
0.58462 0.022076
0.57735 0.022561
0.73652 0.025872
0.73854 0.028133
0.55511 0.022832
0.5992 0.023839
0.69871 0.023389
0.73668 0.030864
0.56567 0.024068
0.61202 0.024716
0.72277 0.028808
0.71347 0.028013
0.60327 0.025749
0.54533 0.025054
0.66356 0.025033
0.71753 0.031599
0.51781 0.025813
0.67769 0.026487
0.787 0.021634
0.7884 0.029124
0.7976 0.041984
0.82288 0.074359
0.78982 0.042385
0.81117 0.066201
0.78098 0.046718
0.76071 0.02977
0.89055 0.083071
0.7655 0.03296
0.75647 0.033584
0.96136 0.075022
0.96753 0.071297
0.74686 0.034006
0.75077 0.038217
0.89426 0.084371
0.80374 0.070919
0.74145 0.040495
0.72927 0.037687
0.77231 0.056786
0.75599 0.043751
0.80134 0.048627
0.95307 0.077623
0.81373 0.063151
0.89973 0.083364
0.97293 0.065608
0.97658 0.067775
0.97044 0.068767
0.96952 0.069786
0.86733 0.079378
0.79925 0.068535
0.80366 0.048813
0.97694 0.068476
0.81154 0.058688
0.97716 0.068534
0.97706 0.068658
0.97719 0.068294
0.80446 0.037861
0.97715 0.067723
0.84364 0.075446
0.93346 0.080346
0.97714 0.067673
0.84297 0.074308
0.97616 0.065277
0.85888 0.075272
0.97593 0.064946
0.97635 0.065586
0.97547 0.064224
0.81139 0.048485
0.93932 0.07763
0.82617 0.06349
0.97398 0.062604
0.97478 0.063336
0.97446 0.062992
0.81216 0.039628
0.90783 0.080623
0.81656 0.050172
0.89077 0.077251
0.97314 0.062063
0.81937 0.052165
0.86678 0.07204
0.8304 0.061351
0.96044 0.064837
0.96859 0.06173
0.96015 0.064978
0.826 0.05365
0.95784 0.066173
0.82475 0.047076
0.95476 0.067225
0.95625 0.066775
0.95484 0.067204
0.82523 0.046288
0.94939 0.068697
0.83012 0.050062
0.8571 0.066643
0.95031 0.068446
0.93762 0.071327
0.83081 0.046045
0.85156 0.063722
0.83013 0.037336
0.9189 0.074214
0.92715 0.073377
0.92082 0.074119
0.83207 0.034847
0.84525 0.055987
0.83417 0.025658
0.84573 0.053218
0.91081 0.073355
0.91072 0.072672
0.83871 0.031965
0.90958 0.07197
0.84358 0.031577
0.85189 0.049643
0.90888 0.071558
0.90786 0.070862
0.8497 0.039807
0.85624 0.048972
0.85047 0.025878
0.86403 0.054105
0.9049 0.069656
0.90793 0.069309
0.85844 0.038413
0.90781 0.068908
0.86319 0.038739
0.86704 0.046337
0.90783 0.069021
0.9081 0.068194
0.86514 0.028761
0.87406 0.048715
0.87198 0.027523
0.87359 0.041681
0.90637 0.06708
0.87938 0.033527
0.88324 0.042409
0.88117 0.025567
0.88801 0.038538
0.89812 0.060715
0.89846 0.058629
0.88773 0.029924
0.89188 0.039107
0.89675 0.027507
0.90013 0.040609
0.90038 0.055588
0.90555 0.053771
0.90317 0.028193
0.90766 0.053667
0.91077 0.032923
0.91003 0.03625
0.90839 0.053654
0.91477 0.053131
0.9177 0.03092
0.91985 0.039496
0.92508 0.031437
0.9263 0.035578
0.92229 0.050688
0.92963 0.048638
0.93417 0.026895
0.93038 0.035248
0.94254 0.02411
0.94406 0.035697
0.93984 0.047018
0.94686 0.046736
0.951 0.027739
0.94887 0.035905
0.95583 0.026187
0.96595 0.046542
0.95766 0.046251
0.96165 0.046302
0.96482 0.02929
0.96853 0.046727
0.97799 0.024775
0.9768 0.047281
