348
0.076817 0.020635
0.05109 0.023229
0.14189 0.020526
0.078081 0.023753
0.03372 0.023308
0.07906 0.023762
0.167 0.020907
0.1755 0.022697
0.20157 0.021758
0.12871 0.027027
0.12363 0.0257
0.12918 0.027222
0.21709 0.024674
0.20562 0.026717
0.22123 0.027403
0.14667 0.026962
0.13713 0.027524
0.14507 0.026973
0.22784 0.030421
0.15034 0.027614
0.23321 0.029303
0.20842 0.038839
0.14896 0.027923
0.14194 0.02924
0.23002 0.033024
0.1421 0.029741
0.25202 0.025855
0.22305 0.037746
0.13956 0.029972
0.14771 0.029518
0.26052 0.029227
0.15958 0.030718
0.26837 0.027398
0.22233 0.037915
0.1594 0.030532
0.155 0.030093
0.27476 0.024955
0.14377 0.030585
0.28594 0.026557
0.25687 0.037041
0.14078 0.031402
0.29309 0.021778
0.11886 0.029154
0.2991 0.026692
0.26964 0.037192
0.11701 0.028192
0.30077 0.030804
0.1211 0.030587
0.31233 0.023886
0.13749 0.032223
0.13456 0.032412
0.31634 0.02806
0.27604 0.038527
0.31603 0.030406
0.28875 0.039006
0.16056 0.035928
0.33218 0.028811
0.29586 0.039548
0.33634 0.031454
0.15097 0.032499
0.1568 0.033744
0.1525 0.032588
0.34278 0.032711
0.13987 0.033443
0.35772 0.026097
0.13312 0.033786
0.13983 0.03344
0.133 0.033816
0.35016 0.031447
0.11186 0.02762
0.35202 0.033799
0.27242 0.039411
0.12199 0.032957
0.09992 0.026801
0.37188 0.02708
0.07117 0.029056
0.37626 0.026986
0.2267 0.038446
0.07679 0.028769
0.056846 0.029496
0.37887 0.027012
0.16113 0.037515
0.36939 0.039666
0.25209 0.038667
0.048314 0.028242
0.035559 0.025952
0.33799 0.039748
0.17755 0.038201
0.37721 0.037246
0.18538 0.037827
0.03037 0.026393
0.028482 0.028774
0.33314 0.03851
0.077903 0.030917
0.39111 0.028983
0.03427 0.032585
0.030977 0.031542
0.034335 0.032657
0.35638 0.039763
0.055679 0.031152
0.23829 0.039243
0.07399 0.034245
0.034527 0.032823
0.035655 0.033713
0.38843 0.037004
0.036211 0.034497
0.38515 0.038325
0.092294 0.029298
0.037127 0.034971
0.38942 0.038917
0.050882 0.032199
0.39771 0.038336
0.091144 0.03003
0.03892 0.03511
0.39786 0.040242
0.041754 0.035187
0.36352 0.03996
0.12203 0.035318
0.044987 0.035216
0.051269 0.035467
0.34641 0.039824
0.16046 0.037475
0.40301 0.027757
0.097816 0.032468
0.13948 0.037552
0.087049 0.03355
0.35336 0.040238
0.40333 0.029054
0.31782 0.039635
0.40926 0.02286
0.40873 0.027563
0.40501 0.035333
0.10532 0.033342
0.41067 0.035405
0.32365 0.038423
0.082858 0.033955
0.08117 0.034014
0.42517 0.032159
0.42041 0.035721
0.40625 0.040281
0.41013 0.038132
0.43135 0.037453
0.43097 0.037582
0.41621 0.040079
0.41025 0.039327
0.41686 0.040007
0.4501 0.039718
0.45139 0.021865
0.4594 0.024347
0.47332 0.020668
0.4999 0.021743
0.43351 0.025014
0.47875 0.022964
0.44172 0.030628
0.44251 0.032528
0.47354 0.029377
0.49358 0.022129
0.47019 0.036483
0.47409 0.036698
0.48578 0.028932
0.48998 0.023416
0.4654 0.038994
0.47817 0.037489
0.48283 0.026819
0.48808 0.026822
0.47901 0.037376
0.49399 0.038287
0.4978 0.025969
0.49615 0.031586
0.49382 0.038314
0.49341 0.026314
0.52723 0.021394
0.51553 0.021307
0.57798 0.020352
0.54534 0.022812
0.56416 0.02527
0.505 0.021673
0.53341 0.030712
0.51421 0.024353
0.51238 0.025155
0.55118 0.030314
0.55628 0.034272
0.50855 0.025347
0.5193 0.02929
0.52458 0.036192
0.54776 0.037059
0.50966 0.02866
0.51817 0.034614
0.52007 0.039142
0.54821 0.04026
0.51716 0.034681
0.50744 0.030461
0.5175 0.03953
0.50194 0.038992
0.50309 0.028316
0.52528 0.039809
0.59223 0.021148
0.59363 0.026288
0.61361 0.029537
0.68893 0.038946
0.59885 0.034431
0.65087 0.039587
0.59975 0.038637
0.56857 0.034207
0.90303 0.039378
0.57741 0.03481
0.5728 0.03879
0.96954 0.035856
0.97015 0.029199
0.56609 0.040191
0.58195 0.039366
0.91681 0.039636
0.62863 0.03661
0.55186 0.039071
0.50189 0.039002
0.6358 0.040072
0.60137 0.038888
0.62296 0.031914
0.96377 0.038784
0.65905 0.036642
0.92438 0.037571
0.96224 0.025278
0.97432 0.026061
0.96709 0.027008
0.9686 0.027771
0.86479 0.036396
0.61623 0.039042
0.63127 0.029593
0.97561 0.02654
0.65207 0.037898
0.97597 0.026583
0.97593 0.026673
0.9758 0.026408
0.6288 0.026786
0.9752 0.026028
0.78253 0.039637
0.94931 0.038966
0.97514 0.025997
0.77227 0.03806
0.96945 0.02491
0.84878 0.040096
0.96813 0.024793
0.97054 0.02502
0.96514 0.024612
0.65007 0.033132
0.9554 0.038995
0.6937 0.038565
0.95568 0.024255
0.96083 0.0244
0.9587 0.024341
0.65005 0.029018
0.93723 0.038672
0.66365 0.032781
0.89681 0.037921
0.95099 0.024324
0.6699 0.03764
0.86202 0.037778
0.71784 0.035718
0.93335 0.025384
0.9312 0.02413
0.93418 0.025447
0.67665 0.039501
0.94188 0.026544
0.67597 0.036545
0.94588 0.027613
0.94456 0.027066
0.94583 0.027586
0.67652 0.036288
0.95026 0.029212
0.68563 0.03888
0.83108 0.039748
0.94943 0.028968
0.95395 0.032593
0.68665 0.036652
0.79909 0.038091
0.6844 0.031816
0.93877 0.03534
0.94843 0.034394
0.94059 0.035839
0.68894 0.029779
0.73951 0.037205
0.69051 0.023584
0.73321 0.036364
0.92599 0.034287
0.92389 0.034227
0.69863 0.026473
0.92061 0.034515
0.71002 0.025229
0.74279 0.037889
0.91832 0.034566
0.91479 0.034613
0.72583 0.034588
0.75677 0.037516
0.72303 0.02366
0.81097 0.03832
0.90985 0.033781
0.91258 0.033919
0.7419 0.032284
0.91188 0.033689
0.75478 0.034273
0.78151 0.038274
0.91207 0.033746
0.91116 0.03331
0.74143 0.026044
0.80952 0.038079
0.75295 0.026064
0.78045 0.036061
0.90718 0.032517
0.76989 0.029894
0.79531 0.038809
0.7609 0.025226
0.79269 0.038592
0.88123 0.0371
0.87079 0.037477
0.77497 0.027488
0.80163 0.034585
0.78316 0.026899
0.82187 0.039071
0.86834 0.036808
0.86931 0.037492
0.78979 0.029188
0.87104 0.037433
0.81489 0.03376
0.82068 0.03882
0.87239 0.037323
0.8806 0.036814
0.81583 0.032164
0.84361 0.036123
0.82116 0.032599
0.83558 0.030933
0.87744 0.034933
0.87447 0.033768
0.81871 0.027114
0.84041 0.032512
0.82669 0.023119
0.85383 0.031516
0.87221 0.031601
0.87314 0.029345
0.84107 0.024915
0.85851 0.028455
0.84889 0.023499
0.87632 0.024617
0.87325 0.027284
0.87363 0.026213
0.86559 0.022147
0.88368 0.023404
0.94922 0.020343
0.9487 0.022127
