348
0.06654 0.020862
0.045967 0.0239
0.1159 0.020532
0.067442 0.025139
0.031604 0.023944
0.068141 0.025186
0.13992 0.020971
0.14788 0.022772
0.17341 0.021883
0.1031 0.02803
0.098835 0.027057
0.1035 0.028192
0.18735 0.025645
0.17735 0.027203
0.19055 0.029168
0.1206 0.027169
0.11122 0.027854
0.1191 0.027153
0.196 0.032296
0.12438 0.027907
0.20051 0.030391
0.18075 0.041983
0.12293 0.028201
0.11582 0.029325
0.19773 0.035119
0.11588 0.029833
0.21832 0.026189
0.19244 0.041274
0.11327 0.030131
0.12154 0.029815
0.22641 0.029435
0.13293 0.031152
0.2345 0.026924
0.19196 0.04222
0.13278 0.030959
0.12882 0.03063
0.24152 0.024799
0.11731 0.030792
0.25262 0.026349
0.22314 0.037863
0.11408 0.031428
0.26038 0.021635
0.094852 0.032171
0.26691 0.026251
0.23454 0.035979
0.093677 0.031195
0.26803 0.030008
0.09628 0.033662
0.28125 0.023848
0.11056 0.032735
0.1077 0.033242
0.285 0.028144
0.24059 0.037664
0.28435 0.030447
0.25237 0.039322
0.13331 0.036363
0.29901 0.029238
0.2598 0.038869
0.30279 0.031586
0.12447 0.032913
0.13006 0.034403
0.12621 0.033072
0.30984 0.031862
0.11256 0.033626
0.32548 0.02577
0.10595 0.034885
0.11252 0.033631
0.10583 0.034934
0.31804 0.030777
0.090312 0.030909
0.31967 0.032898
0.2367 0.038998
0.096634 0.036489
0.082607 0.030299
0.34089 0.026802
0.063076 0.031823
0.34605 0.026739
0.1953 0.042326
0.06701 0.031871
0.051596 0.031637
0.34886 0.026757
0.13376 0.038894
0.33941 0.038238
0.21978 0.041471
0.043809 0.029934
0.033159 0.027106
0.30204 0.039425
0.14915 0.038951
0.34881 0.036318
0.15837 0.038245
0.028771 0.027559
0.027297 0.030374
0.29527 0.039014
0.068442 0.034845
0.36091 0.028725
0.033744 0.03497
0.030205 0.03363
0.033837 0.035056
0.32268 0.038539
0.051477 0.033656
0.20591 0.040007
0.066626 0.038763
0.034094 0.035252
0.035616 0.036304
0.35747 0.03734
0.036566 0.037243
0.35499 0.03865
0.078187 0.033692
0.037798 0.037906
0.35804 0.038908
0.048208 0.03463
0.36334 0.036106
0.0776 0.034705
0.039801 0.038137
0.36228 0.039103
0.042862 0.038246
0.3324 0.038671
0.096323 0.0396
0.0454 0.03833
0.050333 0.039007
0.31291 0.039826
0.13314 0.038974
0.37407 0.02569
0.082131 0.038677
0.11082 0.038711
0.075897 0.040057
0.32003 0.039152
0.37455 0.026566
0.2814 0.040049
0.38445 0.021918
0.38355 0.025016
0.37535 0.030701
0.086469 0.041039
0.38554 0.030322
0.28547 0.040246
0.073051 0.040228
0.071881 0.040253
0.40439 0.031548
0.39904 0.033291
0.37524 0.034111
0.38393 0.03191
0.4095 0.038074
0.40919 0.038421
0.39354 0.035921
0.38379 0.032647
0.39455 0.036305
0.42613 0.038399
0.42918 0.021718
0.43877 0.023825
0.4537 0.020671
0.47861 0.021715
0.41253 0.02541
0.45882 0.023098
0.41901 0.03147
0.41951 0.03314
0.45391 0.029434
0.47293 0.022125
0.45073 0.036033
0.45445 0.036913
0.46503 0.029685
0.46927 0.023572
0.44586 0.038617
0.45704 0.037755
0.46232 0.027188
0.46738 0.027349
0.45761 0.037648
0.47086 0.037554
0.4766 0.025894
0.47476 0.031383
0.47066 0.037644
0.47275 0.026307
0.50891 0.02129
0.49503 0.021188
0.55882 0.020377
0.52733 0.022595
0.54565 0.025515
0.48437 0.021679
0.51457 0.030265
0.49367 0.023977
0.49181 0.024756
0.53379 0.0302
0.53872 0.034476
0.48806 0.025032
0.49932 0.028395
0.50463 0.034433
0.52791 0.035953
0.48916 0.028031
0.49726 0.033162
0.49862 0.037255
0.52745 0.039439
0.49607 0.033228
0.48681 0.030038
0.49549 0.037664
0.47863 0.03824
0.48238 0.028358
0.50481 0.037892
0.57297 0.02121
0.57452 0.026823
0.59175 0.030567
0.66631 0.038964
0.58075 0.035831
0.63145 0.039827
0.58152 0.040117
0.55052 0.035434
0.88986 0.038386
0.5577 0.035685
0.55424 0.039002
0.96458 0.030511
0.96536 0.026109
0.54781 0.041433
0.56286 0.039002
0.90551 0.039584
0.60666 0.037993
0.53283 0.038688
0.47853 0.038233
0.6133 0.040075
0.58254 0.040945
0.60117 0.032328
0.95429 0.033227
0.63758 0.038925
0.91152 0.038342
0.95306 0.023802
0.97146 0.024031
0.96059 0.02485
0.96285 0.025296
0.83478 0.039166
0.59379 0.04045
0.60868 0.030721
0.9734 0.02435
0.63195 0.038361
0.97394 0.024379
0.97388 0.024438
0.97369 0.024262
0.60665 0.027386
0.97279 0.02401
0.74371 0.040679
0.93578 0.037135
0.97269 0.023989
0.73596 0.042255
0.96414 0.023297
0.8122 0.038978
0.96215 0.023289
0.96577 0.023328
0.95757 0.023244
0.6283 0.032964
0.94432 0.034609
0.67048 0.038708
0.94527 0.023246
0.95114 0.023206
0.94867 0.023214
0.62731 0.028849
0.92054 0.038646
0.64016 0.034381
0.88333 0.03865
0.93911 0.023552
0.6462 0.038214
0.82874 0.03946
0.69094 0.038986
0.91857 0.025417
0.91656 0.024261
0.91937 0.025432
0.65372 0.039196
0.92791 0.025666
0.65222 0.036374
0.93254 0.026177
0.931 0.025854
0.93248 0.02616
0.65269 0.036082
0.93826 0.0276
0.66309 0.038008
0.7916 0.039383
0.93707 0.027378
0.94318 0.02978
0.66341 0.036063
0.76013 0.03917
0.66015 0.031464
0.92307 0.034238
0.93544 0.031756
0.92564 0.034023
0.66402 0.029757
0.70794 0.039678
0.66555 0.023688
0.70187 0.0396
0.91247 0.035168
0.91085 0.034693
0.67344 0.026732
0.90801 0.034369
0.68404 0.025844
0.71201 0.039701
0.90593 0.034042
0.90256 0.033448
0.6973 0.0381
0.72587 0.043952
0.69507 0.024589
0.76901 0.038399
0.89635 0.032272
0.89971 0.032481
0.71064 0.033432
0.89881 0.032213
0.72343 0.038948
0.74277 0.039187
0.89905 0.03228
0.89783 0.031813
0.71018 0.026652
0.76818 0.038219
0.72048 0.027716
0.74187 0.036946
0.89286 0.031293
0.73281 0.032366
0.75716 0.038294
0.72612 0.027108
0.75437 0.037487
0.86816 0.038976
0.85594 0.040211
0.73718 0.028798
0.7624 0.035224
0.74444 0.027266
0.78143 0.03853
0.8478 0.040079
0.85251 0.040577
0.75128 0.028751
0.85625 0.039997
0.77399 0.033177
0.77978 0.037954
0.85795 0.039634
0.8675 0.038114
0.77559 0.031778
0.80575 0.033722
0.78195 0.032373
0.79691 0.030938
0.86409 0.03646
0.86093 0.035427
0.78019 0.02716
0.80211 0.03118
0.78843 0.023126
0.81753 0.030552
0.85808 0.033337
0.85951 0.030806
0.80274 0.024376
0.82288 0.028318
0.81187 0.023063
0.86349 0.025282
0.85998 0.028436
0.86062 0.027171
0.83487 0.02256
0.86987 0.023896
0.93678 0.020281
0.9361 0.021739
