348
0.0652 0.020797
0.045652 0.024289
0.11857 0.020567
0.066321 0.024726
0.031801 0.023938
0.067189 0.024768
0.14002 0.020934
0.14995 0.022284
0.17436 0.022016
0.10584 0.027491
0.10179 0.0263
0.10625 0.027714
0.19045 0.02428
0.17832 0.027263
0.19516 0.026657
0.12291 0.027943
0.11429 0.028104
0.12136 0.027791
0.20222 0.02903
0.12633 0.028883
0.20882 0.028356
0.18065 0.038637
0.12507 0.0292
0.11854 0.029949
0.20379 0.031442
0.1185 0.030505
0.2283 0.025989
0.19602 0.036449
0.11619 0.030569
0.12363 0.030996
0.23647 0.028948
0.13355 0.032846
0.24545 0.026868
0.1951 0.036645
0.13344 0.032622
0.12985 0.03187
0.25165 0.024539
0.11964 0.031626
0.2647 0.025397
0.22977 0.037814
0.11684 0.032186
0.27357 0.021531
0.09736 0.030715
0.28053 0.026065
0.24431 0.036188
0.095634 0.029705
0.28232 0.029864
0.09885 0.032264
0.2945 0.02362
0.11338 0.033274
0.10991 0.033819
0.29886 0.027498
0.25162 0.037134
0.29874 0.029711
0.26791 0.035999
0.13348 0.039516
0.31481 0.028461
0.2766 0.037347
0.31951 0.031032
0.1259 0.034699
0.13066 0.036507
0.12725 0.034774
0.32697 0.031503
0.11546 0.034473
0.34344 0.024715
0.1077 0.034989
0.11543 0.034467
0.10757 0.034992
0.33484 0.029676
0.091105 0.029298
0.33697 0.031577
0.24675 0.037593
0.098568 0.035165
0.08239 0.029465
0.36221 0.025781
0.059729 0.031833
0.36753 0.026226
0.19963 0.036507
0.06522 0.030997
0.049372 0.033084
0.37048 0.026146
0.13371 0.040253
0.35893 0.035678
0.22601 0.03958
0.043379 0.030614
0.033382 0.027159
0.32277 0.039286
0.15377 0.034442
0.36868 0.035413
0.1647 0.040175
0.02892 0.027455
0.027292 0.030202
0.31766 0.0383
0.066235 0.033755
0.38407 0.027624
0.031499 0.035053
0.029028 0.033477
0.031535 0.035147
0.34145 0.036008
0.047817 0.035434
0.21218 0.037618
0.061391 0.038446
0.031654 0.035367
0.032351 0.036548
0.37919 0.035138
0.032609 0.037553
0.37573 0.036559
0.077641 0.033155
0.033192 0.03813
0.38009 0.036338
0.043799 0.036066
0.39099 0.033831
0.077011 0.034171
0.034494 0.038455
0.39075 0.034799
0.036496 0.038848
0.35153 0.035545
0.097385 0.038104
0.038591 0.039222
0.042801 0.040043
0.33128 0.037767
0.1331 0.040166
0.40016 0.025904
0.082016 0.037913
0.11364 0.038782
0.074773 0.038875
0.33808 0.036843
0.40065 0.026897
0.30035 0.037735
0.40803 0.022216
0.40738 0.025812
0.40295 0.031803
0.086255 0.038161
0.40972 0.032521
0.30803 0.038586
0.07117 0.038142
0.069597 0.038031
0.42673 0.031419
0.42169 0.03421
0.40429 0.035771
0.409 0.034598
0.43172 0.038236
0.43143 0.038222
0.41644 0.037386
0.40912 0.035656
0.41736 0.037425
0.44747 0.038362
0.45314 0.021666
0.46205 0.02402
0.47645 0.020682
0.50507 0.021578
0.43505 0.025246
0.48226 0.022868
0.44197 0.030636
0.44196 0.032621
0.4764 0.029609
0.49835 0.021961
0.47139 0.036496
0.47498 0.037354
0.48903 0.028255
0.49414 0.023161
0.46645 0.037862
0.48023 0.036919
0.48625 0.026306
0.49201 0.02631
0.48135 0.036782
0.50184 0.036805
0.50287 0.025376
0.50177 0.030454
0.50164 0.036802
0.49815 0.025825
0.53585 0.021317
0.52258 0.021146
0.58859 0.020342
0.55362 0.022738
0.57442 0.025038
0.51055 0.021515
0.54234 0.030506
0.52112 0.023797
0.51896 0.024523
0.55992 0.029428
0.56631 0.033258
0.51479 0.024771
0.52693 0.028176
0.53493 0.035515
0.55572 0.036466
0.51597 0.027699
0.52767 0.033035
0.53156 0.037261
0.55608 0.039048
0.52661 0.033135
0.51394 0.029379
0.5289 0.037081
0.51068 0.037276
0.50841 0.027552
0.53637 0.038349
0.60295 0.021189
0.60426 0.026564
0.62401 0.028842
0.70182 0.038767
0.6093 0.034862
0.66448 0.040274
0.6106 0.038978
0.57923 0.033945
0.8976 0.039567
0.5885 0.034437
0.58409 0.038379
0.96978 0.034173
0.96895 0.028211
0.57755 0.039711
0.59295 0.039222
0.91362 0.039603
0.63958 0.035124
0.56074 0.037752
0.51062 0.037274
0.64949 0.039079
0.61371 0.03891
0.63458 0.030928
0.96534 0.036818
0.67131 0.040295
0.9211 0.039207
0.96005 0.024837
0.97362 0.025396
0.9655 0.026318
0.96719 0.02697
0.8647 0.037126
0.62818 0.039257
0.64317 0.028699
0.97507 0.025823
0.66543 0.039695
0.97547 0.025861
0.97543 0.025941
0.97529 0.025705
0.64005 0.025952
0.97461 0.025367
0.78278 0.040463
0.94902 0.037206
0.97454 0.025339
0.77579 0.039795
0.96815 0.024387
0.8446 0.040058
0.96666 0.024306
0.96937 0.024472
0.96331 0.024186
0.66348 0.03349
0.95765 0.03719
0.70715 0.039143
0.95309 0.023984
0.95851 0.024052
0.95623 0.024026
0.66345 0.02919
0.93268 0.038921
0.67441 0.035743
0.89398 0.039111
0.94814 0.024116
0.67819 0.04032
0.8619 0.03841
0.72738 0.039265
0.93014 0.02564
0.92817 0.024378
0.93091 0.025675
0.68504 0.03971
0.93855 0.026467
0.68442 0.036875
0.94275 0.027319
0.94135 0.026855
0.94269 0.027296
0.68525 0.036496
0.94732 0.028758
0.69758 0.037615
0.82851 0.041894
0.94647 0.028516
0.95251 0.031849
0.6985 0.035714
0.79832 0.040421
0.69529 0.030909
0.93457 0.035753
0.94646 0.033569
0.93691 0.036005
0.69985 0.029423
0.74683 0.03945
0.70142 0.023544
0.74061 0.03879
0.92279 0.03563
0.92092 0.035297
0.70951 0.027331
0.91796 0.035072
0.71837 0.026609
0.75086 0.039114
0.91578 0.034714
0.91198 0.034065
0.73355 0.037242
0.76559 0.038513
0.72882 0.024429
0.81023 0.03973
0.90659 0.032528
0.90963 0.032968
0.74694 0.034146
0.90889 0.032593
0.76099 0.035025
0.78206 0.039159
0.90908 0.032684
0.90814 0.032063
0.74452 0.026871
0.80861 0.039598
0.75508 0.026024
0.78147 0.036568
0.90367 0.031971
0.77248 0.030443
0.79497 0.040577
0.76399 0.025185
0.79287 0.039693
0.88319 0.037013
0.87312 0.037478
0.77751 0.027882
0.80184 0.036397
0.78463 0.027226
0.82196 0.041082
0.86938 0.037207
0.87103 0.03755
0.79161 0.029387
0.87339 0.037448
0.81452 0.035313
0.82109 0.040921
0.87493 0.037338
0.88259 0.03679
0.8153 0.033393
0.83886 0.037384
0.82085 0.033802
0.83354 0.032127
0.87905 0.035054
0.87494 0.033943
0.81818 0.027661
0.83707 0.033596
0.82563 0.023309
0.85149 0.031112
0.87089 0.031792
0.87073 0.029473
0.8384 0.025235
0.85681 0.028349
0.84621 0.02337
0.87376 0.02466
0.87056 0.027388
0.87094 0.026299
0.86329 0.022239
0.88139 0.02341
0.94627 0.020325
0.94572 0.022021
