348
0.030129 0.023168
0.026734 0.038513
0.043721 0.02241
0.032707 0.038827
0.022987 0.038513
0.032952 0.038878
0.048128 0.02493
0.050609 0.032951
0.05572 0.02495
0.047559 0.049018
0.045059 0.045834
0.047944 0.04969
0.06507 0.025414
0.060072 0.034861
0.069991 0.02734
0.053866 0.054754
0.051465 0.05421
0.053541 0.05467
0.079248 0.030913
0.055337 0.05799
0.083397 0.0311
0.075467 0.045429
0.054964 0.058958
0.053136 0.062251
0.086476 0.035671
0.053095 0.063947
0.0943 0.029282
0.089541 0.042049
0.052348 0.063489
0.054562 0.064172
0.10136 0.033079
0.058312 0.064951
0.10607 0.031372
0.094533 0.048617
0.058227 0.064523
0.05699 0.065905
0.10954 0.028711
0.05337 0.067289
0.11606 0.031002
0.10516 0.045583
0.052537 0.067749
0.12041 0.022613
0.044874 0.069352
0.12475 0.030632
0.11229 0.046194
0.044261 0.069561
0.12718 0.036802
0.045602 0.070242
0.1333 0.027017
0.05154 0.070683
0.050825 0.07066
0.13646 0.03551
0.11923 0.053399
0.13711 0.039745
0.12482 0.053375
0.06365 0.070646
0.14318 0.035242
0.12857 0.054176
0.14595 0.037918
0.055588 0.07293
0.059621 0.072233
0.056413 0.07279
0.15041 0.037722
0.051885 0.073625
0.15873 0.030048
0.050212 0.073896
0.051876 0.073626
0.050175 0.0739
0.15536 0.039124
0.042373 0.072967
0.15644 0.042774
0.12332 0.065142
0.045955 0.073597
0.039976 0.072628
0.16852 0.029134
0.031444 0.078726
0.17284 0.028756
0.11672 0.06885
0.03318 0.075921
0.027374 0.085066
0.17555 0.029045
0.089011 0.076201
0.16697 0.044695
0.12074 0.069634
0.025947 0.080539
0.023755 0.069149
0.14778 0.056164
0.097749 0.075461
0.17611 0.041305
0.10071 0.075587
0.022408 0.07194
0.021728 0.083858
0.14464 0.059491
0.033202 0.081794
0.18351 0.032961
0.022356 0.11148
0.021813 0.10265
0.022377 0.11206
0.15658 0.056883
0.026192 0.094872
0.12096 0.075261
0.030671 0.093466
0.022438 0.11336
0.022918 0.11976
0.18252 0.045254
0.023389 0.12516
0.17795 0.054693
0.037539 0.079653
0.02389 0.12912
0.18009 0.054105
0.024899 0.10349
0.18656 0.043715
0.03711 0.081973
0.024386 0.1303
0.18131 0.058295
0.025012 0.13051
0.16008 0.059774
0.046358 0.07955
0.025415 0.13049
0.026211 0.12984
0.15276 0.061411
0.08814 0.082188
0.19377 0.031637
0.033782 0.099751
0.058525 0.082047
0.032434 0.11432
0.15476 0.064042
0.19473 0.034115
0.14075 0.067144
0.20563 0.024771
0.20489 0.033936
0.19946 0.046456
0.03488 0.10464
0.20813 0.043134
0.14201 0.067536
0.031948 0.11461
0.031777 0.11522
0.2201 0.033841
0.21681 0.039132
0.20311 0.061237
0.20708 0.05936
0.22322 0.038357
0.22511 0.03893
0.21977 0.044771
0.23746 0.0427
0.24952 0.043117
0.25474 0.043699
0.25182 0.021392
0.26635 0.022108
0.31954 0.0201
0.48352 0.020562
0.23023 0.023899
0.35484 0.02043
0.24354 0.02805
0.24389 0.029375
0.30415 0.021768
0.45564 0.020865
0.26969 0.030181
0.28194 0.028018
0.33893 0.021456
0.44603 0.021206
0.26665 0.035282
0.29851 0.026113
0.38921 0.021215
0.42379 0.021755
0.30409 0.025442
0.27056 0.042761
0.47225 0.022122
0.40001 0.022338
0.29524 0.029525
0.4528 0.022387
0.68129 0.02023
0.61912 0.020405
0.78658 0.020493
0.74683 0.021772
0.77016 0.024061
0.52198 0.020685
0.72201 0.022626
0.61462 0.021393
0.60384 0.021716
0.75059 0.027525
0.75219 0.030283
0.5697 0.02178
0.63666 0.022488
0.72764 0.025793
0.74961 0.033944
0.58621 0.022648
0.65677 0.022907
0.73925 0.034422
0.73492 0.034102
0.64303 0.023692
0.55357 0.022929
0.69726 0.024443
0.73488 0.040249
0.51548 0.022807
0.71262 0.027039
0.79504 0.021604
0.79638 0.028794
0.80721 0.038638
0.84634 0.066946
0.79733 0.041114
0.83029 0.060521
0.78877 0.048733
0.77096 0.031136
0.93435 0.078837
0.77517 0.034596
0.76708 0.035688
0.97703 0.094998
0.97758 0.072605
0.75836 0.036784
0.7616 0.041297
0.94302 0.08153
0.82206 0.059248
0.75037 0.043632
0.73793 0.045586
0.77914 0.060573
0.76625 0.046452
0.81292 0.042721
0.97496 0.10441
0.83241 0.058864
0.95197 0.085479
0.97693 0.051453
0.97899 0.058543
0.97758 0.062428
0.97765 0.06646
0.91062 0.076508
0.81245 0.055221
0.81631 0.043237
0.97919 0.061276
0.82892 0.054158
0.97926 0.061508
0.97924 0.061996
0.97924 0.060558
0.816 0.03498
0.97915 0.058347
0.87812 0.076459
0.97056 0.10492
0.97914 0.05816
0.87723 0.075576
0.97823 0.050561
0.90243 0.075704
0.97802 0.049715
0.97841 0.05139
0.97752 0.048017
0.82632 0.044866
0.97233 0.10248
0.84818 0.06086
0.97591 0.044997
0.97676 0.046227
0.97641 0.045627
0.82577 0.037444
0.96066 0.088523
0.83241 0.047642
0.93239 0.07609
0.97505 0.044188
0.83602 0.049953
0.90955 0.073594
0.8534 0.060572
0.97144 0.05148
0.97151 0.043802
0.97156 0.051938
0.8441 0.05259
0.97257 0.056173
0.84081 0.046188
0.97311 0.060891
0.97296 0.058731
0.97311 0.060786
0.84122 0.045534
0.97317 0.068031
0.84767 0.0499
0.89815 0.071683
0.97319 0.066839
0.97215 0.079503
0.84743 0.046233
0.88625 0.069577
0.84482 0.037698
0.96633 0.083522
0.96994 0.084258
0.96734 0.083968
0.84626 0.035357
0.86979 0.061655
0.84715 0.02592
0.86786 0.05853
0.9599 0.08008
0.95941 0.079086
0.85197 0.033028
0.95796 0.077957
0.85639 0.033195
0.87126 0.05601
0.95704 0.077355
0.95565 0.076425
0.86467 0.04393
0.8751 0.0564
0.86183 0.027111
0.89081 0.063908
0.95195 0.074812
0.95481 0.074722
0.87168 0.044025
0.95442 0.074279
0.87579 0.045164
0.88332 0.055182
0.95453 0.074401
0.95413 0.073529
0.87318 0.031905
0.89329 0.059614
0.87804 0.030612
0.88565 0.050299
0.95134 0.072418
0.88602 0.040018
0.89445 0.05299
0.88433 0.028246
0.89556 0.048738
0.92697 0.068111
0.92313 0.0674
0.88981 0.035248
0.89895 0.05014
0.89466 0.03194
0.90604 0.053656
0.91971 0.066219
0.92324 0.064825
0.89909 0.033386
0.92582 0.064399
0.9069 0.042102
0.90898 0.047873
0.92673 0.064251
0.93295 0.062829
0.9094 0.038385
0.91736 0.049987
0.91408 0.038175
0.91823 0.043722
0.9342 0.059765
0.93477 0.05565
0.91705 0.030318
0.92074 0.042528
0.92297 0.025403
0.92989 0.038412
0.9369 0.049992
0.94207 0.045993
0.92992 0.028517
0.93383 0.036743
0.93456 0.02585
0.95784 0.034075
0.94972 0.038745
0.95304 0.036392
0.94559 0.026048
0.96143 0.032797
0.97497 0.021904
0.97484 0.031808
