348
0.027703 0.024165
0.027249 0.042553
0.038249 0.022587
0.033653 0.042555
0.023215 0.042553
0.033889 0.042555
0.042631 0.024804
0.047852 0.031784
0.051715 0.024075
0.053336 0.042569
0.04741 0.042562
0.05458 0.042571
0.063631 0.023895
0.061242 0.031233
0.070888 0.02492
0.073195 0.042606
0.067435 0.042593
0.072383 0.042604
0.085724 0.026591
0.084955 0.042637
0.092652 0.02645
0.096497 0.034835
0.087087 0.042643
0.09583 0.042677
0.10252 0.028638
0.10815 0.042735
0.1126 0.024966
0.11668 0.031569
0.10211 0.042707
0.11358 0.042772
0.12747 0.026927
0.12718 0.042878
0.1351 0.025978
0.13777 0.034872
0.12339 0.042848
0.13347 0.042934
0.14118 0.024539
0.14211 0.043016
0.15422 0.025643
0.15368 0.032984
0.14614 0.043055
0.16248 0.021288
0.16623 0.043455
0.1714 0.025075
0.16932 0.032606
0.17204 0.043631
0.18443 0.027533
0.18504 0.044133
0.19018 0.023204
0.19253 0.044428
0.19177 0.044398
0.2038 0.027266
0.1982 0.035662
0.21168 0.029393
0.20855 0.03597
0.2038 0.044891
0.21758 0.027559
0.21911 0.036445
0.22696 0.028973
0.22691 0.047747
0.21969 0.046653
0.22524 0.047462
0.23582 0.029072
0.23606 0.049535
0.2414 0.025328
0.2412 0.050665
0.23609 0.049541
0.2413 0.050691
0.24705 0.03006
0.25154 0.054249
0.25509 0.032654
0.25665 0.041757
0.24773 0.052657
0.25473 0.05579
0.25905 0.025075
0.26198 0.061899
0.26666 0.024871
0.26553 0.045604
0.26097 0.060765
0.26561 0.066147
0.27145 0.025014
0.2731 0.05534
0.27429 0.035085
0.27653 0.049289
0.26715 0.068569
0.26968 0.076036
0.27809 0.043484
0.27933 0.058029
0.28199 0.032244
0.28152 0.059262
0.27003 0.082908
0.26999 0.087182
0.2858 0.049101
0.27889 0.072116
0.28749 0.027222
0.2706 0.097509
0.26992 0.092853
0.27071 0.098006
0.29082 0.04939
0.28052 0.083802
0.29152 0.062501
0.28426 0.081682
0.27099 0.099366
0.2717 0.10696
0.29344 0.035313
0.27108 0.11382
0.29633 0.045072
0.28929 0.083801
0.27179 0.12305
0.29712 0.044175
0.28374 0.10113
0.29818 0.034245
0.29127 0.08813
0.27381 0.12864
0.3015 0.049151
0.27597 0.13135
0.30252 0.061658
0.29504 0.089713
0.27733 0.13202
0.2801 0.13004
0.30323 0.064755
0.29853 0.083945
0.30461 0.027164
0.29357 0.099377
0.29783 0.091365
0.29067 0.11568
0.31311 0.078868
0.307 0.028916
0.30555 0.071854
0.32159 0.023606
0.32096 0.030468
0.3152 0.039891
0.29531 0.10523
0.32464 0.038928
0.3088 0.076506
0.29018 0.11566
0.28998 0.1164
0.33856 0.032175
0.33452 0.036498
0.32093 0.058693
0.32395 0.057951
0.34143 0.036139
0.34335 0.036578
0.33697 0.043305
0.35596 0.037675
0.36942 0.036575
0.37571 0.036318
0.37963 0.020951
0.40449 0.021591
0.44587 0.020413
0.48672 0.022628
0.35016 0.023286
0.45837 0.022662
0.36778 0.025624
0.36829 0.02654
0.44121 0.024716
0.48321 0.026828
0.40926 0.028587
0.42314 0.029251
0.4498 0.027398
0.48176 0.029625
0.40261 0.031101
0.43883 0.033355
0.46295 0.030726
0.47635 0.033918
0.44119 0.034491
0.40144 0.036387
0.4851 0.034516
0.46418 0.038681
0.43673 0.037964
0.4829 0.039018
0.55022 0.020686
0.53417 0.021673
0.66437 0.020364
0.60387 0.021139
0.64139 0.022758
0.51374 0.024764
0.57583 0.02394
0.53306 0.025732
0.53038 0.027175
0.61006 0.024584
0.61285 0.026118
0.52282 0.029207
0.5384 0.030766
0.58032 0.026627
0.61032 0.028445
0.52625 0.032154
0.54288 0.033931
0.59541 0.030678
0.58874 0.032263
0.53986 0.03638
0.51978 0.038079
0.56551 0.033349
0.59153 0.036168
0.5128 0.039424
0.57085 0.036132
0.6758 0.021206
0.67768 0.026627
0.69096 0.034483
0.69341 0.068609
0.68177 0.036055
0.69109 0.059173
0.67317 0.041169
0.64258 0.027601
0.6991 0.094371
0.64933 0.030241
0.63798 0.030397
0.70977 0.11239
0.71139 0.1159
0.62542 0.030282
0.6328 0.033517
0.69845 0.097184
0.68261 0.072192
0.62064 0.034684
0.60245 0.036719
0.6661 0.051625
0.64278 0.038526
0.69507 0.039619
0.70937 0.10454
0.69646 0.052513
0.70404 0.08893
0.71663 0.11634
0.72766 0.13202
0.71291 0.1174
0.71225 0.11706
0.69476 0.091512
0.68127 0.069942
0.69774 0.039187
0.7305 0.13465
0.69935 0.046875
0.73266 0.13483
0.73148 0.13512
0.73331 0.13424
0.70085 0.030475
0.73431 0.13215
0.70339 0.065682
0.71115 0.089958
0.73434 0.13196
0.70493 0.062865
0.733 0.1211
0.70691 0.067559
0.73276 0.11922
0.73323 0.12275
0.73206 0.11478
0.70772 0.037048
0.71501 0.085751
0.70956 0.047652
0.73063 0.10224
0.7312 0.1086
0.73098 0.10581
0.71266 0.030448
0.71516 0.072869
0.71421 0.037276
0.71676 0.066022
0.73003 0.097805
0.71653 0.038259
0.71881 0.056151
0.71977 0.043204
0.72839 0.080138
0.72803 0.088146
0.72846 0.079848
0.72531 0.037986
0.72927 0.077266
0.72989 0.033603
0.73093 0.073534
0.73015 0.075269
0.73089 0.073625
0.73137 0.033034
0.73366 0.067915
0.73727 0.034833
0.73776 0.044788
0.73321 0.068716
0.73891 0.060799
0.74223 0.032355
0.74486 0.041369
0.74869 0.027976
0.7489 0.053652
0.74291 0.056939
0.74733 0.054398
0.75505 0.026898
0.75709 0.037034
0.76254 0.022667
0.76402 0.035818
0.7593 0.050068
0.76518 0.048937
0.77128 0.02575
0.771 0.047918
0.78142 0.025633
0.78226 0.03454
0.77481 0.047342
0.78155 0.04647
0.78731 0.029549
0.792 0.034153
0.79618 0.02284
0.8 0.03653
0.79137 0.045289
0.80132 0.044718
0.80668 0.028861
0.8061 0.044488
0.81608 0.029249
0.81654 0.033203
0.80474 0.044553
0.81531 0.044088
0.82585 0.024648
0.82787 0.035554
0.83849 0.024343
0.83364 0.032067
0.82327 0.043792
0.84918 0.028504
0.84966 0.034246
0.85342 0.023573
0.85983 0.032234
0.84532 0.043205
0.85375 0.04306
0.86327 0.026626
0.86555 0.032881
0.87659 0.025137
0.87724 0.034089
0.86652 0.042916
0.8783 0.042821
0.88585 0.025623
0.88157 0.0428
0.89618 0.02902
0.89365 0.031283
0.88265 0.042793
0.8923 0.042733
0.90659 0.02799
0.9066 0.034258
0.91631 0.02869
0.91629 0.03183
0.90549 0.042664
0.91508 0.042627
0.92823 0.025539
0.92139 0.031875
0.93842 0.023465
0.93716 0.033291
0.92636 0.042601
0.93453 0.042586
0.94813 0.026754
0.94266 0.033825
0.95367 0.02549
0.95883 0.042559
0.94814 0.042566
0.95288 0.042561
0.96356 0.02849
0.96255 0.042557
0.97784 0.024436
0.97501 0.042553
