348
0.057736 0.020939
0.039729 0.024735
0.10496 0.020548
0.058588 0.025567
0.028571 0.025304
0.059247 0.025599
0.12573 0.021175
0.1327 0.02335
0.15347 0.021949
0.092626 0.028778
0.089503 0.027663
0.092957 0.028958
0.16893 0.024618
0.15724 0.026946
0.17294 0.027508
0.10951 0.027595
0.1001 0.028372
0.10823 0.027462
0.17989 0.030583
0.11307 0.028892
0.18471 0.029363
0.1577 0.040941
0.11173 0.029017
0.1049 0.029608
0.18208 0.033225
0.10492 0.030125
0.20299 0.026178
0.17506 0.037837
0.10215 0.030516
0.11045 0.030542
0.21097 0.029463
0.12089 0.033258
0.21914 0.027329
0.1743 0.03876
0.12075 0.033013
0.11769 0.032794
0.2253 0.025173
0.10642 0.0311
0.23621 0.026245
0.20834 0.037533
0.10298 0.031791
0.24436 0.021698
0.08563 0.033017
0.2504 0.027119
0.21854 0.036971
0.084389 0.031876
0.25147 0.031323
0.087173 0.034694
0.26324 0.023738
0.099088 0.033706
0.096229 0.034534
0.26739 0.027567
0.22348 0.039464
0.26674 0.029735
0.23751 0.038917
0.12211 0.039486
0.28223 0.029074
0.24653 0.040007
0.28601 0.031172
0.11387 0.034538
0.11965 0.037499
0.11567 0.035132
0.29336 0.031392
0.10123 0.034162
0.30866 0.026563
0.094571 0.036332
0.10119 0.034173
0.09447 0.036383
0.30255 0.031084
0.080923 0.030818
0.30473 0.033483
0.21992 0.041856
0.087692 0.037696
0.073123 0.030387
0.32224 0.026993
0.054598 0.033055
0.32784 0.026714
0.17946 0.039576
0.058304 0.032865
0.044739 0.033594
0.33102 0.026593
0.12298 0.043866
0.3231 0.038697
0.20585 0.042142
0.037917 0.032252
0.02972 0.029454
0.28666 0.039405
0.1357 0.043566
0.3326 0.03601
0.14244 0.043203
0.026479 0.030234
0.025432 0.034045
0.27971 0.038896
0.059835 0.035943
0.34271 0.028703
0.030586 0.039782
0.027788 0.038452
0.030665 0.039882
0.30902 0.041032
0.044919 0.035928
0.19194 0.03964
0.058467 0.040226
0.030878 0.040102
0.032143 0.041237
0.34126 0.037273
0.032969 0.042284
0.33965 0.040714
0.068638 0.034057
0.034004 0.042967
0.34217 0.040733
0.042293 0.037398
0.34743 0.036317
0.068113 0.035117
0.035598 0.042939
0.34711 0.041295
0.038351 0.042491
0.31728 0.04028
0.087542 0.041037
0.040476 0.04218
0.04472 0.042179
0.30034 0.040974
0.12262 0.044058
0.35648 0.02689
0.072515 0.038734
0.098773 0.040463
0.066722 0.040919
0.30708 0.04112
0.3572 0.028131
0.2645 0.039714
0.38202 0.023031
0.38003 0.028359
0.36056 0.033943
0.077649 0.040803
0.38231 0.035643
0.26898 0.038969
0.064264 0.041656
0.063285 0.042129
0.40122 0.033276
0.39551 0.03561
0.36254 0.039409
0.37795 0.039825
0.40484 0.039943
0.40435 0.040615
0.38857 0.041008
0.37704 0.041949
0.38948 0.041316
0.42482 0.041159
0.42485 0.021916
0.43369 0.024235
0.4465 0.020771
0.46895 0.021913
0.40964 0.025849
0.4511 0.023549
0.41653 0.032315
0.4173 0.034047
0.44608 0.030879
0.46374 0.022357
0.44333 0.038547
0.44571 0.039985
0.45579 0.030532
0.46039 0.023932
0.43961 0.043139
0.44746 0.041669
0.4542 0.028008
0.45865 0.028027
0.44793 0.041469
0.45974 0.039838
0.46719 0.026569
0.46445 0.032567
0.45956 0.040068
0.46357 0.026994
0.49528 0.021285
0.48345 0.021391
0.55566 0.020281
0.51721 0.022326
0.53747 0.024332
0.47406 0.02192
0.50205 0.029058
0.48243 0.024659
0.48084 0.025571
0.52397 0.029251
0.52834 0.0326
0.4774 0.02581
0.48691 0.029641
0.4907 0.035457
0.5188 0.034388
0.47836 0.029331
0.48473 0.035308
0.48531 0.040506
0.51888 0.039687
0.48364 0.035464
0.47602 0.031605
0.4824 0.041479
0.46805 0.04105
0.47212 0.029346
0.49038 0.040816
0.5747 0.020839
0.57692 0.024696
0.60083 0.02848
0.68001 0.039963
0.5861 0.031297
0.64381 0.039595
0.58784 0.034722
0.5439 0.031185
0.89896 0.041888
0.55362 0.031604
0.54846 0.034065
0.97123 0.03739
0.97131 0.030155
0.53879 0.036966
0.55948 0.034096
0.91345 0.039578
0.61706 0.036204
0.52303 0.037747
0.46793 0.04104
0.62367 0.039432
0.59007 0.03635
0.61214 0.030726
0.96547 0.040008
0.65006 0.039661
0.9216 0.038215
0.9638 0.025673
0.97493 0.026787
0.96847 0.027756
0.96982 0.028641
0.85243 0.038935
0.60521 0.037761
0.61985 0.029848
0.97608 0.027324
0.64455 0.037895
0.9764 0.027372
0.97636 0.027473
0.97625 0.027176
0.61771 0.026678
0.97572 0.026751
0.75979 0.039612
0.94987 0.038643
0.97566 0.026716
0.75093 0.040493
0.97058 0.025437
0.8252 0.040579
0.9694 0.025333
0.97155 0.025542
0.96662 0.025047
0.64124 0.032366
0.95815 0.039052
0.68385 0.039997
0.95822 0.02432
0.96253 0.024693
0.96079 0.024534
0.64049 0.028416
0.93068 0.038216
0.6529 0.035345
0.89473 0.041567
0.95329 0.024173
0.65836 0.039581
0.84722 0.038593
0.70542 0.03924
0.93257 0.025371
0.93056 0.02422
0.93338 0.02537
0.66596 0.039979
0.94263 0.025583
0.66419 0.037167
0.94734 0.026423
0.94581 0.025936
0.94728 0.026397
0.66472 0.036815
0.95254 0.028767
0.67653 0.038528
0.81085 0.040927
0.95149 0.028316
0.95686 0.032532
0.6765 0.036551
0.7819 0.039427
0.67227 0.031929
0.93583 0.033801
0.95004 0.032858
0.93918 0.033468
0.67597 0.030096
0.72391 0.038107
0.67742 0.023824
0.7181 0.038531
0.92443 0.035186
0.92304 0.034773
0.68476 0.02723
0.91986 0.034423
0.69457 0.025964
0.72675 0.038053
0.91772 0.034093
0.91457 0.033586
0.71194 0.03545
0.73639 0.0402
0.7062 0.024111
0.79138 0.039467
0.90898 0.033343
0.91227 0.032847
0.72472 0.031945
0.91153 0.032719
0.73529 0.035174
0.75931 0.037172
0.91173 0.032747
0.91078 0.032495
0.72423 0.0259
0.79046 0.039322
0.73503 0.026407
0.75899 0.035032
0.90626 0.032854
0.7503 0.030751
0.77866 0.037613
0.74267 0.025692
0.7755 0.036592
0.88198 0.041359
0.87243 0.040768
0.75568 0.027988
0.78363 0.035564
0.76356 0.02644
0.80328 0.040057
0.86486 0.039471
0.86933 0.03976
0.77162 0.028149
0.87284 0.040349
0.79459 0.033317
0.80152 0.038742
0.87484 0.040483
0.88243 0.039063
0.79579 0.03199
0.82256 0.034392
0.80249 0.033037
0.81524 0.031967
0.88114 0.037305
0.87909 0.036272
0.80015 0.027512
0.82049 0.031992
0.808 0.023329
0.83519 0.030215
0.87656 0.033969
0.8786 0.031538
0.82141 0.024646
0.84058 0.02784
0.82953 0.0232
0.88246 0.025676
0.87933 0.029045
0.87997 0.027702
0.85373 0.022501
0.88746 0.024352
0.95123 0.020316
0.95062 0.021927
