348
0.070296 0.02071
0.04749 0.023677
0.12985 0.020556
0.071426 0.024193
0.032173 0.023734
0.072301 0.024203
0.15366 0.020964
0.16161 0.022887
0.18611 0.021827
0.11742 0.027516
0.11269 0.026135
0.11786 0.027721
0.20131 0.024717
0.19004 0.026921
0.20541 0.027427
0.13438 0.027346
0.12535 0.027977
0.13285 0.027363
0.21204 0.030367
0.13785 0.028024
0.21745 0.029167
0.19277 0.039311
0.13655 0.028353
0.12989 0.029767
0.21423 0.032919
0.13005 0.030297
0.23695 0.02554
0.20723 0.037763
0.12765 0.030554
0.13536 0.03004
0.24593 0.028512
0.14664 0.031314
0.25466 0.02667
0.20651 0.03795
0.14647 0.031116
0.14229 0.030632
0.26177 0.024533
0.13163 0.031182
0.27374 0.026249
0.2423 0.035881
0.1288 0.032059
0.28112 0.021733
0.10829 0.029911
0.2873 0.026543
0.25679 0.035452
0.10658 0.02889
0.28893 0.030571
0.11035 0.03143
0.30075 0.023776
0.12569 0.032955
0.12293 0.033189
0.30483 0.027773
0.26443 0.037028
0.30447 0.030042
0.27761 0.038368
0.14757 0.036825
0.32159 0.028254
0.28452 0.039126
0.32598 0.030585
0.13845 0.033169
0.14399 0.034486
0.13991 0.033259
0.33303 0.031487
0.12793 0.034226
0.34992 0.025203
0.12157 0.034671
0.1279 0.034223
0.12146 0.034704
0.34142 0.030065
0.10185 0.028327
0.34362 0.03205
0.26029 0.037615
0.11117 0.033975
0.090998 0.027542
0.36717 0.025953
0.065245 0.030149
0.37253 0.026011
0.2109 0.038377
0.070272 0.029798
0.05254 0.030778
0.37542 0.026112
0.14811 0.03851
0.36474 0.036311
0.23724 0.037648
0.045054 0.029374
0.033804 0.026725
0.32774 0.0382
0.16352 0.039504
0.37409 0.034864
0.17082 0.039045
0.029201 0.027206
0.027525 0.02989
0.32241 0.037285
0.071267 0.032196
0.38892 0.027921
0.032661 0.03421
0.02974 0.033012
0.032718 0.034293
0.3489 0.036928
0.051517 0.03267
0.22262 0.038753
0.067767 0.03593
0.032889 0.034482
0.03389 0.035496
0.38564 0.03524
0.034383 0.036386
0.38228 0.036435
0.084163 0.030369
0.035196 0.03693
0.38656 0.036869
0.047307 0.033892
0.3954 0.035442
0.083132 0.031188
0.036787 0.037104
0.39533 0.037153
0.039296 0.037216
0.35758 0.036601
0.1112 0.03652
0.042134 0.037277
0.047647 0.037616
0.33738 0.037683
0.14747 0.038458
0.40299 0.026297
0.089112 0.033861
0.12757 0.038578
0.079461 0.035122
0.34543 0.037567
0.4034 0.027333
0.30554 0.03892
0.41084 0.022328
0.41017 0.026151
0.40516 0.032348
0.095859 0.0347
0.41272 0.03255
0.31191 0.037541
0.075701 0.035581
0.074189 0.03565
0.42941 0.03121
0.42466 0.033828
0.40663 0.036308
0.41206 0.034688
0.43632 0.036859
0.43598 0.036956
0.42007 0.037003
0.41225 0.035646
0.4209 0.037033
0.45524 0.038799
0.45562 0.021772
0.46458 0.023986
0.47985 0.020607
0.50665 0.021766
0.43803 0.024961
0.48602 0.022709
0.44612 0.030797
0.44702 0.032624
0.48013 0.02852
0.50098 0.022179
0.47817 0.034834
0.48326 0.035063
0.49337 0.028878
0.49766 0.023515
0.47316 0.037223
0.48832 0.03602
0.4903 0.026516
0.49577 0.026944
0.48914 0.036041
0.50335 0.03862
0.50474 0.026069
0.50373 0.031795
0.50323 0.03867
0.50081 0.026465
0.53458 0.021402
0.52294 0.02129
0.58687 0.020367
0.55331 0.022647
0.5721 0.025104
0.51205 0.021665
0.54044 0.030537
0.5216 0.024279
0.51975 0.025039
0.55975 0.03009
0.56498 0.034378
0.51581 0.025195
0.52667 0.029276
0.53142 0.036127
0.55628 0.036145
0.51699 0.028392
0.52561 0.034555
0.52735 0.039196
0.55697 0.039275
0.52469 0.034574
0.51468 0.030224
0.52518 0.039461
0.5099 0.039009
0.51003 0.028343
0.53186 0.039821
0.5994 0.02129
0.60067 0.027032
0.61983 0.029648
0.69903 0.038693
0.60525 0.035346
0.65964 0.037806
0.60596 0.039574
0.57717 0.033695
0.90178 0.038871
0.58663 0.035246
0.58279 0.038331
0.96942 0.035453
0.96991 0.028969
0.57527 0.03946
0.59117 0.040294
0.91686 0.039583
0.63422 0.037729
0.56118 0.038631
0.50984 0.03902
0.64133 0.039472
0.60748 0.039908
0.62897 0.032641
0.96343 0.038194
0.66708 0.035861
0.92344 0.038571
0.96179 0.025144
0.97417 0.025912
0.96677 0.026857
0.96831 0.027614
0.86495 0.037074
0.62258 0.039759
0.63654 0.03034
0.9755 0.02638
0.66045 0.036236
0.97587 0.026422
0.97582 0.026509
0.9757 0.026251
0.63439 0.027267
0.97508 0.02588
0.78616 0.04021
0.94806 0.039156
0.97501 0.02585
0.77737 0.038969
0.96918 0.0248
0.84714 0.039728
0.96783 0.024695
0.9703 0.024896
0.96477 0.024506
0.65685 0.031907
0.95511 0.038596
0.70319 0.038738
0.9552 0.024125
0.96033 0.024283
0.95828 0.02422
0.65592 0.028152
0.93375 0.039244
0.67066 0.032223
0.89553 0.038744
0.95026 0.024175
0.67782 0.036407
0.862 0.038297
0.72451 0.039094
0.93205 0.025619
0.9301 0.024377
0.9328 0.025651
0.68566 0.038023
0.94066 0.026401
0.68447 0.0352
0.94488 0.02722
0.94348 0.02677
0.94482 0.027198
0.68498 0.034995
0.94953 0.028899
0.69578 0.038063
0.82859 0.038867
0.94862 0.028616
0.95343 0.032161
0.69629 0.036049
0.80119 0.039185
0.69325 0.031356
0.93616 0.035284
0.94736 0.033673
0.93836 0.035547
0.69734 0.029582
0.74035 0.038776
0.69885 0.02357
0.73463 0.03916
0.92499 0.035326
0.92328 0.034916
0.70669 0.026639
0.92057 0.034717
0.71763 0.025775
0.74454 0.037981
0.91846 0.034411
0.91507 0.03389
0.73053 0.038017
0.76257 0.038362
0.72864 0.024538
0.80976 0.040553
0.90934 0.032519
0.91246 0.032892
0.74412 0.032305
0.91165 0.032576
0.75916 0.03486
0.78488 0.038458
0.91186 0.032655
0.9108 0.032132
0.74425 0.026085
0.80893 0.040126
0.75625 0.026239
0.78351 0.035974
0.90623 0.031688
0.77223 0.030304
0.79768 0.039368
0.76356 0.025649
0.79512 0.038955
0.88125 0.0388
0.87068 0.038985
0.777 0.027566
0.80317 0.03562
0.78523 0.026972
0.8187 0.039715
0.86836 0.037665
0.86919 0.038875
0.79188 0.029275
0.87094 0.038847
0.81394 0.0347
0.81771 0.039396
0.87231 0.038608
0.88067 0.038276
0.81522 0.032911
0.84322 0.035168
0.82006 0.032814
0.83598 0.030438
0.87762 0.036094
0.87486 0.03475
0.8186 0.027391
0.84075 0.031973
0.82691 0.023009
0.85499 0.031358
0.87277 0.032397
0.87386 0.030036
0.84208 0.024712
0.8601 0.028556
0.85003 0.023375
0.87688 0.025001
0.874 0.027831
0.87437 0.026687
0.8668 0.022258
0.88365 0.023753
0.94839 0.020329
0.94784 0.022027
