348
0.064875 0.020855
0.044829 0.024088
0.11732 0.020584
0.065844 0.025069
0.031094 0.024129
0.066594 0.025095
0.13808 0.020984
0.14668 0.022928
0.17148 0.021681
0.10435 0.027631
0.099708 0.026592
0.10478 0.027802
0.18606 0.025242
0.17589 0.026965
0.18975 0.028352
0.12142 0.028115
0.11258 0.028047
0.12014 0.027991
0.19566 0.030592
0.1244 0.029202
0.20137 0.029387
0.18132 0.039905
0.12328 0.02947
0.1174 0.030255
0.19743 0.033157
0.11759 0.03084
0.21992 0.026123
0.19185 0.039767
0.11506 0.030804
0.12222 0.031232
0.22802 0.029219
0.13124 0.032684
0.23632 0.027476
0.1912 0.040197
0.13113 0.03248
0.12779 0.032333
0.24217 0.025029
0.11915 0.032002
0.25347 0.026294
0.22321 0.037795
0.11632 0.032541
0.26086 0.021725
0.096048 0.031161
0.26731 0.02656
0.23726 0.037426
0.094441 0.030152
0.26905 0.030634
0.097627 0.032704
0.28033 0.023806
0.11286 0.033141
0.10976 0.033164
0.2846 0.027841
0.24373 0.038773
0.28434 0.030149
0.2568 0.038407
0.13116 0.038988
0.30081 0.028494
0.2644 0.039356
0.30536 0.031063
0.12455 0.035206
0.12869 0.036814
0.12566 0.035364
0.31285 0.031823
0.11542 0.034684
0.32737 0.026192
0.10816 0.034589
0.11538 0.034675
0.10804 0.034622
0.32077 0.031228
0.090332 0.029909
0.32307 0.03386
0.24011 0.039507
0.098118 0.035568
0.081489 0.029371
0.34158 0.02666
0.060333 0.03196
0.3463 0.02696
0.19462 0.039269
0.065052 0.031802
0.049113 0.032287
0.34912 0.027178
0.13132 0.040264
0.33931 0.038685
0.21888 0.040034
0.042427 0.030385
0.032581 0.027439
0.30912 0.038941
0.14791 0.03986
0.34735 0.037489
0.15438 0.039828
0.028385 0.02791
0.026803 0.030851
0.30319 0.037912
0.066186 0.034738
0.36005 0.02969
0.030894 0.03575
0.028501 0.034295
0.030933 0.035843
0.32784 0.040029
0.047789 0.034404
0.2061 0.03937
0.063142 0.039018
0.031055 0.036059
0.031773 0.037201
0.35646 0.038335
0.032066 0.038199
0.35424 0.03959
0.076548 0.033017
0.032656 0.03872
0.35692 0.040123
0.04345 0.035507
0.3651 0.037687
0.075871 0.034035
0.033938 0.038893
0.36483 0.038996
0.035945 0.03905
0.33383 0.039916
0.097958 0.03854
0.038145 0.039179
0.042784 0.03954
0.31918 0.039409
0.13081 0.040287
0.37266 0.026644
0.081292 0.03747
0.11503 0.038896
0.073533 0.038899
0.32554 0.040247
0.37306 0.027723
0.28576 0.039058
0.3805 0.022292
0.37981 0.026047
0.37473 0.032833
0.086492 0.038217
0.38227 0.032585
0.29224 0.038127
0.07047 0.038877
0.069196 0.038926
0.39935 0.031738
0.39441 0.034321
0.37602 0.036747
0.38148 0.034811
0.40523 0.037451
0.40486 0.037559
0.38967 0.037088
0.38161 0.035835
0.3905 0.037189
0.42527 0.037405
0.42653 0.021633
0.43569 0.024033
0.44989 0.020669
0.47928 0.021386
0.40732 0.024964
0.45539 0.022855
0.41544 0.029985
0.41631 0.031737
0.4501 0.029389
0.47175 0.021803
0.4473 0.036351
0.45104 0.036678
0.46258 0.028133
0.46745 0.023005
0.44275 0.037911
0.45492 0.03673
0.45944 0.026351
0.46523 0.026097
0.45571 0.036579
0.47281 0.035243
0.47677 0.024823
0.47502 0.029492
0.47261 0.035281
0.47155 0.025361
0.51522 0.021037
0.49988 0.020998
0.57926 0.0203
0.54084 0.022146
0.56284 0.024515
0.48592 0.0213
0.52354 0.027599
0.49817 0.023293
0.49578 0.02388
0.54798 0.02847
0.5542 0.032302
0.49078 0.024077
0.5049 0.027106
0.5125 0.032256
0.54395 0.033422
0.49226 0.026568
0.50417 0.031255
0.50739 0.034782
0.54464 0.036
0.50285 0.03131
0.4895 0.028027
0.50406 0.034966
0.48261 0.034846
0.48326 0.026525
0.51361 0.034816
0.59586 0.021002
0.5975 0.025553
0.61793 0.029702
0.69576 0.037987
0.60455 0.03386
0.65613 0.038646
0.6069 0.038241
0.56856 0.032101
0.89946 0.038848
0.57914 0.032663
0.57407 0.036156
0.97016 0.035812
0.9701 0.029155
0.56608 0.037309
0.58456 0.036741
0.91684 0.03776
0.63246 0.035716
0.54937 0.0359
0.48254 0.034852
0.6402 0.039032
0.60881 0.038642
0.62705 0.03169
0.96535 0.03874
0.66543 0.037707
0.9242 0.037264
0.96214 0.025234
0.97428 0.026026
0.96701 0.026969
0.96853 0.027735
0.86705 0.037571
0.62087 0.039851
0.63605 0.028858
0.97558 0.026503
0.65751 0.037514
0.97595 0.026545
0.9759 0.026635
0.97578 0.026371
0.63329 0.026319
0.97518 0.025994
0.78109 0.039241
0.94979 0.038644
0.97511 0.025962
0.77114 0.038466
0.96939 0.024887
0.84883 0.038809
0.96806 0.02477
0.97048 0.024991
0.96506 0.024582
0.65556 0.032625
0.95739 0.038959
0.70086 0.038844
0.95555 0.024205
0.96073 0.024361
0.95862 0.024298
0.65582 0.028646
0.93528 0.038883
0.66936 0.034068
0.89441 0.039291
0.95077 0.024262
0.67403 0.039143
0.86457 0.038615
0.72012 0.039501
0.93296 0.025464
0.93087 0.024215
0.93377 0.025516
0.68002 0.039498
0.94146 0.026494
0.67945 0.036753
0.94555 0.027476
0.9442 0.026963
0.9455 0.027451
0.68016 0.036337
0.95002 0.029061
0.69135 0.037143
0.82901 0.037881
0.94917 0.028801
0.95433 0.03248
0.69258 0.03529
0.79932 0.037683
0.68965 0.030652
0.93728 0.035416
0.94844 0.034089
0.93931 0.035827
0.69484 0.029162
0.73819 0.038873
0.69662 0.023418
0.73269 0.038323
0.92572 0.034241
0.92379 0.033875
0.70473 0.027083
0.92077 0.033685
0.71403 0.026497
0.74178 0.039365
0.91836 0.033371
0.91407 0.032846
0.72615 0.037166
0.75693 0.038795
0.72448 0.024348
0.81041 0.03883
0.90795 0.031694
0.91132 0.031907
0.74085 0.033369
0.91046 0.031611
0.75425 0.035219
0.78007 0.037983
0.91069 0.031685
0.90957 0.031192
0.74055 0.026592
0.80915 0.038282
0.7517 0.026287
0.77896 0.03579
0.90468 0.031152
0.768 0.030068
0.79515 0.038253
0.75942 0.025444
0.79226 0.03766
0.88239 0.039785
0.87297 0.039941
0.77313 0.027363
0.80163 0.034248
0.78122 0.026753
0.81916 0.038801
0.87053 0.038947
0.87157 0.039881
0.78824 0.028856
0.8732 0.039899
0.81376 0.03411
0.81823 0.038731
0.87445 0.039817
0.88184 0.039444
0.81468 0.03235
0.84338 0.035196
0.81946 0.032323
0.83579 0.030021
0.87885 0.037168
0.87569 0.035747
0.81758 0.027038
0.84051 0.031656
0.82591 0.022899
0.85525 0.031118
0.87322 0.03319
0.87366 0.030617
0.84163 0.024585
0.86049 0.028545
0.85 0.023254
0.87638 0.025271
0.87364 0.028276
0.87398 0.027064
0.86688 0.022313
0.88283 0.02393
0.94896 0.020336
0.94842 0.022083
