348
0.061349 0.02087
0.042858 0.02449
0.11061 0.020607
0.062293 0.025135
0.030232 0.024469
0.063025 0.025146
0.13264 0.021007
0.14054 0.02304
0.16343 0.021914
0.099144 0.028468
0.095034 0.027216
0.099541 0.028664
0.17775 0.025312
0.16731 0.027158
0.18127 0.028535
0.1148 0.027983
0.1064 0.028748
0.11346 0.028007
0.18689 0.031554
0.11783 0.028712
0.19183 0.029751
0.16816 0.040561
0.11667 0.029072
0.11054 0.030646
0.18844 0.03419
0.11063 0.031219
0.21119 0.025933
0.18199 0.039932
0.10833 0.031547
0.11554 0.030904
0.21929 0.029759
0.12572 0.03196
0.22672 0.027611
0.18136 0.040384
0.12559 0.031769
0.12178 0.031555
0.23313 0.025257
0.11204 0.032164
0.24326 0.026928
0.21729 0.038036
0.10923 0.033137
0.25033 0.021769
0.090865 0.032131
0.25638 0.026571
0.22832 0.037697
0.089655 0.031066
0.25756 0.030476
0.09237 0.033714
0.27057 0.023741
0.10621 0.03419
0.10364 0.034445
0.2747 0.0277
0.23451 0.039416
0.2741 0.02992
0.24474 0.039901
0.1258 0.037619
0.29006 0.028295
0.25073 0.039874
0.29416 0.030493
0.11773 0.034291
0.12279 0.035712
0.11912 0.03439
0.30172 0.030904
0.10815 0.035544
0.31908 0.025814
0.10221 0.036046
0.10812 0.035543
0.10211 0.036085
0.31088 0.029968
0.08617 0.030553
0.31289 0.032208
0.23106 0.040575
0.092752 0.036611
0.078255 0.029849
0.33275 0.027298
0.057199 0.032422
0.33735 0.026867
0.18504 0.040446
0.061348 0.031964
0.047191 0.033301
0.34024 0.02668
0.12605 0.039807
0.33046 0.039608
0.21306 0.039808
0.040868 0.031405
0.031603 0.028066
0.29329 0.037543
0.14143 0.040529
0.33917 0.036201
0.14808 0.04028
0.027734 0.028573
0.026333 0.031766
0.28668 0.037285
0.062175 0.034829
0.35353 0.028712
0.031136 0.036967
0.028432 0.035467
0.031197 0.037066
0.31713 0.038453
0.046599 0.035599
0.1962 0.038762
0.059197 0.039279
0.031372 0.037291
0.032405 0.038502
0.35094 0.036439
0.032978 0.039557
0.34768 0.03718
0.072997 0.033079
0.033813 0.040249
0.35206 0.038351
0.043463 0.036833
0.3588 0.037787
0.072169 0.034041
0.035321 0.040501
0.3587 0.039984
0.037785 0.040659
0.32515 0.039876
0.092405 0.039648
0.040079 0.040794
0.044278 0.041439
0.30536 0.037778
0.12545 0.039955
0.36506 0.027439
0.076592 0.037932
0.10726 0.040768
0.069214 0.038765
0.31399 0.038327
0.36539 0.028654
0.27234 0.039271
0.37227 0.022613
0.37165 0.026911
0.36627 0.034459
0.081483 0.039824
0.37292 0.033857
0.27711 0.038921
0.066014 0.039163
0.064697 0.039401
0.38938 0.031865
0.3839 0.034812
0.36682 0.039098
0.3719 0.036264
0.39593 0.038959
0.3956 0.039092
0.37827 0.038977
0.37185 0.037282
0.37914 0.039074
0.41138 0.040579
0.41193 0.021955
0.42068 0.02405
0.43537 0.020687
0.45929 0.02167
0.39728 0.02573
0.44057 0.023191
0.40393 0.032773
0.40472 0.03474
0.43557 0.029657
0.45379 0.022187
0.43428 0.036623
0.43848 0.037598
0.44641 0.030104
0.45036 0.023787
0.43004 0.038975
0.44149 0.038581
0.4439 0.027455
0.4486 0.027724
0.442 0.038483
0.45312 0.038393
0.45729 0.025851
0.45562 0.031499
0.45297 0.038527
0.45363 0.026501
0.49356 0.021086
0.47736 0.021046
0.55363 0.020302
0.51512 0.022345
0.53598 0.024366
0.46562 0.021555
0.50032 0.028672
0.47584 0.023518
0.47379 0.024233
0.52205 0.029194
0.5269 0.032455
0.46968 0.024544
0.48239 0.027285
0.48859 0.032295
0.51531 0.03444
0.47089 0.027221
0.47993 0.031505
0.48158 0.03501
0.51459 0.037523
0.47855 0.03161
0.46832 0.029132
0.47795 0.035532
0.45999 0.037736
0.46342 0.027867
0.48877 0.035233
0.56998 0.021004
0.57176 0.025512
0.59706 0.026711
0.68421 0.038625
0.57735 0.031674
0.64663 0.037775
0.57713 0.034788
0.54247 0.031607
0.90374 0.041508
0.55267 0.032515
0.54791 0.034762
0.97119 0.037545
0.97114 0.03019
0.5384 0.036469
0.55864 0.035779
0.91705 0.040671
0.61911 0.033678
0.52022 0.03705
0.4599 0.037746
0.62777 0.036703
0.57841 0.035009
0.61106 0.028865
0.96642 0.039779
0.65352 0.036604
0.92388 0.038641
0.96398 0.025523
0.97487 0.026718
0.96835 0.027645
0.96971 0.028589
0.87274 0.035599
0.60033 0.033344
0.62116 0.028247
0.97604 0.027249
0.64733 0.036418
0.97636 0.027296
0.97633 0.027396
0.97621 0.027103
0.61837 0.025579
0.97567 0.026681
0.76917 0.036503
0.95101 0.038403
0.97561 0.026647
0.75952 0.038587
0.97048 0.025446
0.85243 0.037426
0.96929 0.025277
0.97146 0.025563
0.96659 0.024948
0.64356 0.031721
0.95877 0.038922
0.68847 0.038612
0.95766 0.024203
0.96269 0.024548
0.96082 0.024409
0.64253 0.027986
0.93526 0.038487
0.65692 0.032859
0.8989 0.041812
0.95254 0.024084
0.66358 0.036666
0.87022 0.036277
0.70755 0.038687
0.93358 0.0254
0.93156 0.024207
0.93436 0.025431
0.67129 0.038279
0.94259 0.026149
0.66998 0.035453
0.94696 0.026934
0.94552 0.026502
0.9469 0.026912
0.67049 0.035217
0.95179 0.028649
0.68102 0.037567
0.83357 0.036256
0.95084 0.028308
0.95609 0.032209
0.68154 0.035678
0.7937 0.033504
0.6786 0.03116
0.93788 0.034683
0.94979 0.033124
0.94026 0.034933
0.68273 0.029536
0.72574 0.03854
0.68429 0.023617
0.71912 0.038403
0.92587 0.035191
0.92405 0.034977
0.6923 0.026751
0.92113 0.035085
0.70268 0.025945
0.73007 0.03823
0.91907 0.035002
0.91608 0.034805
0.71438 0.037278
0.74647 0.039727
0.71371 0.024391
0.80777 0.033552
0.9111 0.033901
0.91385 0.033989
0.72976 0.032473
0.91316 0.033721
0.74372 0.036114
0.76789 0.035433
0.91334 0.033788
0.91244 0.033297
0.7299 0.026179
0.80646 0.033329
0.7413 0.026673
0.76674 0.033683
0.90839 0.033132
0.75594 0.030585
0.78822 0.033382
0.7481 0.026021
0.78414 0.033066
0.88819 0.041063
0.87963 0.039404
0.76101 0.027363
0.79588 0.030791
0.76972 0.025797
0.82255 0.034703
0.87669 0.037178
0.87797 0.038756
0.77888 0.026792
0.87986 0.03927
0.81189 0.030002
0.82048 0.03416
0.88119 0.039285
0.88771 0.04019
0.81324 0.028993
0.84726 0.03317
0.82118 0.02985
0.83846 0.029856
0.88519 0.037322
0.88263 0.035455
0.81765 0.025581
0.84406 0.030641
0.82814 0.02255
0.86016 0.029836
0.88002 0.03271
0.88052 0.030321
0.84452 0.024169
0.86571 0.027582
0.85356 0.022886
0.88325 0.025305
0.88045 0.028051
0.88083 0.026904
0.87269 0.022106
0.88896 0.024239
0.9506 0.020316
0.95003 0.021947
