348
0.066345 0.020828
0.044948 0.023884
0.11809 0.020515
0.067216 0.024958
0.030688 0.024213
0.067941 0.025032
0.14148 0.020942
0.15036 0.022611
0.17668 0.021769
0.10277 0.026232
0.097067 0.025804
0.10336 0.026343
0.19137 0.024818
0.18088 0.0269
0.19571 0.027342
0.12223 0.027138
0.11314 0.026989
0.12102 0.027105
0.20355 0.029233
0.12603 0.028072
0.20907 0.028064
0.18987 0.041488
0.1246 0.028299
0.11812 0.029032
0.20841 0.031339
0.11824 0.029538
0.229 0.025322
0.20504 0.036376
0.1156 0.029305
0.12334 0.029818
0.23939 0.027525
0.13553 0.030579
0.24904 0.026968
0.20654 0.038949
0.13531 0.03042
0.13141 0.030817
0.25523 0.025653
0.12012 0.030721
0.26429 0.027888
0.23655 0.03394
0.11737 0.03076
0.27044 0.021979
0.093179 0.03069
0.27579 0.028315
0.25022 0.035797
0.091598 0.030707
0.27653 0.033167
0.095676 0.031122
0.28664 0.025571
0.11504 0.031631
0.11266 0.031571
0.28911 0.032227
0.25716 0.041154
0.28874 0.035535
0.26683 0.043579
0.13824 0.034799
0.29823 0.031717
0.27217 0.04502
0.30155 0.033682
0.12757 0.033144
0.13455 0.034113
0.12931 0.03331
0.30794 0.033663
0.1175 0.032659
0.31954 0.028143
0.1122 0.032636
0.11747 0.032658
0.11208 0.032637
0.31472 0.035175
0.088213 0.032024
0.3159 0.038024
0.25579 0.045863
0.098247 0.032447
0.081934 0.03201
0.33107 0.027794
0.062972 0.031067
0.33609 0.027458
0.21363 0.041501
0.067011 0.031109
0.050403 0.030782
0.33921 0.027691
0.14219 0.039285
0.32837 0.040988
0.23592 0.041918
0.041792 0.029866
0.031715 0.027501
0.30189 0.045794
0.16299 0.038982
0.33905 0.03807
0.17519 0.04016
0.027768 0.028207
0.026566 0.031467
0.29646 0.048011
0.070299 0.034066
0.34843 0.03084
0.033238 0.036389
0.029703 0.035442
0.033342 0.036468
0.31702 0.048505
0.051192 0.032866
0.22516 0.041725
0.070646 0.037856
0.033625 0.036641
0.035315 0.037526
0.34633 0.041483
0.036488 0.0384
0.34322 0.049871
0.079462 0.034556
0.037921 0.039001
0.34585 0.049471
0.048357 0.034412
0.35119 0.039735
0.079487 0.035504
0.040058 0.039031
0.34929 0.051772
0.043929 0.038836
0.3222 0.051855
0.10297 0.034777
0.046571 0.038705
0.052 0.038489
0.31173 0.050566
0.14208 0.040269
0.36093 0.029041
0.084326 0.041587
0.12142 0.040562
0.082211 0.045085
0.31579 0.052537
0.36183 0.030897
0.28854 0.052991
0.37741 0.023404
0.37615 0.029952
0.36667 0.039456
0.089392 0.042806
0.38089 0.036364
0.29099 0.052977
0.080539 0.044931
0.07977 0.044954
0.39749 0.031715
0.39444 0.035379
0.37174 0.047823
0.3793 0.045187
0.40269 0.036808
0.40495 0.038077
0.39998 0.040384
0.41517 0.044109
0.4245 0.042508
0.43512 0.041407
0.42689 0.021454
0.44056 0.022853
0.45973 0.020521
0.49283 0.020901
0.4078 0.024011
0.46583 0.022437
0.41927 0.029081
0.41954 0.030548
0.45643 0.027428
0.48255 0.021355
0.44622 0.03627
0.4603 0.041962
0.46321 0.028667
0.47787 0.022511
0.45252 0.04268
0.48464 0.047971
0.46775 0.025665
0.47262 0.025557
0.48441 0.047669
0.48923 0.057857
0.48806 0.02333
0.46959 0.029604
0.48924 0.059899
0.48092 0.024075
0.55427 0.02097
0.535 0.020629
0.62702 0.020328
0.57751 0.022233
0.6026 0.023018
0.50789 0.020707
0.56392 0.028158
0.53228 0.022005
0.52783 0.022259
0.5808 0.028481
0.58212 0.031143
0.51784 0.022046
0.54447 0.025287
0.56355 0.034703
0.57692 0.036871
0.5211 0.02344
0.55142 0.029927
0.55028 0.043642
0.52543 0.049177
0.54741 0.028976
0.51403 0.024026
0.54361 0.04231
0.49053 0.05734
0.50228 0.02378
0.51259 0.047036
0.63959 0.021096
0.64152 0.026029
0.65782 0.032705
0.72462 0.047249
0.64524 0.034642
0.68925 0.046035
0.63592 0.039577
0.60374 0.028153
0.92541 0.046748
0.61016 0.030073
0.59794 0.032436
0.97436 0.051047
0.97522 0.038472
0.58644 0.036212
0.58935 0.03911
0.93721 0.048166
0.67019 0.046029
0.57023 0.043174
0.49052 0.057518
0.62224 0.044254
0.59524 0.03988
0.66584 0.035331
0.96924 0.055774
0.69432 0.045277
0.9428 0.047259
0.97112 0.030141
0.97724 0.032455
0.97374 0.033883
0.97446 0.035557
0.87836 0.040366
0.65892 0.045268
0.67077 0.035473
0.97787 0.03344
0.68935 0.042057
0.97805 0.033528
0.97803 0.033713
0.97796 0.033169
0.67014 0.029904
0.97767 0.032388
0.78348 0.046794
0.96012 0.056544
0.97764 0.032324
0.77935 0.046755
0.97487 0.029855
0.84911 0.040575
0.97422 0.029583
0.97539 0.03012
0.97271 0.02902
0.68637 0.035996
0.96421 0.054821
0.72692 0.045653
0.96772 0.027778
0.97036 0.028405
0.96928 0.028144
0.6853 0.031258
0.95009 0.049357
0.69585 0.037833
0.92201 0.045201
0.96507 0.027297
0.70121 0.039317
0.87493 0.039061
0.7367 0.045967
0.95439 0.029369
0.95317 0.026986
0.95487 0.02949
0.71385 0.040833
0.95909 0.030749
0.70833 0.036872
0.9617 0.032361
0.96074 0.031601
0.96166 0.032322
0.70896 0.036487
0.96461 0.035384
0.7202 0.039301
0.83484 0.043619
0.96411 0.034822
0.96591 0.041578
0.71951 0.037139
0.80899 0.045093
0.71469 0.031782
0.95572 0.043918
0.9622 0.044257
0.95744 0.044129
0.71697 0.030278
0.75531 0.04673
0.71811 0.023973
0.75258 0.045969
0.94687 0.042014
0.94607 0.041168
0.72563 0.028862
0.94426 0.040165
0.73229 0.029138
0.75706 0.043633
0.94315 0.039641
0.94149 0.03893
0.74637 0.036582
0.76426 0.042429
0.7396 0.024974
0.81421 0.044014
0.93745 0.037825
0.94007 0.037775
0.75628 0.03609
0.93953 0.037501
0.76315 0.036085
0.78442 0.040215
0.93968 0.037566
0.93899 0.037109
0.75597 0.028062
0.81374 0.0424
0.76313 0.026975
0.78473 0.037777
0.93563 0.036528
0.77985 0.032581
0.80596 0.038729
0.77278 0.025288
0.80221 0.036533
0.9071 0.039686
0.89676 0.038691
0.78404 0.029607
0.81028 0.037145
0.79023 0.027441
0.82677 0.040454
0.88912 0.038305
0.89368 0.037308
0.79841 0.028165
0.89813 0.037218
0.8191 0.03371
0.82595 0.037412
0.90011 0.03727
0.91094 0.03594
0.82061 0.031944
0.84761 0.03315
0.82783 0.032294
0.84072 0.032397
0.91045 0.034374
0.90833 0.032891
0.82593 0.026968
0.84585 0.031025
0.83385 0.023342
0.86361 0.027952
0.90668 0.031035
0.91041 0.029829
0.84651 0.024255
0.86988 0.026809
0.85617 0.022636
0.91626 0.025838
0.91238 0.02824
0.91321 0.027211
0.88342 0.022554
0.9205 0.024816
0.96399 0.020563
0.96364 0.023483
