348
0.07452 0.020661
0.049833 0.023372
0.13758 0.020538
0.075734 0.023903
0.03318 0.023445
0.076675 0.023912
0.16218 0.020929
0.17047 0.022767
0.19588 0.021787
0.1247 0.027201
0.11974 0.025854
0.12516 0.0274
0.21129 0.024684
0.1999 0.026802
0.21542 0.027398
0.14227 0.027104
0.13292 0.027692
0.14069 0.027118
0.22207 0.030366
0.14587 0.027764
0.22748 0.029197
0.20268 0.039027
0.14451 0.028081
0.13763 0.029437
0.22426 0.032935
0.13779 0.029949
0.2468 0.025607
0.21724 0.037711
0.13531 0.03019
0.14329 0.02971
0.25566 0.028635
0.15493 0.03095
0.26426 0.026774
0.21652 0.037889
0.15476 0.030759
0.15044 0.030296
0.27125 0.024608
0.13943 0.030807
0.28302 0.026348
0.25208 0.036098
0.1365 0.031648
0.29029 0.021757
0.1151 0.029421
0.2964 0.026624
0.26635 0.035698
0.1133 0.028436
0.298 0.030697
0.11727 0.030884
0.30971 0.023799
0.13328 0.032496
0.13042 0.032696
0.31378 0.027809
0.27387 0.037317
0.31342 0.03009
0.28683 0.03864
0.15589 0.036277
0.33049 0.028249
0.29365 0.039378
0.33489 0.030575
0.14648 0.032743
0.1522 0.034028
0.14799 0.032834
0.34197 0.03148
0.1356 0.033736
0.35887 0.025244
0.129 0.034106
0.13556 0.033733
0.12889 0.034137
0.35033 0.030062
0.10832 0.027865
0.35254 0.032062
0.2698 0.037905
0.11814 0.033317
0.096762 0.027044
0.37577 0.026177
0.069094 0.029425
0.38099 0.026343
0.22092 0.038363
0.074494 0.02912
0.055344 0.029907
0.38366 0.026508
0.15645 0.037901
0.37338 0.036804
0.24709 0.037864
0.047175 0.028604
0.034946 0.026201
0.33667 0.038185
0.17247 0.038673
0.3824 0.03576
0.1801 0.038291
0.029962 0.026655
0.028148 0.029134
0.33131 0.037271
0.075563 0.031353
0.39606 0.028755
0.033708 0.033109
0.030545 0.032017
0.03377 0.033185
0.35784 0.03704
0.054227 0.031637
0.23261 0.038873
0.071803 0.034819
0.033954 0.033358
0.035039 0.034288
0.3929 0.036691
0.035572 0.035105
0.38982 0.037872
0.089417 0.029652
0.036453 0.035601
0.39368 0.03852
0.049633 0.032739
0.40157 0.037442
0.088309 0.030414
0.038175 0.035752
0.40142 0.039371
0.040893 0.035839
0.36638 0.036896
0.11817 0.035743
0.043989 0.035877
0.050004 0.036151
0.34629 0.037675
0.1558 0.037857
0.40847 0.027292
0.094735 0.032922
0.13522 0.037936
0.084365 0.034075
0.35435 0.037614
0.40882 0.028502
0.31449 0.039006
0.41522 0.022636
0.41465 0.026984
0.40997 0.034303
0.10198 0.033798
0.41628 0.03416
0.32084 0.037589
0.080328 0.034503
0.078703 0.034568
0.43213 0.031544
0.42713 0.034848
0.41073 0.03885
0.41541 0.036644
0.43828 0.037188
0.43788 0.0373
0.42202 0.038749
0.41542 0.037733
0.42284 0.038718
0.45756 0.039291
0.4584 0.021822
0.46691 0.024157
0.48146 0.020651
0.50729 0.021704
0.44092 0.025003
0.48712 0.022954
0.44886 0.030785
0.44964 0.032712
0.48171 0.029152
0.5014 0.022173
0.47953 0.035847
0.48406 0.036289
0.49389 0.029241
0.4979 0.023572
0.47473 0.038164
0.48848 0.037324
0.49105 0.026895
0.49608 0.027133
0.48921 0.037269
0.5022 0.038647
0.50531 0.025921
0.50386 0.031621
0.50207 0.038712
0.50123 0.026452
0.53882 0.021217
0.52489 0.02112
0.59405 0.02032
0.55905 0.022593
0.57824 0.024964
0.5129 0.021565
0.54592 0.029489
0.52329 0.023753
0.52108 0.024482
0.56542 0.029871
0.57083 0.034144
0.51682 0.024754
0.52936 0.027831
0.53579 0.033787
0.56281 0.035981
0.51804 0.027617
0.52811 0.032382
0.53049 0.036079
0.56372 0.039038
0.52691 0.032492
0.51559 0.029434
0.52748 0.036593
0.5091 0.038294
0.51081 0.027934
0.53681 0.036935
0.60792 0.021236
0.60922 0.026825
0.62767 0.030234
0.707 0.039542
0.61417 0.03553
0.66613 0.038142
0.61509 0.040009
0.58286 0.032924
0.90501 0.040078
0.59388 0.033324
0.58899 0.036635
0.96895 0.035699
0.97005 0.029096
0.5807 0.038555
0.59924 0.038527
0.92131 0.039814
0.64279 0.03638
0.5672 0.038364
0.50904 0.038311
0.65062 0.039277
0.61659 0.040351
0.63643 0.032176
0.96231 0.039152
0.6749 0.035334
0.92814 0.038948
0.96205 0.025442
0.97426 0.025995
0.96695 0.027037
0.96847 0.02774
0.87315 0.037817
0.63023 0.040343
0.64502 0.029471
0.97556 0.026469
0.6672 0.036476
0.97593 0.026512
0.97588 0.026601
0.97576 0.026339
0.64245 0.026744
0.97515 0.025963
0.78932 0.039639
0.94915 0.040933
0.97508 0.025932
0.77968 0.040293
0.96933 0.024868
0.8577 0.039135
0.968 0.024786
0.97043 0.024965
0.96498 0.024681
0.6646 0.032264
0.95429 0.04023
0.71132 0.039503
0.95584 0.024542
0.96061 0.024572
0.95858 0.024562
0.66419 0.028455
0.93908 0.040751
0.67946 0.031714
0.8993 0.040151
0.9516 0.024729
0.68683 0.036658
0.87073 0.038697
0.73026 0.040023
0.93563 0.026001
0.93372 0.024612
0.93637 0.026067
0.69476 0.039017
0.94335 0.027242
0.69353 0.036133
0.94697 0.028397
0.94578 0.027802
0.94693 0.028368
0.69402 0.035898
0.95093 0.030123
0.70353 0.039302
0.83841 0.038694
0.95018 0.02987
0.95388 0.033546
0.70413 0.037031
0.80771 0.038581
0.70103 0.032012
0.94041 0.037016
0.94882 0.035846
0.94198 0.037541
0.7052 0.030019
0.74691 0.036779
0.70671 0.023687
0.73997 0.038128
0.92935 0.035602
0.92752 0.035255
0.71434 0.02703
0.9247 0.03513
0.72439 0.026283
0.75189 0.036406
0.92255 0.034874
0.91864 0.034411
0.73536 0.038139
0.7691 0.039521
0.73454 0.024598
0.81776 0.039633
0.91316 0.033108
0.91616 0.033428
0.75135 0.031235
0.9154 0.033116
0.76676 0.035276
0.7882 0.03844
0.9156 0.033194
0.9146 0.032671
0.7513 0.025548
0.81653 0.039491
0.76427 0.026253
0.78726 0.036431
0.91023 0.032306
0.77841 0.03148
0.80381 0.038871
0.77105 0.026117
0.80102 0.03835
0.88694 0.040187
0.87838 0.039991
0.78286 0.028163
0.8098 0.035222
0.79094 0.026826
0.82791 0.039094
0.87625 0.038828
0.87709 0.039867
0.79791 0.028842
0.87859 0.039935
0.82158 0.034354
0.8267 0.038924
0.87976 0.039855
0.88645 0.039801
0.82261 0.032616
0.85205 0.035171
0.8278 0.03263
0.84329 0.030329
0.88388 0.037389
0.88159 0.035871
0.8257 0.027245
0.84851 0.03181
0.83384 0.02301
0.86265 0.031417
0.8797 0.033265
0.88057 0.030725
0.8491 0.024644
0.8673 0.028693
0.85731 0.023341
0.88325 0.025363
0.88066 0.028363
0.881 0.027144
0.87376 0.022357
0.88945 0.024064
0.94999 0.020377
0.94952 0.022343
