348
0.07494 0.020656
0.050065 0.023345
0.13836 0.020536
0.076163 0.023875
0.03328 0.023419
0.077111 0.023884
0.16304 0.020925
0.17137 0.022754
0.1969 0.021781
0.12542 0.027171
0.12045 0.025827
0.12588 0.027369
0.21235 0.024675
0.20093 0.02678
0.21648 0.027385
0.14306 0.027079
0.13368 0.027663
0.14148 0.027092
0.22314 0.030351
0.14667 0.027737
0.22855 0.029186
0.20371 0.038972
0.14531 0.028053
0.1384 0.029403
0.22534 0.032917
0.13856 0.029912
0.24789 0.025606
0.21831 0.037682
0.13607 0.030152
0.14408 0.029676
0.25675 0.028638
0.15576 0.03091
0.26534 0.026779
0.21758 0.037859
0.15559 0.03072
0.15126 0.030261
0.27233 0.024614
0.14021 0.030768
0.28408 0.02636
0.25317 0.036101
0.13727 0.031605
0.29134 0.021762
0.11578 0.029373
0.29743 0.026645
0.26743 0.035712
0.11397 0.028393
0.29903 0.030732
0.11796 0.030832
0.31069 0.023816
0.13404 0.032449
0.13116 0.032647
0.31474 0.027852
0.27494 0.03734
0.31438 0.030145
0.28788 0.03868
0.15673 0.036217
0.33132 0.028325
0.29469 0.039433
0.33569 0.030688
0.14729 0.0327
0.15303 0.03398
0.14879 0.032791
0.34269 0.03163
0.13637 0.033685
0.35932 0.025359
0.12974 0.03405
0.13633 0.033682
0.12963 0.034081
0.35092 0.030224
0.10897 0.027821
0.35309 0.032274
0.27088 0.037924
0.11883 0.033253
0.097337 0.026999
0.37576 0.02637
0.069475 0.029357
0.38082 0.026552
0.22199 0.038335
0.074914 0.029056
0.055621 0.029829
0.3834 0.026729
0.15729 0.037834
0.37343 0.037316
0.24818 0.037862
0.047385 0.028535
0.035059 0.026154
0.33745 0.03839
0.17338 0.038587
0.38219 0.036288
0.18105 0.038208
0.030037 0.026605
0.02821 0.029066
0.33214 0.037436
0.075991 0.031273
0.39537 0.028985
0.033812 0.033009
0.030625 0.031926
0.033875 0.033084
0.35831 0.0374
0.054495 0.031544
0.23369 0.038856
0.072204 0.034714
0.03406 0.033256
0.035153 0.034178
0.39231 0.037218
0.03569 0.034989
0.38935 0.038516
0.089941 0.029586
0.036577 0.035481
0.39307 0.03908
0.049864 0.032636
0.40072 0.037735
0.088826 0.030343
0.038312 0.035629
0.40057 0.039701
0.041052 0.035714
0.36663 0.03735
0.11887 0.035668
0.044173 0.035751
0.050238 0.03602
0.34694 0.037932
0.15663 0.037791
0.40761 0.027328
0.095296 0.032838
0.13599 0.03787
0.084854 0.033978
0.35488 0.037945
0.40796 0.028539
0.31544 0.039113
0.41435 0.022616
0.41378 0.026938
0.40911 0.034338
0.10259 0.033716
0.41541 0.034021
0.32176 0.037713
0.08079 0.034402
0.079153 0.034465
0.4317 0.03114
0.42651 0.034388
0.40987 0.038869
0.41454 0.036509
0.43809 0.036697
0.43767 0.036799
0.4212 0.038355
0.41455 0.037588
0.42206 0.038295
0.45773 0.039111
0.45858 0.021807
0.4671 0.024155
0.48162 0.020653
0.50734 0.021717
0.4408 0.024874
0.48726 0.022962
0.44888 0.030595
0.44968 0.032499
0.48187 0.029176
0.50149 0.022185
0.47969 0.035888
0.48421 0.036333
0.49401 0.029277
0.498 0.02359
0.4749 0.038209
0.48862 0.037372
0.49118 0.026917
0.49619 0.027165
0.48935 0.037317
0.50229 0.038761
0.50537 0.025962
0.50393 0.031697
0.50215 0.038826
0.50132 0.02649
0.53825 0.021285
0.52469 0.021146
0.58907 0.020372
0.5568 0.022773
0.57534 0.025345
0.5129 0.021582
0.54481 0.030246
0.52314 0.023833
0.52099 0.024568
0.56279 0.030345
0.56782 0.03458
0.51678 0.024826
0.52904 0.028045
0.53515 0.034426
0.55939 0.036926
0.518 0.02774
0.52777 0.032705
0.52999 0.036548
0.55989 0.040119
0.52662 0.032803
0.51557 0.029564
0.52709 0.037015
0.50912 0.03844
0.51082 0.028006
0.53601 0.037775
0.60235 0.021126
0.60389 0.026064
0.6259 0.028608
0.7035 0.03986
0.60954 0.033011
0.66758 0.039051
0.61048 0.03676
0.57994 0.0344
0.90217 0.038749
0.58888 0.035569
0.58495 0.03931
0.97063 0.037662
0.97118 0.030266
0.57805 0.040289
0.59286 0.040104
0.91968 0.038124
0.64397 0.035288
0.56368 0.03918
0.50906 0.038457
0.65274 0.039113
0.61236 0.037053
0.63647 0.030797
0.96531 0.040222
0.6751 0.03638
0.92727 0.037233
0.96409 0.025687
0.97491 0.026767
0.96844 0.027741
0.96979 0.028652
0.86773 0.037663
0.62939 0.037189
0.64558 0.028961
0.97607 0.027302
0.66834 0.037356
0.97639 0.02735
0.97635 0.02745
0.97624 0.027155
0.64296 0.026261
0.9757 0.02673
0.78819 0.039922
0.95129 0.03898
0.97564 0.026695
0.779 0.039631
0.97055 0.025483
0.85231 0.040291
0.96937 0.025324
0.97152 0.025604
0.96669 0.025045
0.66548 0.032774
0.95735 0.039526
0.70827 0.039354
0.95794 0.02443
0.96282 0.024706
0.96093 0.024594
0.66476 0.028783
0.93941 0.038786
0.67916 0.032587
0.89613 0.039019
0.95325 0.024388
0.68556 0.038072
0.86495 0.038948
0.72972 0.038862
0.9356 0.025441
0.9335 0.024183
0.93642 0.0255
0.69213 0.040435
0.94412 0.026556
0.69139 0.037429
0.94813 0.027596
0.9468 0.02706
0.94808 0.02757
0.69183 0.037138
0.95251 0.029322
0.69971 0.03999
0.83527 0.039368
0.95168 0.029009
0.95613 0.032944
0.70079 0.037562
0.80574 0.039035
0.69855 0.032531
0.9409 0.035413
0.95054 0.034343
0.94273 0.035884
0.70307 0.030235
0.74587 0.038391
0.70464 0.023739
0.74055 0.03879
0.92864 0.034175
0.92662 0.033881
0.71235 0.026874
0.9235 0.0338
0.72274 0.025996
0.74978 0.038409
0.92112 0.03359
0.91687 0.03321
0.73542 0.037955
0.76603 0.038456
0.73352 0.024498
0.81543 0.040091
0.91096 0.03207
0.91421 0.032334
0.74938 0.032644
0.91338 0.032055
0.76359 0.034799
0.78706 0.038601
0.9136 0.032125
0.91253 0.031653
0.74934 0.026244
0.81425 0.039953
0.76135 0.026201
0.78603 0.036492
0.90779 0.031378
0.77677 0.031013
0.80199 0.03931
0.7687 0.02567
0.79929 0.03876
0.88285 0.039337
0.87312 0.039403
0.78127 0.028006
0.80772 0.035604
0.78919 0.026953
0.8252 0.039476
0.87095 0.038396
0.87174 0.039332
0.79603 0.02903
0.87336 0.039355
0.81914 0.034671
0.82405 0.03931
0.87465 0.039264
0.88235 0.038988
0.82014 0.03289
0.84787 0.036257
0.8252 0.032884
0.84032 0.03083
0.87965 0.036759
0.87702 0.035359
0.82318 0.027396
0.84503 0.032534
0.83117 0.023085
0.85804 0.031865
0.8752 0.032883
0.8763 0.0304
0.84579 0.024937
0.86301 0.028874
0.85346 0.023531
0.87925 0.025173
0.87646 0.028108
0.8768 0.026922
0.86951 0.022317
0.88576 0.023873
0.95147 0.020343
0.95095 0.022124
