348
0.077545 0.020641
0.05165 0.023181
0.13828 0.020635
0.078811 0.023796
0.03398 0.023248
0.07979 0.02381
0.15749 0.021043
0.16563 0.02291
0.191 0.021721
0.12615 0.027626
0.12142 0.026228
0.12659 0.027838
0.2061 0.025105
0.19536 0.026795
0.20978 0.028131
0.14197 0.028804
0.134 0.028627
0.14078 0.028681
0.21565 0.030571
0.14467 0.02994
0.22135 0.028954
0.19886 0.039301
0.14365 0.030248
0.13844 0.031155
0.21711 0.032952
0.13867 0.031783
0.24246 0.025261
0.21098 0.039303
0.1364 0.031747
0.14286 0.032164
0.25186 0.028191
0.15109 0.033574
0.26091 0.02673
0.21032 0.039673
0.15101 0.033359
0.148 0.03326
0.26769 0.024566
0.14011 0.033019
0.27978 0.02644
0.2459 0.035192
0.13763 0.033604
0.28663 0.021822
0.11714 0.030064
0.29238 0.026965
0.26156 0.035723
0.11547 0.029027
0.294 0.03123
0.1189 0.031612
0.3052 0.024043
0.13457 0.034075
0.1317 0.033834
0.30906 0.028479
0.26897 0.037109
0.30879 0.030959
0.28308 0.039011
0.15066 0.0402
0.3246 0.028485
0.2892 0.040314
0.329 0.030869
0.14506 0.036328
0.1487 0.037972
0.14605 0.036482
0.33622 0.031957
0.13696 0.035888
0.35184 0.025752
0.13028 0.035116
0.13693 0.035878
0.13017 0.035129
0.34389 0.030629
0.11083 0.028454
0.34616 0.033015
0.26466 0.03777
0.11942 0.034205
0.10004 0.027275
0.36668 0.026664
0.071887 0.029065
0.37127 0.026714
0.21368 0.039282
0.077518 0.028851
0.0575 0.029393
0.37401 0.026949
0.15072 0.041894
0.36458 0.03853
0.23988 0.036741
0.048828 0.028108
0.035853 0.025846
0.33072 0.03869
0.1643 0.039854
0.37237 0.036855
0.17171 0.038792
0.030566 0.026275
0.028642 0.028612
0.32505 0.037705
0.078631 0.031037
0.38556 0.030296
0.03454 0.032358
0.031185 0.03133
0.034606 0.032429
0.35163 0.038518
0.056314 0.031021
0.22427 0.03794
0.074705 0.034318
0.034801 0.032593
0.035951 0.033469
0.38293 0.038846
0.036517 0.034239
0.38022 0.039653
0.092672 0.029669
0.037451 0.034706
0.38356 0.040934
0.051438 0.032014
0.38999 0.04023
0.091547 0.030385
0.039278 0.034847
0.38982 0.041813
0.04216 0.034928
0.35876 0.038694
0.11915 0.036804
0.045446 0.034962
0.051832 0.035237
0.34071 0.038577
0.15032 0.041988
0.39603 0.027892
0.097934 0.033234
0.13692 0.040548
0.087503 0.033881
0.34835 0.038898
0.39636 0.029168
0.30924 0.040501
0.40273 0.022686
0.40215 0.027097
0.39743 0.035211
0.10466 0.034549
0.40374 0.034734
0.31442 0.038955
0.083451 0.03421
0.081821 0.034235
0.41844 0.033364
0.41403 0.036531
0.39803 0.039834
0.40275 0.037359
0.4234 0.039565
0.42305 0.039729
0.40963 0.040142
0.40272 0.038561
0.41036 0.040204
0.44183 0.038266
0.4437 0.021722
0.45248 0.024281
0.4654 0.020746
0.49028 0.021729
0.42603 0.025554
0.47029 0.023246
0.43329 0.0309
0.43393 0.032747
0.46554 0.030463
0.48417 0.022201
0.46239 0.038155
0.46578 0.038628
0.47663 0.029563
0.48069 0.023608
0.45802 0.039829
0.46929 0.0392
0.47392 0.027372
0.47886 0.027251
0.47002 0.039059
0.48466 0.038681
0.48825 0.025975
0.48674 0.031696
0.48449 0.038726
0.48401 0.026539
0.51884 0.021351
0.50672 0.021256
0.57168 0.020323
0.53766 0.022747
0.55659 0.025027
0.49555 0.021624
0.52517 0.03022
0.50534 0.02414
0.50341 0.024873
0.54347 0.030193
0.54849 0.034143
0.49939 0.025111
0.51069 0.028951
0.51697 0.035805
0.53941 0.03676
0.50055 0.028239
0.51014 0.034181
0.51285 0.038681
0.53961 0.039881
0.50908 0.034241
0.49834 0.030056
0.51009 0.03888
0.49253 0.038521
0.49345 0.028139
0.51805 0.039193
0.58719 0.021037
0.58875 0.025668
0.60961 0.029551
0.68886 0.038628
0.59552 0.033545
0.64958 0.038681
0.59747 0.037701
0.56142 0.033268
0.89998 0.038919
0.57114 0.033594
0.56615 0.037472
0.97025 0.036984
0.97082 0.029865
0.55885 0.039096
0.57582 0.037754
0.91758 0.037786
0.62485 0.035235
0.54361 0.03895
0.49247 0.03853
0.6327 0.038645
0.59947 0.038088
0.61886 0.031289
0.96487 0.039618
0.65897 0.036131
0.92573 0.036673
0.96344 0.025476
0.9747 0.0265
0.96796 0.027426
0.96937 0.02829
0.86722 0.037511
0.61224 0.038888
0.62824 0.028628
0.97591 0.027014
0.65092 0.037318
0.97624 0.02706
0.9762 0.027157
0.97609 0.026873
0.6255 0.026176
0.97553 0.026465
0.7778 0.040005
0.95062 0.038625
0.97547 0.026431
0.76771 0.038259
0.97016 0.025257
0.85011 0.037341
0.96893 0.025103
0.97118 0.025384
0.96615 0.024846
0.64834 0.032718
0.95675 0.039107
0.69385 0.038268
0.95698 0.024286
0.96213 0.024537
0.96006 0.024433
0.64828 0.028711
0.93853 0.038329
0.66308 0.03251
0.8943 0.038897
0.9522 0.024263
0.67018 0.037577
0.86497 0.038373
0.71559 0.037813
0.93423 0.02528
0.93203 0.024049
0.93508 0.025342
0.6768 0.039488
0.94291 0.026422
0.67576 0.036568
0.94699 0.027475
0.94564 0.026937
0.94694 0.027448
0.67625 0.0363
0.95145 0.029051
0.68535 0.038658
0.8274 0.036101
0.9506 0.028805
0.95523 0.032584
0.68619 0.036441
0.79375 0.038256
0.68332 0.03172
0.93994 0.035056
0.94965 0.034138
0.94175 0.035547
0.68783 0.029641
0.73535 0.037798
0.68943 0.023524
0.72942 0.037219
0.92706 0.033662
0.92494 0.033437
0.69779 0.026598
0.92166 0.03345
0.70837 0.025867
0.73843 0.038355
0.91901 0.033298
0.91475 0.033031
0.72242 0.035891
0.75234 0.03757
0.71964 0.024045
0.80517 0.038017
0.90882 0.032176
0.91208 0.032231
0.73755 0.032633
0.91125 0.031974
0.75034 0.034303
0.77684 0.038601
0.91147 0.032039
0.91039 0.031589
0.73709 0.026224
0.80377 0.037822
0.74851 0.026079
0.77583 0.036334
0.90568 0.031477
0.76535 0.029987
0.79009 0.039145
0.75647 0.025253
0.78757 0.039038
0.88119 0.039313
0.8724 0.039629
0.77039 0.027581
0.79629 0.03463
0.77845 0.027032
0.81572 0.037165
0.87028 0.038718
0.87114 0.039604
0.78492 0.029416
0.8726 0.039582
0.80955 0.033072
0.81454 0.037115
0.87374 0.039473
0.88066 0.038984
0.8107 0.03144
0.84365 0.033638
0.81603 0.031311
0.83401 0.028999
0.87801 0.036829
0.87542 0.03549
0.81393 0.026505
0.83988 0.030467
0.82315 0.022642
0.85573 0.030544
0.87338 0.033034
0.87415 0.030503
0.84074 0.024122
0.86098 0.028275
0.84987 0.023012
0.877 0.025199
0.87426 0.028187
0.8746 0.026985
0.86742 0.022302
0.88351 0.023849
0.95039 0.020336
0.94986 0.022089
